,id,game_date,home_team,away_team,home_is_winner,home_odds,away_odds,home_implied_prob,away_implied_prob,model_home_win_prob,model_away_win_prob,homediff,awaydiff,betaway,bethome,game_won,game_lost,win,loss,bet_amount,bet_win,bankroll,net_bet_win,total_won_games,total_lost_games
0,8529,2023-06-03,Los Angeles Dodgers,New York Yankees,0,110.0,-132.0,0.4761904761904761,0.5689655172413793,0.5883501524433025,0.4116498475566975,0.11215967625282636,-0.15731566968468186,True,False,1,0,0,0,125.0,0,2594.6969696969695,94.6969696969697,1.0,0.0
1,4947,2022-04-30,Texas Rangers,Atlanta Braves,1,-108.0,-114.0,0.5192307692307693,0.5327102803738317,0.4288077862725912,0.5711922137274088,-0.09042298295817808,0.03848193335357708,False,True,1,0,0,0,125.0,0,2710.4377104377104,115.74074074074075,2.0,0.0
2,7858,2023-04-15,Oakland Athletics,New York Mets,0,153.0,-185.0,0.3952569169960474,0.6491228070175439,0.4178888962375721,0.582111103762428,0.022631979241524658,-0.06701170325511585,True,False,1,0,0,0,125.0,0,2778.005278005278,67.56756756756756,3.0,0.0
3,3089,2021-07-04,Atlanta Braves,Miami Marlins,1,-189.0,165.0,0.6539792387543253,0.3773584905660377,0.6070256190296563,0.3929743809703436,-0.04695361972466894,0.015615890404305888,False,True,1,0,0,0,125.0,0,2844.142844142844,66.13756613756614,4.0,0.0
4,7081,2022-10-04,Boston Red Sox,Tampa Bay Rays,1,-105.0,-115.0,0.5121951219512195,0.5348837209302325,0.4566873733283657,0.5433126266716343,-0.05550774862285385,0.00842890574140176,False,False,0,0,0,0,0.0,0,2844.142844142844,0.0,4.0,0.0
5,3818,2021-08-29,Miami Marlins,Cincinnati Reds,1,155.0,-179.0,0.392156862745098,0.6415770609318996,0.4427623315171857,0.5572376684828143,0.050605468772087714,-0.08433939244908528,True,False,0,1,0,0,142.2071422071422,0,2701.9357019357017,0.0,4.0,1.0
6,8216,2023-05-11,Arizona Diamondbacks,San Francisco Giants,0,113.0,-135.0,0.4694835680751174,0.574468085106383,0.529870721606452,0.470129278393548,0.060387153531334614,-0.10433880671283502,True,False,1,0,0,0,142.2071422071422,0,2807.274325792844,105.33862385714237,5.0,1.0
7,4016,2021-09-12,Los Angeles Dodgers,San Diego Padres,1,-179.0,148.0,0.6415770609318996,0.4032258064516129,0.6359970374822481,0.3640029625177518,-0.005580023449651472,-0.03922284393386105,False,False,0,0,0,0,0.0,0,2807.274325792844,0.0,5.0,1.0
8,6200,2022-08-01,Cleveland Guardians,Arizona Diamondbacks,1,-145.0,122.0,0.5918367346938775,0.4504504504504504,0.6260148429892807,0.3739851570107193,0.03417810829540313,-0.07646529343973107,True,False,0,1,0,0,142.2071422071422,0,2665.067183585702,0.0,5.0,2.0
9,8401,2023-05-25,Tampa Bay Rays,Toronto Blue Jays,1,-153.0,128.0,0.6047430830039525,0.4385964912280701,0.5897524827872647,0.4102475172127354,-0.014990600216687855,-0.028348974015334705,False,False,0,0,0,0,0.0,0,2665.067183585702,0.0,5.0,2.0
10,2662,2021-06-03,Colorado Rockies,Texas Rangers,1,-112.0,-106.0,0.5283018867924528,0.5145631067961165,0.5824282786074808,0.4175717213925191,0.054126391815027985,-0.09699138540359742,True,False,0,1,0,0,133.2533591792851,0,2531.8138244064166,0.0,5.0,3.0
11,5377,2022-05-30,Los Angeles Dodgers,Pittsburgh Pirates,0,-323.0,255.0,0.7635933806146572,0.2816901408450704,0.6455869197962637,0.3544130802037363,-0.1180064608183935,0.07272293935866592,False,True,0,1,0,0,133.2533591792851,0,2398.5604652271313,0.0,5.0,4.0
12,7839,2023-04-14,Washington Nationals,Cleveland Guardians,0,130.0,-155.0,0.4347826086956521,0.6078431372549019,0.4343888571425959,0.565611142857404,-0.0003937515530562097,-0.04223199439749792,False,False,0,0,0,0,0.0,0,2398.5604652271313,0.0,5.0,4.0
13,6319,2022-08-09,Seattle Mariners,New York Yankees,1,108.0,-130.0,0.4807692307692308,0.5652173913043478,0.4306534816726534,0.5693465183273466,-0.0501157490965774,0.004129127022998835,False,False,0,0,0,0,0.0,0,2398.5604652271313,0.0,5.0,4.0
14,4905,2022-04-27,Atlanta Braves,Chicago Cubs,0,-208.0,170.0,0.6753246753246753,0.3703703703703703,0.6131010170798814,0.3868989829201186,-0.06222365824479392,0.0165286125497483,False,True,0,1,0,0,133.2533591792851,0,2265.307106047846,0.0,5.0,5.0
15,6705,2022-09-07,New York Yankees,Minnesota Twins,1,-200.0,165.0,0.6666666666666666,0.3773584905660377,0.6355021806037777,0.3644978193962223,-0.031164486062888908,-0.01286067116981543,False,False,0,0,0,0,0.0,0,2265.307106047846,0.0,5.0,5.0
16,805,2020-08-24,Tampa Bay Rays,Toronto Blue Jays,0,-222.0,190.0,0.6894409937888198,0.3448275862068966,0.639310491575641,0.360689508424359,-0.05013050221317883,0.01586192221746241,False,True,0,1,0,0,113.26535530239231,0,2152.0417507454536,0.0,5.0,6.0
17,5997,2022-07-14,Tampa Bay Rays,Boston Red Sox,1,-125.0,105.0,0.5555555555555556,0.4878048780487805,0.6181719908423252,0.3818280091576748,0.06261643528676963,-0.10597686889110569,True,False,0,1,0,0,113.26535530239231,0,2038.7763954430613,0.0,5.0,7.0
18,6987,2022-09-28,Washington Nationals,Atlanta Braves,1,170.0,-210.0,0.3703703703703703,0.6774193548387096,0.4178359471843013,0.5821640528156988,0.04746557681393099,-0.0952553020230108,True,False,0,1,0,0,113.26535530239231,0,1925.5110401406691,0.0,5.0,8.0
19,6942,2022-09-24,Baltimore Orioles,Houston Astros,0,148.0,-180.0,0.4032258064516129,0.6428571428571429,0.4265033971197046,0.5734966028802954,0.023277590668091708,-0.06936053997684755,True,False,1,0,0,0,113.26535530239231,0,1988.4362375308872,62.92519739021795,6.0,8.0
20,5388,2022-05-31,Texas Rangers,Tampa Bay Rays,1,-130.0,108.0,0.5652173913043478,0.4807692307692308,0.4637665066173414,0.5362334933826586,-0.10145088468700636,0.055464262613427795,False,True,1,0,0,0,99.42181187654437,0,2064.9145543589984,76.47831682811106,7.0,8.0
21,8308,2023-05-18,Miami Marlins,Washington Nationals,1,-148.0,124.0,0.5967741935483871,0.4464285714285714,0.6139890570711317,0.3860109429288683,0.017214863522744595,-0.06041762849970311,True,False,0,1,0,0,99.42181187654437,0,1965.492742482454,0.0,7.0,9.0
22,657,2020-08-14,Cincinnati Reds,Pittsburgh Pirates,1,-196.0,167.0,0.6621621621621622,0.3745318352059925,0.6321287966391981,0.3678712033608019,-0.030033365522964095,-0.006660631845190557,False,False,0,0,0,0,0.0,0,1965.492742482454,0.0,7.0,9.0
23,2000,2021-04-16,Oakland Athletics,Detroit Tigers,1,-182.0,157.0,0.6453900709219859,0.3891050583657587,0.6283496638481738,0.3716503361518262,-0.017040407073812047,-0.017454722213932516,False,False,0,0,0,0,0.0,0,1965.492742482454,0.0,7.0,9.0
24,7016,2022-09-30,Houston Astros,Tampa Bay Rays,0,-175.0,144.0,0.6363636363636364,0.4098360655737705,0.6204134657980107,0.3795865342019892,-0.015950170565625643,-0.030249531371781324,False,False,0,0,0,0,0.0,0,1965.492742482454,0.0,7.0,9.0
25,2113,2021-04-24,Colorado Rockies,Philadelphia Phillies,0,166.0,-192.0,0.3759398496240601,0.6575342465753424,0.4490140225897508,0.5509859774102491,0.07307417296569074,-0.1065482691650933,True,False,1,0,0,0,98.2746371241227,0,2016.6774493179346,51.18470683548058,8.0,9.0
26,5265,2022-05-22,Colorado Rockies,New York Mets,0,105.0,-125.0,0.4878048780487805,0.5555555555555556,0.4551575786123304,0.5448424213876695,-0.03264729943645006,-0.010713134167886107,False,False,0,0,0,0,0.0,0,2016.6774493179346,0.0,8.0,9.0
27,3668,2021-08-18,Washington Nationals,Toronto Blue Jays,1,155.0,-179.0,0.392156862745098,0.6415770609318996,0.4462973346826617,0.5537026653173382,0.05414047193756372,-0.08787439561456134,True,False,0,1,0,0,98.2746371241227,0,1918.4028121938118,0.0,8.0,10.0
28,4856,2022-04-23,Los Angeles Angels,Baltimore Orioles,0,-250.0,205.0,0.7142857142857143,0.3278688524590163,0.6319309487706744,0.3680690512293257,-0.08235476551503995,0.04020019877030939,False,True,0,1,0,0,98.2746371241227,0,1820.128175069689,0.0,8.0,11.0
29,5700,2022-06-23,Cincinnati Reds,Los Angeles Dodgers,0,195.0,-238.0,0.3389830508474576,0.7041420118343196,0.4179730987608753,0.5820269012391247,0.07899004791341768,-0.12211511059519486,True,False,1,0,0,0,98.2746371241227,0,1861.4200394075556,41.291864337866684,9.0,11.0
30,5402,2022-06-01,Baltimore Orioles,Seattle Mariners,1,126.0,-149.0,0.4424778761061947,0.5983935742971888,0.4260841276142644,0.5739158723857356,-0.016393748491930316,-0.024477701911453154,False,False,0,0,0,0,0.0,0,1861.4200394075556,0.0,9.0,11.0
31,6906,2022-09-21,Los Angeles Dodgers,Arizona Diamondbacks,0,-300.0,240.0,0.75,0.2941176470588235,0.6449983656407928,0.3550016343592072,-0.10500163435920717,0.06088398730038369,False,True,0,1,0,0,93.07100197037778,0,1768.3490374371777,0.0,9.0,12.0
32,6439,2022-08-18,New York Yankees,Toronto Blue Jays,0,-141.0,117.0,0.5850622406639004,0.4608294930875576,0.5734708667747145,0.4265291332252855,-0.011591373889185963,-0.03430035986227209,False,False,0,0,0,0,0.0,0,1768.3490374371777,0.0,9.0,12.0
33,5283,2022-05-24,Washington Nationals,Los Angeles Dodgers,0,195.0,-238.0,0.3389830508474576,0.7041420118343196,0.4176106792824375,0.5823893207175624,0.07862762843497989,-0.12175269111675713,True,False,1,0,0,0,93.07100197037778,0,1807.4545004499414,39.10546301276377,10.0,12.0
34,5972,2022-07-12,Los Angeles Angels,Houston Astros,0,108.0,-130.0,0.4807692307692308,0.5652173913043478,0.4207497134411117,0.5792502865588883,-0.06001951732811911,0.014032895254540545,False,True,0,1,0,0,93.07100197037778,0,1714.3834984795635,0.0,10.0,13.0
35,5553,2022-06-12,Kansas City Royals,Baltimore Orioles,0,-135.0,113.0,0.574468085106383,0.4694835680751174,0.5178307069915343,0.4821692930084656,-0.0566373781148487,0.012685724933348241,False,True,0,1,0,0,85.71917492397819,0,1628.6643235555853,0.0,10.0,14.0
36,736,2020-08-19,Miami Marlins,New York Mets,0,200.0,-233.0,0.3333333333333333,0.6996996996996997,0.4294147808289125,0.5705852191710874,0.09608144749557918,-0.1291144805286123,True,False,1,0,0,0,85.71917492397819,0,1665.45366901652,36.78934546093485,11.0,14.0
37,5601,2022-06-15,Colorado Rockies,Cleveland Guardians,0,-108.0,-112.0,0.5192307692307693,0.5283018867924528,0.4400998849173057,0.5599001150826943,-0.0791308843134636,0.031598228290241503,False,True,0,1,0,0,85.71917492397819,0,1579.7344940925418,0.0,11.0,15.0
38,2006,2021-04-17,Washington Nationals,Arizona Diamondbacks,1,-112.0,-106.0,0.5283018867924528,0.5145631067961165,0.5657879050266609,0.4342120949733391,0.03748601823420805,-0.08035101182277737,True,False,0,1,0,0,85.71917492397819,0,1494.0153191685636,0.0,11.0,16.0
39,697,2020-08-16,Arizona Diamondbacks,San Diego Padres,1,113.0,-133.0,0.4694835680751174,0.5708154506437768,0.543512465570973,0.456487534429027,0.07402889749585562,-0.1143279162147498,True,False,0,1,0,0,85.71917492397819,0,1408.2961442445853,0.0,11.0,17.0
40,2825,2021-06-15,Milwaukee Brewers,Cincinnati Reds,0,-110.0,-110.0,0.5238095238095238,0.5238095238095238,0.4994463820108927,0.5005536179891072,-0.02436314179863114,-0.02325590582041659,False,False,0,0,0,0,0.0,0,1408.2961442445853,0.0,11.0,17.0
41,6258,2022-08-05,Kansas City Royals,Boston Red Sox,0,-105.0,-115.0,0.5121951219512195,0.5348837209302325,0.4673556993508271,0.5326443006491728,-0.04483942260039242,-0.002239420281059723,False,False,0,0,0,0,0.0,0,1408.2961442445853,0.0,11.0,17.0
42,6568,2022-08-28,Washington Nationals,Cincinnati Reds,1,105.0,-125.0,0.4878048780487805,0.5555555555555556,0.4375801652684052,0.5624198347315947,-0.05022471278037527,0.006864279176039156,False,False,0,0,0,0,0.0,0,1408.2961442445853,0.0,11.0,17.0
43,2010,2021-04-17,Chicago Cubs,Atlanta Braves,1,110.0,-130.0,0.4761904761904761,0.5652173913043478,0.4677070941152609,0.532292905884739,-0.008483382075215207,-0.032924485419608795,False,False,0,0,0,0,0.0,0,1408.2961442445853,0.0,11.0,17.0
44,7001,2022-09-29,Boston Red Sox,Baltimore Orioles,1,-160.0,134.0,0.6153846153846154,0.4273504273504273,0.619617357445365,0.380382642554635,0.004232742060749528,-0.04696778479579228,False,False,0,0,0,0,0.0,0,1408.2961442445853,0.0,11.0,17.0
45,622,2020-08-11,Colorado Rockies,Arizona Diamondbacks,1,-108.0,-112.0,0.5192307692307693,0.5283018867924528,0.5883532050057438,0.4116467949942561,0.06912243577497457,-0.11665509179819672,True,False,0,1,0,0,70.41480721222926,0,1337.881337032356,0.0,11.0,18.0
46,5511,2022-06-09,Cleveland Guardians,Oakland Athletics,1,-167.0,140.0,0.6254681647940075,0.4166666666666667,0.6428575676617692,0.3571424323382308,0.017389402867761694,-0.0595242343284359,True,False,0,1,0,0,70.41480721222926,0,1267.4665298201267,0.0,11.0,19.0
47,7836,2023-04-14,Detroit Tigers,San Francisco Giants,1,126.0,-150.0,0.4424778761061947,0.6,0.4461979303503648,0.5538020696496351,0.0037200542441701012,-0.0461979303503649,False,False,0,0,0,0,0.0,0,1267.4665298201267,0.0,11.0,19.0
48,8150,2023-05-06,Atlanta Braves,Baltimore Orioles,1,-240.0,195.0,0.7058823529411765,0.3389830508474576,0.6116203172975402,0.3883796827024598,-0.09426203564363633,0.049396631855002204,False,True,1,0,0,0,70.41480721222926,0,1296.8060328252222,29.339503005095526,12.0,19.0
49,7004,2022-09-29,Milwaukee Brewers,Miami Marlins,0,-180.0,148.0,0.6428571428571429,0.4032258064516129,0.6384073592372088,0.3615926407627912,-0.004449783619934089,-0.041633165688821694,False,False,0,0,0,0,0.0,0,1296.8060328252222,0.0,12.0,19.0
50,6698,2022-09-06,Oakland Athletics,Atlanta Braves,0,185.0,-227.0,0.3508771929824561,0.6941896024464832,0.4190928616305602,0.5809071383694397,0.06821566864810408,-0.11328246407704345,True,False,1,0,0,0,64.84030164126112,0,1325.3700423588175,28.564009533595208,13.0,19.0
51,7899,2023-04-18,Miami Marlins,San Francisco Giants,1,102.0,-122.0,0.495049504950495,0.5495495495495496,0.5584279475610053,0.4415720524389946,0.06337844261051034,-0.10797749711055499,True,False,0,1,0,0,64.84030164126112,0,1260.5297407175565,0.0,13.0,20.0
52,5046,2022-05-07,San Diego Padres,Miami Marlins,0,-127.0,106.0,0.5594713656387665,0.4854368932038835,0.6152296134373816,0.3847703865626184,0.055758247798615046,-0.10066650664126509,True,False,1,0,0,0,64.84030164126112,0,1329.2604604572932,68.7307197397368,14.0,20.0
53,5689,2022-06-22,Baltimore Orioles,Washington Nationals,1,-145.0,122.0,0.5918367346938775,0.4504504504504504,0.5908075096005561,0.4091924903994439,-0.0010292250933214842,-0.041257960051006515,False,False,0,0,0,0,0.0,0,1329.2604604572932,0.0,14.0,20.0
54,4955,2022-05-01,Pittsburgh Pirates,San Diego Padres,0,160.0,-196.0,0.3846153846153846,0.6621621621621622,0.4216389620135946,0.5783610379864055,0.037023577398209995,-0.08380112417575669,True,False,1,0,0,0,64.84030164126112,0,1362.342247008957,33.08178655166384,15.0,20.0
55,2055,2021-04-20,Philadelphia Phillies,San Francisco Giants,0,-156.0,137.0,0.609375,0.4219409282700422,0.4880754862415303,0.5119245137584696,-0.1212995137584697,0.08998358548842739,False,True,0,1,0,0,68.11711235044785,0,1294.2251346585092,0.0,15.0,21.0
56,8685,2023-06-15,Minnesota Twins,Detroit Tigers,0,-210.0,170.0,0.6774193548387096,0.3703703703703703,0.639365196407841,0.360634803592159,-0.03805415843086868,-0.009735566778211302,False,False,0,0,0,0,0.0,0,1294.2251346585092,0.0,15.0,21.0
57,5494,2022-06-08,Miami Marlins,Washington Nationals,1,-233.0,190.0,0.6996996996996997,0.3448275862068966,0.6409720053782964,0.3590279946217036,-0.058727694321403345,0.01420040841480702,False,True,1,0,0,0,68.11711235044785,0,1323.4599468260833,29.234812167574187,16.0,21.0
58,6263,2022-08-05,Los Angeles Dodgers,San Diego Padres,1,-154.0,130.0,0.6062992125984252,0.4347826086956521,0.6380322934109608,0.3619677065890391,0.03173308081253556,-0.07281490210661301,True,False,0,1,0,0,68.11711235044785,0,1255.3428344756355,0.0,16.0,22.0
59,3684,2021-08-19,Arizona Diamondbacks,Philadelphia Phillies,1,170.0,-200.0,0.3703703703703703,0.6666666666666666,0.4301021275162848,0.5698978724837152,0.0597317571459145,-0.09676879418295148,True,False,0,1,0,0,68.11711235044785,0,1187.2257221251878,0.0,16.0,23.0
60,8156,2023-05-07,Atlanta Braves,Baltimore Orioles,1,-165.0,139.0,0.6226415094339622,0.4184100418410041,0.608478990664625,0.391521009335375,-0.014162518769337273,-0.02688903250562913,False,False,0,0,0,0,0.0,0,1187.2257221251878,0.0,16.0,23.0
61,6119,2022-07-26,Detroit Tigers,San Diego Padres,0,156.0,-189.0,0.390625,0.6539792387543253,0.4377283240840426,0.5622716759159574,0.04710332408404261,-0.0917075628383679,True,False,1,0,0,0,59.36128610625939,0,1218.6338100120975,31.40808788690973,17.0,23.0
62,5070,2022-05-09,Baltimore Orioles,Kansas City Royals,1,-135.0,113.0,0.574468085106383,0.4694835680751174,0.6006593262598425,0.3993406737401574,0.0261912411534595,-0.07014289433495996,True,False,0,1,0,0,59.36128610625939,0,1159.2725239058382,0.0,17.0,24.0
63,2916,2021-06-22,New York Yankees,Kansas City Royals,0,-270.0,225.0,0.7297297297297297,0.3076923076923077,0.634589457498534,0.365410542501466,-0.0951402722311957,0.057718234809158275,False,True,0,1,0,0,59.36128610625939,0,1099.9112377995789,0.0,17.0,25.0
64,5948,2022-07-10,Boston Red Sox,New York Yankees,1,111.0,-133.0,0.4739336492890995,0.5708154506437768,0.4429331753194131,0.5570668246805869,-0.03100047396968636,-0.013748625963189931,False,False,0,0,0,0,0.0,0,1099.9112377995789,0.0,17.0,25.0
65,6927,2022-09-23,Texas Rangers,Cleveland Guardians,0,-115.0,-105.0,0.5348837209302325,0.5121951219512195,0.4450018414449002,0.5549981585550998,-0.08988187948533233,0.042803036603880296,False,True,0,1,0,0,54.995561889978944,0,1044.9156759096,0.0,17.0,26.0
66,8081,2023-05-01,Boston Red Sox,Toronto Blue Jays,1,130.0,-155.0,0.4347826086956521,0.6078431372549019,0.4465828147051905,0.5534171852948094,0.011800206009538405,-0.05442595196009248,True,False,0,1,0,0,54.995561889978944,0,989.920114019621,0.0,17.0,27.0
67,1261,2020-09-24,Pittsburgh Pirates,Chicago Cubs,1,172.0,-200.0,0.3676470588235294,0.6666666666666666,0.4230957242196885,0.5769042757803116,0.055448665396159114,-0.08976239088635507,True,False,0,1,0,0,54.995561889978944,0,934.924552129642,0.0,17.0,28.0
68,4893,2022-04-26,Arizona Diamondbacks,Los Angeles Dodgers,1,165.0,-200.0,0.3773584905660377,0.6666666666666666,0.4177517985678977,0.5822482014321023,0.04039330800185997,-0.08441846523456431,True,False,0,1,0,0,54.995561889978944,0,879.9289902396631,0.0,17.0,29.0
69,3046,2021-07-01,Cincinnati Reds,San Diego Padres,1,-110.0,-110.0,0.5238095238095238,0.5238095238095238,0.4345613194663089,0.5654386805336911,-0.08924820434321495,0.04162915672416723,False,True,1,0,0,0,54.995561889978944,0,929.9249555941894,49.99596535452631,18.0,29.0
70,1109,2020-09-13,Texas Rangers,Oakland Athletics,1,125.0,-145.0,0.4444444444444444,0.5918367346938775,0.4187823861054383,0.5812176138945617,-0.025662058339006144,-0.010619120799315818,False,False,0,0,0,0,0.0,0,929.9249555941894,0.0,18.0,29.0
71,6733,2022-09-09,Houston Astros,Los Angeles Angels,1,-233.0,190.0,0.6996996996996997,0.3448275862068966,0.6424212469333643,0.3575787530666356,-0.057278452766335364,0.012751166859739038,False,True,1,0,0,0,46.49624777970948,0,949.8804267442794,19.955471150089906,19.0,29.0
72,5088,2022-05-10,Minnesota Twins,Houston Astros,0,115.0,-139.0,0.4651162790697674,0.5815899581589958,0.4418067524771176,0.5581932475228824,-0.023309526592649787,-0.023396710636113482,False,False,0,0,0,0,0.0,0,949.8804267442794,0.0,19.0,29.0
73,6364,2022-08-13,Houston Astros,Oakland Athletics,1,-270.0,220.0,0.7297297297297297,0.3125,0.6451867501265782,0.3548132498734218,-0.08454297960315149,0.04231324987342178,False,True,1,0,0,0,46.49624777970948,0,967.1012592552829,17.220832511003508,20.0,29.0
74,5401,2022-06-01,Philadelphia Phillies,San Francisco Giants,1,-125.0,105.0,0.5555555555555556,0.4878048780487805,0.4381006140426393,0.5618993859573607,-0.1174549415129163,0.07409450790858019,False,True,1,0,0,0,46.49624777970948,0,1004.2982574790504,37.19699822376759,21.0,29.0
75,6424,2022-08-17,New York Yankees,Tampa Bay Rays,1,-147.0,124.0,0.5951417004048583,0.4464285714285714,0.52454805062991,0.47545194937009,-0.07059364977494831,0.029023377941518602,False,True,1,0,0,0,50.21491287395253,0,1038.4580621552086,34.15980467615818,22.0,29.0
76,2041,2021-04-19,Philadelphia Phillies,San Francisco Giants,0,-106.0,-114.0,0.5145631067961165,0.5327102803738317,0.4954440274005287,0.5045559725994713,-0.019119079395587824,-0.028154307774360454,False,False,0,0,0,0,0.0,0,1038.4580621552086,0.0,22.0,29.0
77,6089,2022-07-24,Pittsburgh Pirates,Miami Marlins,0,153.0,-185.0,0.3952569169960474,0.6491228070175439,0.4416360048956614,0.5583639951043387,0.04637908789961398,-0.09075881191320523,True,False,1,0,0,0,50.21491287395253,0,1065.6012583032912,27.14319614808245,23.0,29.0
78,1195,2020-09-19,Houston Astros,Arizona Diamondbacks,1,-169.0,145.0,0.6282527881040892,0.4081632653061224,0.6232862611607591,0.3767137388392408,-0.004966526943330107,-0.031449526466881594,False,False,0,0,0,0,0.0,0,1065.6012583032912,0.0,23.0,29.0
79,6483,2022-08-21,Oakland Athletics,Seattle Mariners,1,175.0,-213.0,0.3636363636363636,0.6805111821086262,0.4249758722600827,0.5750241277399173,0.06133950862371912,-0.10548705436870887,True,False,0,1,0,0,50.21491287395253,0,1015.3863454293387,0.0,23.0,30.0
80,4129,2021-09-21,New York Yankees,Texas Rangers,1,-250.0,205.0,0.7142857142857143,0.3278688524590163,0.6427639327187362,0.3572360672812638,-0.07152178156697808,0.029367214822247467,False,True,1,0,0,0,50.76931727146694,0,1035.6940723379255,20.307726908586776,24.0,30.0
81,809,2020-08-24,Texas Rangers,Oakland Athletics,1,127.0,-147.0,0.4405286343612334,0.5951417004048583,0.4190382893323393,0.5809617106676607,-0.02149034502889413,-0.014179989737197585,False,False,0,0,0,0,0.0,0,1035.6940723379255,0.0,24.0,30.0
82,8492,2023-05-31,Houston Astros,Minnesota Twins,0,-180.0,148.0,0.6428571428571429,0.4032258064516129,0.6351119254258002,0.3648880745741998,-0.00774521743134271,-0.03833773187741307,False,False,0,0,0,0,0.0,0,1035.6940723379255,0.0,24.0,30.0
83,4157,2021-09-23,Colorado Rockies,Los Angeles Dodgers,0,210.0,-263.0,0.3225806451612903,0.7245179063360881,0.419342806175553,0.580657193824447,0.09676216101426266,-0.14386071251164112,True,False,1,0,0,0,50.76931727146694,0,1054.997995254833,19.30392291690758,25.0,30.0
84,8866,2023-06-29,Pittsburgh Pirates,San Diego Padres,1,156.0,-190.0,0.390625,0.6551724137931034,0.463664521888303,0.5363354781116969,0.07303952188830298,-0.11883693568140652,True,False,0,1,0,0,50.76931727146694,0,1004.2286779833662,0.0,25.0,31.0
85,6161,2022-07-29,Houston Astros,Seattle Mariners,1,-175.0,144.0,0.6363636363636364,0.4098360655737705,0.6274106513232673,0.3725893486767326,-0.00895298504036901,-0.0372467168970379,False,False,0,0,0,0,0.0,0,1004.2286779833662,0.0,25.0,31.0
86,5817,2022-07-02,Toronto Blue Jays,Tampa Bay Rays,0,-135.0,113.0,0.574468085106383,0.4694835680751174,0.5894152102577863,0.4105847897422137,0.014947125151403284,-0.05889877833290369,True,False,1,0,0,0,50.21143389916831,0,1060.9675982894264,56.73892030606019,26.0,31.0
87,1919,2021-04-11,Baltimore Orioles,Boston Red Sox,0,120.0,-141.0,0.4545454545454545,0.5850622406639004,0.4335074288604761,0.5664925711395239,-0.021038025684978368,-0.018569669524376553,False,False,0,0,0,0,0.0,0,1060.9675982894264,0.0,26.0,31.0
88,2767,2021-06-11,Miami Marlins,Atlanta Braves,1,115.0,-135.0,0.4651162790697674,0.574468085106383,0.4865955771673028,0.5134044228326972,0.021479298097535404,-0.06106366227368587,True,False,0,1,0,0,50.21143389916831,0,1010.756164390258,0.0,26.0,32.0
89,5215,2022-05-19,Cleveland Guardians,Cincinnati Reds,0,-132.0,110.0,0.5689655172413793,0.4761904761904761,0.6166091112810468,0.3833908887189531,0.04764359403966745,-0.092799587471523,True,False,1,0,0,0,50.21143389916831,0,1065.988741679343,55.23257728908515,27.0,32.0
90,1953,2021-04-13,Pittsburgh Pirates,San Diego Padres,1,205.0,-238.0,0.3278688524590163,0.7041420118343196,0.4178786479750439,0.5821213520249561,0.09000979551602761,-0.1220206598093635,True,False,0,1,0,0,53.299437083967156,0,1012.6893045953759,0.0,27.0,33.0
91,595,2020-08-09,Texas Rangers,Los Angeles Angels,1,106.0,-127.0,0.4854368932038835,0.5594713656387665,0.5512122275201984,0.4487877724798016,0.06577533431631488,-0.11068359315896492,True,False,0,1,0,0,53.299437083967156,0,959.3898675114087,0.0,27.0,34.0
92,2908,2021-06-21,Texas Rangers,Oakland Athletics,1,113.0,-133.0,0.4694835680751174,0.5708154506437768,0.4233048429668956,0.5766951570331044,-0.046178725108221796,0.005879706389327555,False,False,0,0,0,0,0.0,0,959.3898675114087,0.0,27.0,34.0
93,3363,2021-07-27,Chicago Cubs,Cincinnati Reds,0,-159.0,138.0,0.6138996138996139,0.4201680672268907,0.6094994734731582,0.3905005265268418,-0.004400140426455645,-0.0296675407000489,False,False,0,0,0,0,0.0,0,959.3898675114087,0.0,27.0,34.0
94,6757,2022-09-11,Philadelphia Phillies,Washington Nationals,1,-312.0,250.0,0.7572815533980582,0.2857142857142857,0.6446479309957944,0.3553520690042055,-0.11263362240226382,0.06963778328991982,False,True,1,0,0,0,53.299437083967156,0,976.4730204229367,17.083152911527936,28.0,34.0
95,6503,2022-08-23,New York Yankees,New York Mets,1,-130.0,108.0,0.5652173913043478,0.4807692307692308,0.5728615323597555,0.4271384676402445,0.007644141055407672,-0.05363076312898629,False,False,0,0,0,0,0.0,0,976.4730204229367,0.0,28.0,34.0
96,6893,2022-09-21,Milwaukee Brewers,New York Mets,1,113.0,-135.0,0.4694835680751174,0.574468085106383,0.4414313947234072,0.5585686052765928,-0.028052173351710175,-0.01589947982979023,False,False,0,0,0,0,0.0,0,976.4730204229367,0.0,28.0,34.0
97,8884,2023-06-30,New York Mets,San Francisco Giants,0,100.0,-120.0,0.5,0.5454545454545454,0.5047714684979802,0.4952285315020198,0.004771468497980158,-0.05022601395252563,False,False,0,0,0,0,0.0,0,976.4730204229367,0.0,28.0,34.0
98,8478,2023-05-30,Seattle Mariners,New York Yankees,0,-145.0,122.0,0.5918367346938775,0.4504504504504504,0.468880006039977,0.531119993960023,-0.12295672865390056,0.08066954350957256,False,True,0,1,0,0,48.82365102114684,0,927.6493694017898,0.0,28.0,35.0
99,6341,2022-08-11,Boston Red Sox,Baltimore Orioles,1,-130.0,108.0,0.5652173913043478,0.4807692307692308,0.5188764979564847,0.4811235020435153,-0.046340893347863066,0.0003542712742845011,False,False,0,0,0,0,0.0,0,927.6493694017898,0.0,28.0,35.0
100,685,2020-08-16,Philadelphia Phillies,New York Mets,1,-141.0,120.0,0.5850622406639004,0.4545454545454545,0.5854093946172323,0.4145906053827677,0.00034715395333184684,-0.03995484916268677,False,False,0,0,0,0,0.0,0,927.6493694017898,0.0,28.0,35.0
101,5440,2022-06-04,Toronto Blue Jays,Minnesota Twins,1,-169.0,141.0,0.6282527881040892,0.4149377593360996,0.5868754097852464,0.4131245902147536,-0.041377378318842806,-0.0018131691213459922,False,False,0,0,0,0,0.0,0,927.6493694017898,0.0,28.0,35.0
102,8857,2023-06-28,New York Mets,Milwaukee Brewers,0,-144.0,121.0,0.5901639344262295,0.4524886877828054,0.591962271520319,0.408037728479681,0.0017983370940894972,-0.04445095930312437,False,False,0,0,0,0,0.0,0,927.6493694017898,0.0,28.0,35.0
103,2033,2021-04-18,Colorado Rockies,New York Mets,0,150.0,-175.0,0.4,0.6363636363636364,0.4316207160496195,0.5683792839503805,0.03162071604961947,-0.06798435241325584,True,False,1,0,0,0,46.38246847008949,0,954.1536370989838,26.504267697193995,29.0,35.0
104,5488,2022-06-07,San Diego Padres,New York Mets,1,-130.0,108.0,0.5652173913043478,0.4807692307692308,0.4691097713642461,0.5308902286357539,-0.0961076199401017,0.050120997866523076,False,True,1,0,0,0,46.38246847008949,0,989.8324589990527,35.67882190006884,30.0,35.0
105,4789,2022-04-19,Detroit Tigers,New York Yankees,0,180.0,-222.0,0.3571428571428571,0.6894409937888198,0.4373665714101847,0.5626334285898154,0.0802237142673276,-0.1268075651990045,True,False,1,0,0,0,49.49162294995264,0,1012.1259828503828,22.29352385133002,31.0,35.0
106,8219,2023-05-12,Miami Marlins,Cincinnati Reds,0,-145.0,122.0,0.5918367346938775,0.4504504504504504,0.5475583403691346,0.4524416596308653,-0.0442783943247429,0.001991209180414899,False,False,0,0,0,0,0.0,0,1012.1259828503828,0.0,31.0,35.0
107,8649,2023-06-12,Arizona Diamondbacks,Philadelphia Phillies,1,-115.0,-105.0,0.5348837209302325,0.5121951219512195,0.5605911656251196,0.4394088343748804,0.02570744469488706,-0.07278628757633915,True,False,0,1,0,0,49.49162294995264,0,962.6343599004301,0.0,31.0,36.0
108,4904,2022-04-27,Toronto Blue Jays,Boston Red Sox,0,-139.0,115.0,0.5815899581589958,0.4651162790697674,0.6298936546801637,0.3701063453198364,0.04830369652116784,-0.095009933749931,True,False,1,0,0,0,49.49162294995264,0,1019.5497262928757,56.915366392445534,32.0,36.0
109,8577,2023-06-07,Cleveland Guardians,Boston Red Sox,1,-130.0,108.0,0.5652173913043478,0.4807692307692308,0.5280675123013078,0.4719324876986922,-0.03714987900304001,-0.008836743070538555,False,False,0,0,0,0,0.0,0,1019.5497262928757,0.0,32.0,36.0
110,6820,2022-09-16,Chicago Cubs,Colorado Rockies,1,-135.0,113.0,0.574468085106383,0.4694835680751174,0.5840476623132838,0.4159523376867162,0.009579577206900725,-0.053531230388401185,False,False,0,0,0,0,0.0,0,1019.5497262928757,0.0,32.0,36.0
111,5857,2022-07-04,San Diego Padres,Seattle Mariners,0,-185.0,153.0,0.6491228070175439,0.3952569169960474,0.6018183026069738,0.3981816973930262,-0.0473045044105701,0.002924780396978799,False,False,0,0,0,0,0.0,0,1019.5497262928757,0.0,32.0,36.0
112,2313,2021-05-09,New York Yankees,Washington Nationals,1,-164.0,142.0,0.6212121212121212,0.4132231404958678,0.6210698992045747,0.3789301007954253,-0.00014222200754654413,-0.03429303970044251,False,False,0,0,0,0,0.0,0,1019.5497262928757,0.0,32.0,36.0
113,4790,2022-04-19,Boston Red Sox,Toronto Blue Jays,1,-135.0,113.0,0.574468085106383,0.4694835680751174,0.5048149355455188,0.4951850644544812,-0.06965314956086421,0.02570149637936381,False,True,1,0,0,0,50.977486314643784,0,1057.310827266686,37.76110097381021,33.0,36.0
114,6464,2022-08-20,Tampa Bay Rays,Kansas City Royals,1,-222.0,180.0,0.6894409937888198,0.3571428571428571,0.6413885490022357,0.3586114509977643,-0.0480524447865841,0.0014685938549072186,False,False,0,0,0,0,0.0,0,1057.310827266686,0.0,33.0,36.0
115,8142,2023-05-06,Chicago Cubs,Miami Marlins,1,-180.0,148.0,0.6428571428571429,0.4032258064516129,0.6273117060267424,0.3726882939732576,-0.01554543683040055,-0.03053751247835529,False,False,0,0,0,0,0.0,0,1057.310827266686,0.0,33.0,36.0
116,658,2020-08-14,Miami Marlins,Atlanta Braves,1,-102.0,-118.0,0.504950495049505,0.5412844036697247,0.4958294353475905,0.5041705646524095,-0.009121059701914458,-0.03711383901731524,False,False,0,0,0,0,0.0,0,1057.310827266686,0.0,33.0,36.0
117,3367,2021-07-27,Los Angeles Angels,Colorado Rockies,0,-141.0,120.0,0.5850622406639004,0.4545454545454545,0.6124557912857305,0.3875442087142696,0.02739355062183002,-0.06700124583118489,True,False,1,0,0,0,52.8655413633343,0,1120.749476902687,63.43864963600116,34.0,36.0
118,5893,2022-07-07,Cincinnati Reds,Pittsburgh Pirates,1,-110.0,-110.0,0.5238095238095238,0.5238095238095238,0.5923781904263933,0.4076218095736067,0.06856866661686944,-0.11618771423591712,True,False,0,1,0,0,52.8655413633343,0,1067.8839355393527,0.0,34.0,37.0
119,4136,2021-09-21,Oakland Athletics,Seattle Mariners,0,-127.0,106.0,0.5594713656387665,0.4854368932038835,0.5777589291202798,0.4222410708797201,0.01828756348151328,-0.06319582232416338,True,False,1,0,0,0,52.8655413633343,0,1123.921409384487,56.037473845134365,35.0,37.0
120,5197,2022-05-17,Oakland Athletics,Minnesota Twins,1,103.0,-123.0,0.4926108374384236,0.5515695067264574,0.438757704154692,0.5612422958453079,-0.05385313328373159,0.0096727891188505,False,False,0,0,0,0,0.0,0,1123.921409384487,0.0,35.0,37.0
121,4048,2021-09-15,Philadelphia Phillies,Chicago Cubs,1,-196.0,160.0,0.6621621621621622,0.3846153846153846,0.5701378331890475,0.4298621668109524,-0.09202432897311463,0.045246782195567825,False,True,1,0,0,0,56.19607046922436,0,1152.5928739096016,28.67146452511447,36.0,37.0
122,2510,2021-05-23,Texas Rangers,Houston Astros,1,148.0,-172.0,0.4032258064516129,0.6323529411764706,0.4288294871817406,0.5711705128182594,0.025603680730127698,-0.061182428358211194,True,False,0,1,0,0,56.19607046922436,0,1096.3968034403772,0.0,36.0,38.0
123,3143,2021-07-08,Arizona Diamondbacks,Colorado Rockies,0,-135.0,115.0,0.574468085106383,0.4651162790697674,0.4960433305995192,0.5039566694004808,-0.07842475450686381,0.038840390330713404,False,True,0,1,0,0,56.19607046922436,0,1040.2007329711528,0.0,36.0,39.0
124,5169,2022-05-16,Baltimore Orioles,New York Yankees,0,175.0,-213.0,0.3636363636363636,0.6805111821086262,0.418426863132545,0.581573136867455,0.05479049949618142,-0.09893804524117111,True,False,1,0,0,0,56.19607046922436,0,1066.5838646468449,26.383131675692187,37.0,39.0
125,6952,2022-09-25,Tampa Bay Rays,Toronto Blue Jays,0,-142.0,119.0,0.5867768595041323,0.45662100456621,0.59482177559349,0.4051782244065099,0.008044916089357756,-0.05144278015970011,False,False,0,0,0,0,0.0,0,1066.5838646468449,0.0,37.0,39.0
126,3960,2021-09-08,Chicago Cubs,Cincinnati Reds,1,115.0,-135.0,0.4651162790697674,0.574468085106383,0.4713148824635425,0.5286851175364575,0.006198603393775093,-0.0457829675699255,False,False,0,0,0,0,0.0,0,1066.5838646468449,0.0,37.0,39.0
127,6994,2022-09-28,Houston Astros,Arizona Diamondbacks,0,-190.0,156.0,0.6551724137931034,0.390625,0.6447881497234014,0.3552118502765987,-0.010384264069702054,-0.035413149723401316,False,False,0,0,0,0,0.0,0,1066.5838646468449,0.0,37.0,39.0
128,1023,2020-09-07,Oakland Athletics,Houston Astros,1,-149.0,130.0,0.5983935742971888,0.4347826086956521,0.5822009095243877,0.4177990904756122,-0.016192664772801013,-0.016983518220039906,False,False,0,0,0,0,0.0,0,1066.5838646468449,0.0,37.0,39.0
129,6213,2022-08-02,Cleveland Guardians,Arizona Diamondbacks,0,-135.0,113.0,0.574468085106383,0.4694835680751174,0.6198957440824283,0.3801042559175717,0.04542765897604528,-0.08937931215754569,True,False,1,0,0,0,53.32919323234225,0,1126.8458529993916,60.26198835254674,38.0,39.0
130,5378,2022-05-31,Detroit Tigers,Minnesota Twins,0,134.0,-161.0,0.4273504273504273,0.6168582375478927,0.4352201636721196,0.5647798363278804,0.0078697363216923,-0.05207840122001228,False,False,0,0,0,0,0.0,0,1126.8458529993916,0.0,38.0,39.0
131,1126,2020-09-15,Cincinnati Reds,Pittsburgh Pirates,1,-143.0,122.0,0.588477366255144,0.4504504504504504,0.6406131732832192,0.3593868267167808,0.05213580702807519,-0.09106362373366961,True,False,0,1,0,0,56.34229264996958,0,1070.503560349422,0.0,38.0,40.0
132,5190,2022-05-17,Baltimore Orioles,New York Yankees,0,180.0,-222.0,0.3571428571428571,0.6894409937888198,0.4180504733953096,0.5819495266046903,0.0609076162524525,-0.1074914671841295,True,False,1,0,0,0,56.34229264996958,0,1095.882971453012,25.379411103589902,39.0,40.0
133,1234,2020-09-22,Cincinnati Reds,Milwaukee Brewers,0,-152.0,132.0,0.6031746031746031,0.4310344827586206,0.565302495080337,0.4346975049196629,-0.03787210809426611,0.0036630221610423064,False,False,0,0,0,0,0.0,0,1095.882971453012,0.0,39.0,40.0
134,5226,2022-05-20,Toronto Blue Jays,Cincinnati Reds,1,-185.0,153.0,0.6491228070175439,0.3952569169960474,0.6368586833974412,0.3631413166025588,-0.012264123620102652,-0.03211560039348865,False,False,0,0,0,0,0.0,0,1095.882971453012,0.0,39.0,40.0
135,7013,2022-09-30,Cleveland Guardians,Kansas City Royals,1,-130.0,108.0,0.5652173913043478,0.4807692307692308,0.6358880779721303,0.3641119220278697,0.07067068666778253,-0.1166573087413611,True,False,0,1,0,0,54.794148572650606,0,1041.0888228803615,0.0,39.0,41.0
136,5576,2022-06-14,New York Yankees,Tampa Bay Rays,1,-222.0,180.0,0.6894409937888198,0.3571428571428571,0.6268103641298398,0.3731896358701602,-0.06263062965898003,0.01604677872730309,False,True,1,0,0,0,54.794148572650606,0,1065.770871786961,24.682048906599373,40.0,41.0
137,582,2020-08-08,San Diego Padres,Arizona Diamondbacks,0,-159.0,139.0,0.6138996138996139,0.4184100418410041,0.6233838293613096,0.3766161706386904,0.009484215461695755,-0.041793871202313704,False,False,0,0,0,0,0.0,0,1065.770871786961,0.0,40.0,41.0
138,7809,2023-04-11,Texas Rangers,Kansas City Royals,1,-280.0,225.0,0.7368421052631579,0.3076923076923077,0.6446294002256141,0.3553705997743858,-0.09221270503754375,0.04767829208207808,False,True,1,0,0,0,54.794148572650606,0,1085.3402105629075,19.569338775946644,41.0,41.0
139,3056,2021-07-02,Cincinnati Reds,Chicago Cubs,1,-154.0,135.0,0.6062992125984252,0.425531914893617,0.570493817930299,0.429506182069701,-0.03580539466812627,0.0039742671760839565,False,False,0,0,0,0,0.0,0,1085.3402105629075,0.0,41.0,41.0
140,653,2020-08-14,Baltimore Orioles,Washington Nationals,0,150.0,-175.0,0.4,0.6363636363636364,0.5513854098085849,0.4486145901914152,0.15138540980858484,-0.18774904617222116,True,False,1,0,0,0,54.26701052814538,0,1116.349930864705,31.00972030179736,42.0,41.0
141,6000,2022-07-14,Chicago Cubs,New York Mets,0,117.0,-141.0,0.4608294930875576,0.5850622406639004,0.4205271095226871,0.5794728904773129,-0.04030238356487048,-0.005589350186587572,False,False,0,0,0,0,0.0,0,1116.349930864705,0.0,42.0,41.0
142,2047,2021-04-20,Seattle Mariners,Los Angeles Dodgers,0,170.0,-200.0,0.3703703703703703,0.6666666666666666,0.4224517923173395,0.5775482076826605,0.052081421946969186,-0.08911845898400617,True,False,1,0,0,0,54.26701052814538,0,1143.4834361287776,27.13350526407269,43.0,41.0
143,7752,2023-04-07,Colorado Rockies,Washington Nationals,0,-125.0,105.0,0.5555555555555556,0.4878048780487805,0.6388084380627596,0.3611915619372404,0.08325288250720397,-0.1266133161115401,True,False,1,0,0,0,54.26701052814538,0,1200.4637971833304,56.980361054552645,44.0,41.0
144,997,2020-09-05,Seattle Mariners,Texas Rangers,1,-130.0,110.0,0.5652173913043478,0.4761904761904761,0.6030207524859722,0.3969792475140278,0.03780336118162442,-0.07921122867644831,True,False,0,1,0,0,54.26701052814538,0,1146.196786655185,0.0,44.0,42.0
145,7994,2023-04-25,Cincinnati Reds,Texas Rangers,1,130.0,-155.0,0.4347826086956521,0.6078431372549019,0.4239699346821116,0.5760300653178884,-0.010812674013540524,-0.03181307193701355,False,False,0,0,0,0,0.0,0,1146.196786655185,0.0,44.0,42.0
146,4846,2022-04-23,Chicago Cubs,Pittsburgh Pirates,1,-179.0,148.0,0.6415770609318996,0.4032258064516129,0.5189804457616972,0.4810195542383028,-0.12259661517020237,0.0777937477866899,False,True,1,0,0,0,57.30983933275925,0,1178.2134566734862,32.016670018301255,45.0,42.0
147,8313,2023-05-19,Cincinnati Reds,New York Yankees,0,141.0,-170.0,0.4149377593360996,0.6296296296296297,0.4209259782746395,0.5790740217253605,0.005988218938539902,-0.05055560790426916,False,False,0,0,0,0,0.0,0,1178.2134566734862,0.0,45.0,42.0
148,8477,2023-05-30,Oakland Athletics,Atlanta Braves,1,225.0,-280.0,0.3076923076923077,0.7368421052631579,0.418006870852961,0.581993129147039,0.1103145631606533,-0.1548489761161188,True,False,0,1,0,0,57.30983933275925,0,1120.903617340727,0.0,45.0,43.0
149,7883,2023-04-17,Miami Marlins,San Francisco Giants,1,-125.0,105.0,0.5555555555555556,0.4878048780487805,0.571531799750081,0.428468200249919,0.01597624419452537,-0.05933667779886148,True,False,0,1,0,0,57.30983933275925,0,1063.5937780079676,0.0,45.0,44.0
150,8466,2023-05-30,Detroit Tigers,Texas Rangers,0,113.0,-135.0,0.4694835680751174,0.574468085106383,0.4263397471190553,0.5736602528809447,-0.04314382095606206,-0.000807832225438343,False,False,0,0,0,0,0.0,0,1063.5937780079676,0.0,45.0,44.0
151,694,2020-08-16,Colorado Rockies,Texas Rangers,1,-149.0,130.0,0.5983935742971888,0.4347826086956521,0.5484857888636139,0.4515142111363861,-0.04990778543357488,0.016731602440734017,False,True,1,0,0,0,53.17968890039838,0,1099.284844384074,35.6910663761063,46.0,44.0
152,8138,2023-05-05,San Diego Padres,Los Angeles Dodgers,1,-105.0,-115.0,0.5121951219512195,0.5348837209302325,0.4352845735820703,0.5647154264179297,-0.07691054836914923,0.029831705487697202,False,True,1,0,0,0,53.17968890039838,0,1149.932167146358,50.64732276228417,47.0,44.0
153,4833,2022-04-22,Chicago Cubs,Pittsburgh Pirates,0,-172.0,142.0,0.6323529411764706,0.4132231404958678,0.5503805451669048,0.4496194548330952,-0.08197239600956574,0.0363963143372274,False,True,0,1,0,0,53.17968890039838,0,1096.7524782459598,0.0,47.0,45.0
154,5492,2022-06-08,Cincinnati Reds,Arizona Diamondbacks,0,-118.0,-102.0,0.5412844036697247,0.504950495049505,0.6115324335356254,0.3884675664643746,0.07024802986590062,-0.11648292858513037,True,False,1,0,0,0,53.17968890039838,0,1148.889428148311,52.136949902351354,48.0,45.0
155,8035,2023-04-28,New York Mets,Atlanta Braves,0,122.0,-145.0,0.4504504504504504,0.5918367346938775,0.465268287629284,0.5347317123707159,0.014817837178833615,-0.057105022323161614,True,False,1,0,0,0,57.444471407415556,0,1188.5063049810115,39.616876832700385,49.0,45.0
156,3222,2021-07-17,Pittsburgh Pirates,New York Mets,1,150.0,-175.0,0.4,0.6363636363636364,0.4321496643462851,0.5678503356537149,0.03214966434628508,-0.06851330070992145,True,False,0,1,0,0,57.444471407415556,0,1131.061833573596,0.0,49.0,46.0
157,7766,2023-04-08,Atlanta Braves,San Diego Padres,0,-164.0,138.0,0.6212121212121212,0.4201680672268907,0.6223613169653783,0.3776386830346216,0.001149195753257115,-0.04252938419226909,False,False,0,0,0,0,0.0,0,1131.061833573596,0.0,49.0,46.0
158,5101,2022-05-11,Arizona Diamondbacks,Miami Marlins,0,-115.0,-105.0,0.5348837209302325,0.5121951219512195,0.5838829221179357,0.4161170778820643,0.04899920118770318,-0.09607804406915521,True,False,1,0,0,0,57.444471407415556,0,1185.7708539616108,54.709020388014814,50.0,46.0
159,8859,2023-06-28,Texas Rangers,Detroit Tigers,1,-225.0,185.0,0.6923076923076923,0.3508771929824561,0.6406219180267165,0.3593780819732834,-0.05168577428097576,0.008500888990827293,False,False,0,0,0,0,0.0,0,1185.7708539616108,0.0,50.0,46.0
160,1049,2020-09-09,Texas Rangers,Los Angeles Angels,1,108.0,-128.0,0.4807692307692308,0.5614035087719298,0.4954767570671381,0.5045232429328619,0.014707526297907336,-0.05688026583906791,True,False,0,1,0,0,59.28854269808054,0,1126.4823112635302,0.0,50.0,47.0
161,6841,2022-09-17,Washington Nationals,Miami Marlins,1,108.0,-130.0,0.4807692307692308,0.5652173913043478,0.4802163944599456,0.5197836055400544,-0.0005528363092852095,-0.045433785764293355,False,False,0,0,0,0,0.0,0,1126.4823112635302,0.0,50.0,47.0
162,2753,2021-06-10,Boston Red Sox,Houston Astros,1,-102.0,-118.0,0.504950495049505,0.5412844036697247,0.447609116625383,0.552390883374617,-0.05734137842412196,0.011106479704892203,False,True,1,0,0,0,59.28854269808054,0,1184.6083335165504,58.12602225302013,51.0,47.0
163,1186,2020-09-18,Seattle Mariners,San Diego Padres,0,155.0,-179.0,0.392156862745098,0.6415770609318996,0.4232268747148415,0.5767731252851585,0.031070011969743516,-0.06480393564674114,True,False,1,0,0,0,59.28854269808054,0,1217.7304244093327,33.122090892782424,52.0,47.0
164,2911,2021-06-21,San Diego Padres,Los Angeles Dodgers,1,-125.0,105.0,0.5555555555555556,0.4878048780487805,0.4813496723037819,0.518650327696218,-0.07420588325177369,0.030845449647437517,False,True,1,0,0,0,59.28854269808054,0,1265.1612585677972,47.430834158464435,53.0,47.0
165,4097,2021-09-19,Washington Nationals,Colorado Rockies,1,-114.0,-108.0,0.5327102803738317,0.5192307692307693,0.4520284121226341,0.5479715878773659,-0.08068186825119761,0.02874081864659661,False,True,1,0,0,0,63.25806292838986,0,1320.6507874523497,55.489528884552506,54.0,47.0
166,8052,2023-04-29,Oakland Athletics,Cincinnati Reds,0,130.0,-155.0,0.4347826086956521,0.6078431372549019,0.4203189144573213,0.5796810855426787,-0.014463694238330826,-0.02816205171222319,False,False,0,0,0,0,0.0,0,1320.6507874523497,0.0,54.0,47.0
167,2158,2021-04-27,Los Angeles Dodgers,Cincinnati Reds,0,-233.0,200.0,0.6996996996996997,0.3333333333333333,0.642716116585064,0.357283883414936,-0.056983583114635694,0.023950550081602684,False,True,0,1,0,0,63.25806292838986,0,1257.39272452396,0.0,54.0,48.0
168,8545,2023-06-04,Arizona Diamondbacks,Atlanta Braves,0,-133.0,111.0,0.5708154506437768,0.4739336492890995,0.4706125564170895,0.5293874435829105,-0.10020289422668732,0.055453794293810976,False,True,0,1,0,0,63.25806292838986,0,1194.1346615955702,0.0,54.0,49.0
169,6065,2022-07-22,Milwaukee Brewers,Colorado Rockies,1,-278.0,225.0,0.7354497354497355,0.3076923076923077,0.6360583471008119,0.3639416528991881,-0.09939138834892358,0.05624934520688041,False,True,1,0,0,0,63.25806292838986,0,1216.8893604906743,22.754698895104266,55.0,49.0
170,2133,2021-04-26,Detroit Tigers,Kansas City Royals,0,-105.0,-115.0,0.5121951219512195,0.5348837209302325,0.4238836284231922,0.5761163715768077,-0.08831149352802731,0.04123265064657522,False,True,0,1,0,0,60.84446802453372,0,1156.0448924661407,0.0,55.0,50.0
171,4045,2021-09-15,Toronto Blue Jays,Tampa Bay Rays,1,-169.0,141.0,0.6282527881040892,0.4149377593360996,0.5223875430938556,0.4776124569061444,-0.10586524501023364,0.06267469757004479,False,True,1,0,0,0,60.84446802453372,0,1192.04753626764,36.00264380149925,56.0,50.0
172,7066,2022-10-03,Oakland Athletics,Los Angeles Angels,1,146.0,-178.0,0.4065040650406504,0.6402877697841727,0.4345614121824973,0.5654385878175027,0.028057347141846878,-0.07484918196667001,True,False,0,1,0,0,60.84446802453372,0,1131.2030682431064,0.0,56.0,51.0
173,606,2020-08-10,Milwaukee Brewers,Minnesota Twins,0,-106.0,-114.0,0.5145631067961165,0.5327102803738317,0.4524666724329592,0.5475333275670408,-0.062096434363157316,0.014823047193209038,False,True,0,1,0,0,60.84446802453372,0,1070.3586002185727,0.0,56.0,52.0
174,2910,2021-06-21,Arizona Diamondbacks,Milwaukee Brewers,1,110.0,-130.0,0.4761904761904761,0.5652173913043478,0.4260580938328483,0.5739419061671518,-0.05013238235762779,0.008724514862804011,False,False,0,0,0,0,0.0,0,1070.3586002185727,0.0,56.0,52.0
175,3724,2021-08-22,Milwaukee Brewers,Washington Nationals,1,-213.0,185.0,0.6805111821086262,0.3508771929824561,0.629271122353751,0.370728877646249,-0.05124005975487511,0.01985168466379289,False,True,1,0,0,0,53.51793001092864,0,1095.484388956098,25.12578873752518,57.0,52.0
176,2480,2021-05-21,Kansas City Royals,Detroit Tigers,0,-154.0,133.0,0.6062992125984252,0.4291845493562232,0.6078258803127291,0.3921741196872709,0.0015266677143038754,-0.037010429668952294,False,False,0,0,0,0,0.0,0,1095.484388956098,0.0,57.0,52.0
177,2061,2021-04-20,San Diego Padres,Milwaukee Brewers,0,-118.0,-102.0,0.5412844036697247,0.504950495049505,0.5545921983877298,0.4454078016122701,0.013307794718005028,-0.05954269343723484,True,False,1,0,0,0,53.51793001092864,0,1147.9529477903418,52.46855883424376,58.0,52.0
178,8623,2023-06-10,Milwaukee Brewers,Oakland Athletics,0,-190.0,156.0,0.6551724137931034,0.390625,0.643365475402017,0.3566345245979829,-0.011806938391086375,-0.033990475402017106,False,False,0,0,0,0,0.0,0,1147.9529477903418,0.0,58.0,52.0
179,4731,2022-04-15,Miami Marlins,Philadelphia Phillies,1,-115.0,-105.0,0.5348837209302325,0.5121951219512195,0.525553275858911,0.474446724141089,-0.009330445071321525,-0.03774839781013051,False,False,0,0,0,0,0.0,0,1147.9529477903418,0.0,58.0,52.0
180,8473,2023-05-30,Chicago Cubs,Tampa Bay Rays,1,165.0,-200.0,0.3773584905660377,0.6666666666666666,0.4250696467850176,0.5749303532149824,0.04771115621897987,-0.0917363134516842,True,False,0,1,0,0,57.39764738951709,0,1090.5553004008248,0.0,58.0,53.0
181,8264,2023-05-15,Washington Nationals,New York Mets,1,130.0,-155.0,0.4347826086956521,0.6078431372549019,0.4247210618783591,0.5752789381216409,-0.010061546817292988,-0.03256419913326103,False,False,0,0,0,0,0.0,0,1090.5553004008248,0.0,58.0,53.0
182,5910,2022-07-08,Kansas City Royals,Cleveland Guardians,1,-115.0,-105.0,0.5348837209302325,0.5121951219512195,0.4743590596509446,0.5256409403490554,-0.060524661279287906,0.013445818397835874,False,True,1,0,0,0,57.39764738951709,0,1140.4662981308397,49.91099773001486,59.0,53.0
183,8330,2023-05-20,Pittsburgh Pirates,Arizona Diamondbacks,0,-140.0,117.0,0.5833333333333334,0.4608294930875576,0.5675859638912102,0.4324140361087898,-0.015747369442123182,-0.028415456978767795,False,False,0,0,0,0,0.0,0,1140.4662981308397,0.0,59.0,53.0
184,5908,2022-07-08,Atlanta Braves,Washington Nationals,1,-278.0,225.0,0.7354497354497355,0.3076923076923077,0.6449497823729251,0.3550502176270748,-0.09049995307681036,0.04735790993476707,False,True,1,0,0,0,57.39764738951709,0,1161.1129338824646,20.646635751624853,60.0,53.0
185,5783,2022-06-29,Arizona Diamondbacks,San Diego Padres,0,117.0,-141.0,0.4608294930875576,0.5850622406639004,0.4413891363027651,0.5586108636972349,-0.0194403567847925,-0.026451376966665552,False,False,0,0,0,0,0.0,0,1161.1129338824646,0.0,60.0,53.0
186,2711,2021-06-06,Colorado Rockies,Oakland Athletics,1,-105.0,-115.0,0.5121951219512195,0.5348837209302325,0.4269397340938852,0.5730602659061148,-0.08525538785733433,0.0381765449758823,False,True,1,0,0,0,58.05564669412323,0,1216.4040259721057,55.29109208964117,61.0,53.0
187,3334,2021-07-25,Philadelphia Phillies,Atlanta Braves,1,-167.0,143.0,0.6254681647940075,0.411522633744856,0.4577454841252302,0.5422545158747698,-0.16772268066877727,0.13073188212991382,False,True,1,0,0,0,58.05564669412323,0,1251.1678862679878,34.763860295882175,62.0,53.0
188,902,2020-08-30,Boston Red Sox,Washington Nationals,1,-112.0,-108.0,0.5283018867924528,0.5192307692307693,0.4867406990495998,0.5132593009504002,-0.041561187742853,-0.005971468280369097,False,False,0,0,0,0,0.0,0,1251.1678862679878,0.0,62.0,53.0
189,4872,2022-04-24,Philadelphia Phillies,Milwaukee Brewers,0,-154.0,128.0,0.6062992125984252,0.4385964912280701,0.4650733731733836,0.5349266268266164,-0.14122583942504163,0.09633013559854631,False,True,0,1,0,0,58.05564669412323,0,1193.1122395738646,0.0,62.0,54.0
190,6438,2022-08-18,Pittsburgh Pirates,Boston Red Sox,1,130.0,-154.0,0.4347826086956521,0.6062992125984252,0.4207365572534438,0.5792634427465562,-0.01404605144220833,-0.027035769851869063,False,False,0,0,0,0,0.0,0,1193.1122395738646,0.0,62.0,54.0
191,5293,2022-05-24,San Diego Padres,Milwaukee Brewers,0,114.0,-135.0,0.4672897196261682,0.574468085106383,0.4889948690587214,0.5110051309412785,0.021705149432553195,-0.0634629541651045,True,False,1,0,0,0,59.65561197869323,0,1237.301581780304,44.18934220643943,63.0,54.0
192,7860,2023-04-15,Cincinnati Reds,Philadelphia Phillies,1,-115.0,-105.0,0.5348837209302325,0.5121951219512195,0.4532760460785373,0.5467239539214628,-0.08160767485169523,0.03452883197024326,False,True,1,0,0,0,59.65561197869323,0,1289.1760269791678,51.874445198863675,64.0,54.0
193,3652,2021-08-17,Detroit Tigers,Los Angeles Angels,0,-125.0,105.0,0.5555555555555556,0.4878048780487805,0.5061915485109325,0.4938084514890675,-0.04936400704462307,0.006003573440287013,False,False,0,0,0,0,0.0,0,1289.1760269791678,0.0,64.0,54.0
194,484,2020-08-02,Atlanta Braves,New York Mets,1,-115.0,-105.0,0.5348837209302325,0.5121951219512195,0.6429810175579507,0.3570189824420492,0.10809729662771816,-0.1551761395091703,True,False,0,1,0,0,59.65561197869323,0,1229.5204150004745,0.0,64.0,55.0
195,5248,2022-05-21,Kansas City Royals,Minnesota Twins,0,120.0,-143.0,0.4545454545454545,0.588477366255144,0.4240347806121201,0.5759652193878799,-0.030510673933334398,-0.012512146867264096,False,False,0,0,0,0,0.0,0,1229.5204150004745,0.0,64.0,55.0
196,6486,2022-08-21,Los Angeles Dodgers,Miami Marlins,1,-164.0,139.0,0.6212121212121212,0.4184100418410041,0.6450178972125281,0.3549821027874719,0.023805776000406897,-0.06342793905353222,True,False,0,1,0,0,61.47602075002373,0,1168.0443942504508,0.0,64.0,56.0
197,3416,2021-07-31,Los Angeles Angels,Oakland Athletics,1,115.0,-135.0,0.4651162790697674,0.574468085106383,0.4305414854030779,0.569458514596922,-0.034574793666689474,-0.005009570509461048,False,False,0,0,0,0,0.0,0,1168.0443942504508,0.0,64.0,56.0
198,8688,2023-06-15,Texas Rangers,Los Angeles Angels,0,-140.0,117.0,0.5833333333333334,0.4608294930875576,0.5902961044644652,0.4097038955355347,0.006962771131131862,-0.051125597552022894,False,False,0,0,0,0,0.0,0,1168.0443942504508,0.0,64.0,56.0
199,8537,2023-06-04,Miami Marlins,Oakland Athletics,1,-245.0,200.0,0.7101449275362319,0.3333333333333333,0.6453813624322489,0.3546186375677511,-0.06476356510398307,0.021285304234417768,False,True,1,0,0,0,61.47602075002373,0,1193.1366476178073,25.092253367356623,65.0,56.0
200,6282,2022-08-07,Cleveland Guardians,Houston Astros,1,126.0,-149.0,0.4424778761061947,0.5983935742971888,0.4275717971964118,0.5724282028035881,-0.014906078909782905,-0.025965371493600675,False,False,0,0,0,0,0.0,0,1193.1366476178073,0.0,65.0,56.0
201,3526,2021-08-08,Baltimore Orioles,Tampa Bay Rays,0,150.0,-175.0,0.4,0.6363636363636364,0.417750650282942,0.582249349717058,0.017750650282941982,-0.05411428664657836,True,False,1,0,0,0,59.656832380890364,0,1227.2262661211732,34.08961850336592,66.0,56.0
202,6550,2022-08-26,Oakland Athletics,New York Yankees,0,190.0,-233.0,0.3448275862068966,0.6996996996996997,0.418191379749169,0.581808620250831,0.0733637935422724,-0.11789107944886867,True,False,1,0,0,0,59.656832380890364,0,1252.8300568425855,25.603790721412174,67.0,56.0
203,8493,2023-05-31,Arizona Diamondbacks,Colorado Rockies,1,-180.0,148.0,0.6428571428571429,0.4032258064516129,0.6380297327048507,0.3619702672951493,-0.004827410152292155,-0.04125553915646357,False,False,0,0,0,0,0.0,0,1252.8300568425855,0.0,67.0,56.0
204,7944,2023-04-21,Arizona Diamondbacks,San Diego Padres,1,-110.0,-110.0,0.5238095238095238,0.5238095238095238,0.4917731113752837,0.5082268886247163,-0.03203641243424016,-0.015582635184807514,False,False,0,0,0,0,0.0,0,1252.8300568425855,0.0,67.0,56.0
205,5015,2022-05-05,Houston Astros,Detroit Tigers,1,-164.0,139.0,0.6212121212121212,0.4184100418410041,0.641673667993069,0.3583263320069309,0.020461546780947804,-0.060083709834073185,True,False,0,1,0,0,62.64150284212928,0,1190.1885540004562,0.0,67.0,57.0
206,3166,2021-07-09,Seattle Mariners,Los Angeles Angels,1,108.0,-128.0,0.4807692307692308,0.5614035087719298,0.4828641967542676,0.5171358032457324,0.002094965985036834,-0.04426770552619741,False,False,0,0,0,0,0.0,0,1190.1885540004562,0.0,67.0,57.0
207,2146,2021-04-27,Baltimore Orioles,New York Yankees,0,154.0,-179.0,0.3937007874015748,0.6415770609318996,0.4759424002123085,0.5240575997876915,0.08224161281073367,-0.11751946114420808,True,False,1,0,0,0,62.64150284212928,0,1225.183806984886,34.99525298442976,68.0,57.0
208,3968,2021-09-09,Miami Marlins,New York Mets,1,142.0,-172.0,0.4132231404958678,0.6323529411764706,0.4580983777150148,0.5419016222849851,0.044875237219147046,-0.0904513188914855,True,False,0,1,0,0,62.64150284212928,0,1162.5423041427566,0.0,68.0,58.0
209,4989,2022-05-03,Los Angeles Dodgers,San Francisco Giants,1,-141.0,117.0,0.5850622406639004,0.4608294930875576,0.6122166833479075,0.3877833166520925,0.02715444268400702,-0.07304617643546513,True,False,0,1,0,0,62.64150284212928,0,1099.9008013006273,0.0,68.0,59.0
210,6035,2022-07-17,Toronto Blue Jays,Kansas City Royals,1,-323.0,255.0,0.7635933806146572,0.2816901408450704,0.6442365746584471,0.3557634253415528,-0.11935680595621012,0.07407328449648243,False,True,1,0,0,0,54.99504006503137,0,1116.9271294941354,17.026328193508164,69.0,59.0
211,2714,2021-06-06,San Diego Padres,New York Mets,0,-137.0,117.0,0.5780590717299579,0.4608294930875576,0.6069931882589004,0.3930068117410996,0.02893411652894251,-0.06782268134645802,True,False,1,0,0,0,54.99504006503137,0,1181.2713263702221,64.3441968760867,70.0,59.0
212,8495,2023-06-01,Toronto Blue Jays,Milwaukee Brewers,1,-190.0,156.0,0.6551724137931034,0.390625,0.5927775644217341,0.4072224355782659,-0.0623948493713693,0.016597435578265873,False,True,1,0,0,0,54.99504006503137,0,1210.216084299186,28.944757928963877,71.0,59.0
213,8249,2023-05-14,Washington Nationals,New York Mets,1,165.0,-200.0,0.3773584905660377,0.6666666666666666,0.425035748666596,0.574964251333404,0.047677258100558284,-0.09170241533326262,True,False,0,1,0,0,54.99504006503137,0,1155.2210442341545,0.0,71.0,60.0
214,8582,2023-06-07,Colorado Rockies,San Francisco Giants,0,165.0,-200.0,0.3773584905660377,0.6666666666666666,0.4231808325484496,0.5768191674515504,0.04582234198241192,-0.08984749921511626,True,False,1,0,0,0,54.99504006503137,0,1182.7185642666702,27.497520032515684,72.0,60.0
215,791,2020-08-23,Baltimore Orioles,Boston Red Sox,1,105.0,-125.0,0.4878048780487805,0.5555555555555556,0.5492305246913058,0.4507694753086941,0.06142564664252537,-0.10478608024686148,True,False,0,1,0,0,59.135928213333514,0,1123.5826360533367,0.0,72.0,61.0
216,4031,2021-09-14,Philadelphia Phillies,Chicago Cubs,0,-196.0,160.0,0.6621621621621622,0.3846153846153846,0.6037062866371221,0.3962937133628778,-0.05845587552504006,0.011678328747493194,False,True,0,1,0,0,59.135928213333514,0,1064.4467078400032,0.0,72.0,62.0
217,3062,2021-07-02,Los Angeles Angels,Baltimore Orioles,1,-169.0,145.0,0.6282527881040892,0.4081632653061224,0.6281675707589447,0.3718324292410553,-8.521734514455037e-05,-0.036330836065067096,False,False,0,0,0,0,0.0,0,1064.4467078400032,0.0,72.0,62.0
218,2722,2021-06-08,Boston Red Sox,Houston Astros,0,105.0,-125.0,0.4878048780487805,0.5555555555555556,0.4886387601852933,0.5113612398147067,0.0008338821365128091,-0.044194315740848866,False,False,0,0,0,0,0.0,0,1064.4467078400032,0.0,72.0,62.0
219,3720,2021-08-22,Toronto Blue Jays,Detroit Tigers,0,-238.0,205.0,0.7041420118343196,0.3278688524590163,0.6363721954281683,0.3636278045718318,-0.06776981640615132,0.03575895211281549,False,True,0,1,0,0,59.135928213333514,0,1005.3107796266697,0.0,72.0,63.0
220,7780,2023-04-09,Colorado Rockies,Washington Nationals,1,-143.0,120.0,0.588477366255144,0.4545454545454545,0.5842259212395511,0.4157740787604488,-0.004251445015592936,-0.03877137578500567,False,False,0,0,0,0,0.0,0,1005.3107796266697,0.0,72.0,63.0
221,4006,2021-09-12,Baltimore Orioles,Toronto Blue Jays,0,185.0,-227.0,0.3508771929824561,0.6941896024464832,0.4182705930362383,0.5817294069637617,0.0673934000537822,-0.11246019548272146,True,False,1,0,0,0,50.26553898133349,0,1027.4541888695478,22.14340924287819,73.0,63.0
222,4993,2022-05-04,Detroit Tigers,Pittsburgh Pirates,1,-147.0,124.0,0.5951417004048583,0.4464285714285714,0.5868996851907222,0.4131003148092777,-0.008242015214136034,-0.03332825661929367,False,False,0,0,0,0,0.0,0,1027.4541888695478,0.0,73.0,63.0
223,2694,2021-06-05,Milwaukee Brewers,Arizona Diamondbacks,1,-233.0,195.0,0.6996996996996997,0.3389830508474576,0.6418595415727819,0.3581404584272181,-0.057840158126917784,0.019157407579760477,False,True,1,0,0,0,50.26553898133349,0,1049.027381565399,21.573192695851287,74.0,63.0
224,2271,2021-05-05,Oakland Athletics,Toronto Blue Jays,0,-122.0,102.0,0.5495495495495496,0.495049504950495,0.5919549990954315,0.4080450009045685,0.04240544954588188,-0.08700450404592647,True,False,1,0,0,0,50.26553898133349,0,1100.2982313263592,51.27084976096016,75.0,63.0
225,5369,2022-05-30,Philadelphia Phillies,San Francisco Giants,0,-108.0,-112.0,0.5192307692307693,0.5283018867924528,0.4456823861700935,0.5543176138299065,-0.07354838306067579,0.026015727037453695,False,True,0,1,0,0,55.01491156631796,0,1045.2833197600412,0.0,75.0,64.0
226,3485,2021-08-05,Texas Rangers,Los Angeles Angels,0,-108.0,-112.0,0.5192307692307693,0.5283018867924528,0.4411810426062869,0.558818957393713,-0.0780497266244824,0.030517070601260188,False,True,0,1,0,0,55.01491156631796,0,990.2684081937232,0.0,75.0,65.0
227,8677,2023-06-14,San Diego Padres,Cleveland Guardians,1,-155.0,130.0,0.6078431372549019,0.4347826086956521,0.5980284905433095,0.4019715094566904,-0.009814646711592379,-0.032811099238961694,False,False,0,0,0,0,0.0,0,990.2684081937232,0.0,75.0,65.0
228,5098,2022-05-11,New York Yankees,Toronto Blue Jays,1,-145.0,122.0,0.5918367346938775,0.4504504504504504,0.615686890970157,0.3843131090298429,0.02385015627627951,-0.06613734142060751,True,False,0,1,0,0,55.01491156631796,0,935.2534966274052,0.0,75.0,66.0
229,6845,2022-09-17,Houston Astros,Oakland Athletics,0,-263.0,210.0,0.7245179063360881,0.3225806451612903,0.6454629256894133,0.3545370743105867,-0.07905498064667482,0.03195642914929636,False,True,0,1,0,0,55.01491156631796,0,880.2385850610872,0.0,75.0,67.0
230,8146,2023-05-06,Pittsburgh Pirates,Toronto Blue Jays,0,110.0,-132.0,0.4761904761904761,0.5689655172413793,0.4396974405328284,0.5603025594671716,-0.03649303565764772,-0.00866295777420778,False,False,0,0,0,0,0.0,0,880.2385850610872,0.0,75.0,67.0
231,8062,2023-04-30,Miami Marlins,Chicago Cubs,1,144.0,-175.0,0.4098360655737705,0.6363636363636364,0.4481247356465997,0.5518752643534002,0.03828867007282921,-0.08448837201023618,True,False,0,1,0,0,44.01192925305436,0,836.2266558080328,0.0,75.0,68.0
232,3189,2021-07-11,Houston Astros,New York Yankees,1,-135.0,116.0,0.574468085106383,0.4629629629629629,0.5669171126111533,0.4330828873888467,-0.007550972495229735,-0.029880075574116205,False,False,0,0,0,0,0.0,0,836.2266558080328,0.0,75.0,68.0
233,6037,2022-07-17,New York Yankees,Boston Red Sox,1,-208.0,170.0,0.6753246753246753,0.3703703703703703,0.6416641265768931,0.3583358734231069,-0.03366054874778224,-0.012034496947263384,False,False,0,0,0,0,0.0,0,836.2266558080328,0.0,75.0,68.0
234,4799,2022-04-19,Los Angeles Dodgers,Atlanta Braves,0,-161.0,134.0,0.6168582375478927,0.4273504273504273,0.6412758974488402,0.3587241025511598,0.024417659900947464,-0.0686263247992675,True,False,1,0,0,0,44.01192925305436,0,895.2026410071256,58.97598519909285,76.0,68.0
235,5246,2022-05-21,Baltimore Orioles,Tampa Bay Rays,0,130.0,-154.0,0.4347826086956521,0.6062992125984252,0.4258507759029261,0.5741492240970739,-0.008931832792726024,-0.03214998850135131,False,False,0,0,0,0,0.0,0,895.2026410071256,0.0,76.0,68.0
236,812,2020-08-24,Houston Astros,Los Angeles Angels,1,-159.0,139.0,0.6138996138996139,0.4184100418410041,0.6411139249893076,0.3588860750106923,0.027214311089693743,-0.0595239668303118,True,False,0,1,0,0,44.76013205035628,0,850.4425089567693,0.0,76.0,69.0
237,8207,2023-05-10,Cincinnati Reds,New York Mets,0,139.0,-165.0,0.4184100418410041,0.6226415094339622,0.4384723550581246,0.5615276449418755,0.020062313217120487,-0.06111386449208678,True,False,1,0,0,0,44.76013205035628,0,877.569861714561,27.127352757791687,77.0,69.0
238,5834,2022-07-03,Washington Nationals,Miami Marlins,0,112.0,-133.0,0.4716981132075472,0.5708154506437768,0.4280478748106955,0.5719521251893045,-0.04365023839685167,0.0011366745455276828,False,False,0,0,0,0,0.0,0,877.569861714561,0.0,77.0,69.0
239,6778,2022-09-12,Arizona Diamondbacks,Los Angeles Dodgers,0,190.0,-233.0,0.3448275862068966,0.6996996996996997,0.4183009444526734,0.5816990555473265,0.07347335824577683,-0.11800064415237321,True,False,1,0,0,0,44.76013205035628,0,896.7802188177182,19.210357103157204,78.0,69.0
240,6663,2022-09-04,Atlanta Braves,Miami Marlins,1,-263.0,210.0,0.7245179063360881,0.3225806451612903,0.6446227133464778,0.3553772866535222,-0.07989519298961034,0.03279664149223188,False,True,1,0,0,0,44.83901094088591,0,913.8292724074086,17.04905358969046,79.0,69.0
241,837,2020-08-26,Detroit Tigers,Chicago Cubs,1,130.0,-149.0,0.4347826086956521,0.5983935742971888,0.4299418412388993,0.5700581587611007,-0.004840767456752826,-0.028335415536088093,False,False,0,0,0,0,0.0,0,913.8292724074086,0.0,79.0,69.0
242,3568,2021-08-11,Baltimore Orioles,Detroit Tigers,0,-103.0,-118.0,0.5073891625615764,0.5412844036697247,0.4296708653950438,0.5703291346049562,-0.07771829716653261,0.02904473093523141,False,True,0,1,0,0,44.83901094088591,0,868.9902614665226,0.0,79.0,70.0
243,8551,2023-06-05,Pittsburgh Pirates,Oakland Athletics,1,-196.0,161.0,0.6621621621621622,0.3831417624521073,0.6448039267686432,0.3551960732313567,-0.017358235393518995,-0.02794568922075058,False,False,0,0,0,0,0.0,0,868.9902614665226,0.0,79.0,70.0
244,2943,2021-06-24,Detroit Tigers,Houston Astros,0,190.0,-222.0,0.3448275862068966,0.6894409937888198,0.4201530861718482,0.5798469138281518,0.07532549996495164,-0.10959407996066806,True,False,1,0,0,0,44.83901094088591,0,889.1880141425974,20.197752676074735,80.0,70.0
245,8346,2023-05-21,Atlanta Braves,Seattle Mariners,1,-110.0,-110.0,0.5238095238095238,0.5238095238095238,0.5784107311365769,0.421589268863423,0.05460120732705309,-0.10222025494610082,True,False,0,1,0,0,44.45940070712987,0,844.7286134354674,0.0,80.0,71.0
246,7865,2023-04-15,Seattle Mariners,Colorado Rockies,1,-250.0,205.0,0.7142857142857143,0.3278688524590163,0.638963810920782,0.361036189079218,-0.07532190336493227,0.03316733662020166,False,True,1,0,0,0,44.45940070712987,0,862.5123737183194,17.78376028285195,81.0,71.0
247,8306,2023-05-18,Baltimore Orioles,Los Angeles Angels,0,-160.0,134.0,0.6153846153846154,0.4273504273504273,0.6200136388748178,0.3799863611251822,0.004629023490202333,-0.04736406622524508,False,False,0,0,0,0,0.0,0,862.5123737183194,0.0,81.0,71.0
248,5435,2022-06-03,Oakland Athletics,Boston Red Sox,0,134.0,-161.0,0.4273504273504273,0.6168582375478927,0.4321997936179743,0.5678002063820258,0.004849366267547006,-0.04905803116586693,False,False,0,0,0,0,0.0,0,862.5123737183194,0.0,81.0,71.0
249,5436,2022-06-03,Los Angeles Dodgers,New York Mets,1,-164.0,139.0,0.6212121212121212,0.4184100418410041,0.6196963148922872,0.3803036851077128,-0.0015158063198340566,-0.038106356733291324,False,False,0,0,0,0,0.0,0,862.5123737183194,0.0,81.0,71.0
250,6500,2022-08-23,Philadelphia Phillies,Cincinnati Reds,1,-222.0,180.0,0.6894409937888198,0.3571428571428571,0.6366409197329694,0.3633590802670306,-0.05280007405585041,0.0062162231241735255,False,False,0,0,0,0,0.0,0,862.5123737183194,0.0,81.0,71.0
251,3519,2021-08-07,Houston Astros,Minnesota Twins,1,-200.0,169.0,0.6666666666666666,0.3717472118959107,0.6203524874360717,0.3796475125639282,-0.04631417923059489,0.007900300668017501,False,False,0,0,0,0,0.0,0,862.5123737183194,0.0,81.0,71.0
252,6159,2022-07-29,Boston Red Sox,Milwaukee Brewers,0,139.0,-164.0,0.4184100418410041,0.6212121212121212,0.4395984032882133,0.5604015967117867,0.021188361447209203,-0.06081052450033453,True,False,1,0,0,0,43.125618685915974,0,888.8084826731462,26.296108954826813,82.0,71.0
253,8315,2023-05-19,Washington Nationals,Detroit Tigers,0,-110.0,-110.0,0.5238095238095238,0.5238095238095238,0.4928013288924173,0.5071986711075827,-0.031008194917106546,-0.01661085270194118,False,False,0,0,0,0,0.0,0,888.8084826731462,0.0,82.0,71.0
254,2030,2021-04-18,Kansas City Royals,Toronto Blue Jays,1,-110.0,-110.0,0.5238095238095238,0.5238095238095238,0.5257208887747664,0.4742791112252335,0.001911364965242579,-0.04953041258429036,False,False,0,0,0,0,0.0,0,888.8084826731462,0.0,82.0,71.0
255,6084,2022-07-23,Arizona Diamondbacks,Washington Nationals,1,-149.0,126.0,0.5983935742971888,0.4424778761061947,0.6299427391118207,0.3700572608881792,0.03154916481463199,-0.07242061521801552,True,False,0,1,0,0,44.44042413365731,0,844.3680585394889,0.0,82.0,72.0
256,8773,2023-06-21,Minnesota Twins,Boston Red Sox,1,-135.0,113.0,0.574468085106383,0.4694835680751174,0.4703123411651321,0.529687658834868,-0.10415574394125093,0.06020409075975064,False,True,1,0,0,0,44.44042413365731,0,877.2868912310869,32.918832691598006,83.0,72.0
257,8600,2023-06-09,Baltimore Orioles,Kansas City Royals,1,-185.0,153.0,0.6491228070175439,0.3952569169960474,0.6433566847125798,0.3566433152874201,-0.005766122304964094,-0.03861360170862732,False,False,0,0,0,0,0.0,0,877.2868912310869,0.0,83.0,72.0
258,4742,2022-04-15,Los Angeles Dodgers,Cincinnati Reds,1,-244.0,200.0,0.7093023255813954,0.3333333333333333,0.6456746078514848,0.3543253921485151,-0.0636277177299106,0.02099205881518179,False,True,1,0,0,0,44.44042413365731,0,895.5001798104546,18.21328857936775,84.0,72.0
259,8083,2023-05-01,San Diego Padres,Cincinnati Reds,1,-240.0,195.0,0.7058823529411765,0.3389830508474576,0.6303100560196453,0.3696899439803546,-0.07557229692153122,0.030706893132896984,False,True,1,0,0,0,44.44042413365731,0,914.0170231994784,18.51684338902388,85.0,72.0
260,5375,2022-05-30,Texas Rangers,Tampa Bay Rays,1,119.0,-143.0,0.45662100456621,0.588477366255144,0.4268928482823197,0.5731071517176802,-0.029728156283890306,-0.015370214537463789,False,False,0,0,0,0,0.0,0,914.0170231994784,0.0,85.0,72.0
261,8536,2023-06-04,New York Mets,Toronto Blue Jays,0,-133.0,111.0,0.5708154506437768,0.4739336492890995,0.5005483020055438,0.4994516979944562,-0.07026714863823302,0.025518048705356733,False,True,0,1,0,0,45.70085115997392,0,868.3161720395045,0.0,85.0,73.0
262,6038,2022-07-17,Tampa Bay Rays,Baltimore Orioles,1,-154.0,130.0,0.6062992125984252,0.4347826086956521,0.6184663123457546,0.3815336876542454,0.012167099747329324,-0.053248921041406716,True,False,0,1,0,0,45.70085115997392,0,822.6153208795306,0.0,85.0,74.0
263,5354,2022-05-29,Detroit Tigers,Cleveland Guardians,1,140.0,-167.0,0.4166666666666667,0.6254681647940075,0.4293805064242094,0.5706194935757907,0.0127138397575427,-0.054848671218216793,True,False,0,1,0,0,45.70085115997392,0,776.9144697195567,0.0,85.0,75.0
264,5876,2022-07-05,Los Angeles Dodgers,Colorado Rockies,1,-233.0,190.0,0.6996996996996997,0.3448275862068966,0.6445256988800366,0.3554743011199633,-0.05517400081966306,0.010646714913066735,False,True,1,0,0,0,45.70085115997392,0,796.528568929846,19.614099210289236,86.0,75.0
265,2912,2021-06-22,Minnesota Twins,Cincinnati Reds,0,-120.0,100.0,0.5454545454545454,0.5,0.589566844281934,0.4104331557180661,0.04411229882738854,-0.0895668442819339,True,False,1,0,0,0,39.8264284464923,0,836.3549973763382,39.8264284464923,87.0,75.0
266,8878,2023-06-30,Chicago Cubs,Cleveland Guardians,1,-165.0,139.0,0.6226415094339622,0.4184100418410041,0.5216386253923844,0.4783613746076157,-0.10100288404157787,0.059951332766611576,False,True,1,0,0,0,39.8264284464923,0,860.4922267378487,24.137229361510485,88.0,75.0
267,8275,2023-05-15,Los Angeles Dodgers,Minnesota Twins,1,-118.0,-102.0,0.5412844036697247,0.504950495049505,0.6135356400132685,0.3864643599867314,0.0722512363435438,-0.11848613506277356,True,False,0,1,0,0,39.8264284464923,0,820.6657982913564,0.0,88.0,76.0
268,8823,2023-06-25,Miami Marlins,Pittsburgh Pirates,1,-170.0,141.0,0.6296296296296297,0.4149377593360996,0.6198430626193204,0.3801569373806795,-0.009786567010309222,-0.034780821955420094,False,False,0,0,0,0,0.0,0,820.6657982913564,0.0,88.0,76.0
269,3567,2021-08-11,San Diego Padres,Miami Marlins,0,-161.0,141.0,0.6168582375478927,0.4149377593360996,0.6392147068249112,0.3607852931750888,0.02235646927701851,-0.054152466161010826,True,False,1,0,0,0,39.8264284464923,0,876.8210624009105,56.15526410955414,89.0,76.0
270,470,2020-08-01,Baltimore Orioles,Tampa Bay Rays,1,190.0,-222.0,0.3448275862068966,0.6894409937888198,0.4306576405274733,0.5693423594725266,0.08583005432057672,-0.1200986343162932,True,False,0,1,0,0,43.84105312004553,0,832.9800092808649,0.0,89.0,77.0
271,5453,2022-06-05,New York Yankees,Detroit Tigers,1,-312.0,250.0,0.7572815533980582,0.2857142857142857,0.6451046895490526,0.3548953104509474,-0.1121768638490056,0.06918102473666171,False,True,1,0,0,0,43.84105312004553,0,847.0316288706231,14.051619589758184,90.0,77.0
272,6184,2022-07-31,Pittsburgh Pirates,Philadelphia Phillies,0,151.0,-182.0,0.398406374501992,0.6453900709219859,0.4199756253858043,0.5800243746141955,0.021569250883812285,-0.06536569630779032,True,False,1,0,0,0,43.84105312004553,0,871.1201195959228,24.088490725299742,91.0,77.0
273,8425,2023-05-27,New York Yankees,San Diego Padres,1,-148.0,124.0,0.5967741935483871,0.4464285714285714,0.5861202066926414,0.4138797933073586,-0.0106539868557457,-0.03254877812121282,False,False,0,0,0,0,0.0,0,871.1201195959228,0.0,91.0,77.0
274,2138,2021-04-26,Milwaukee Brewers,Miami Marlins,0,-175.0,150.0,0.6363636363636364,0.4,0.6283323955177286,0.3716676044822714,-0.008031240845907783,-0.028332395517728648,False,False,0,0,0,0,0.0,0,871.1201195959228,0.0,91.0,77.0
275,6633,2022-09-02,Cleveland Guardians,Seattle Mariners,0,122.0,-145.0,0.4504504504504504,0.5918367346938775,0.4436727486164831,0.5563272513835169,-0.006777701833967309,-0.035509483310360634,False,False,0,0,0,0,0.0,0,871.1201195959228,0.0,91.0,77.0
276,7992,2023-04-25,Pittsburgh Pirates,Los Angeles Dodgers,0,105.0,-125.0,0.4878048780487805,0.5555555555555556,0.4447557082965948,0.5552442917034053,-0.0430491697521857,-0.00031126385215030083,False,False,0,0,0,0,0.0,0,871.1201195959228,0.0,91.0,77.0
277,8170,2023-05-07,San Diego Padres,Los Angeles Dodgers,0,-105.0,-115.0,0.5121951219512195,0.5348837209302325,0.4385956890220852,0.5614043109779148,-0.07359943292913435,0.026520590047682258,False,True,0,1,0,0,43.55600597979614,0,827.5641136161266,0.0,91.0,78.0
278,6270,2022-08-06,Baltimore Orioles,Pittsburgh Pirates,1,-154.0,130.0,0.6062992125984252,0.4347826086956521,0.6331152864744669,0.3668847135255331,0.02681607387604168,-0.06789789517011902,True,False,0,1,0,0,43.55600597979614,0,784.0081076363305,0.0,91.0,79.0
279,742,2020-08-19,Seattle Mariners,Los Angeles Dodgers,1,205.0,-238.0,0.3278688524590163,0.7041420118343196,0.4176464341480549,0.582353565851945,0.0897775816890386,-0.1217884459823746,True,False,0,1,0,0,43.55600597979614,0,740.4521016565343,0.0,91.0,80.0
280,7026,2022-10-01,Washington Nationals,Philadelphia Phillies,0,153.0,-185.0,0.3952569169960474,0.6491228070175439,0.4198518832706179,0.580148116729382,0.024594966274570473,-0.06897469028816183,True,False,1,0,0,0,37.022605082826715,0,760.4643206202244,20.012218963690117,92.0,80.0
281,5318,2022-05-26,Oakland Athletics,Texas Rangers,0,-123.0,103.0,0.5515695067264574,0.4926108374384236,0.5566705836675205,0.4433294163324795,0.0051010769410630985,-0.04928142110594408,False,False,0,0,0,0,0.0,0,760.4643206202244,0.0,92.0,80.0
282,2322,2021-05-09,Los Angeles Angels,Los Angeles Dodgers,1,165.0,-189.0,0.3773584905660377,0.6539792387543253,0.4198256479023222,0.5801743520976778,0.04246715733628448,-0.07380488665664753,True,False,0,1,0,0,37.022605082826715,0,723.4417155373976,0.0,92.0,81.0
283,6689,2022-09-06,Philadelphia Phillies,Miami Marlins,1,-227.0,185.0,0.6941896024464832,0.3508771929824561,0.636266283869978,0.363733716130022,-0.057923318576505234,0.012856523147565857,False,True,1,0,0,0,37.022605082826715,0,739.7512331950305,16.309517657632913,93.0,81.0
284,5943,2022-07-10,Oakland Athletics,Houston Astros,0,153.0,-185.0,0.3952569169960474,0.6491228070175439,0.4200862056923723,0.5799137943076277,0.02482928869632489,-0.0692090127099162,True,False,1,0,0,0,37.022605082826715,0,759.7634521587206,20.012218963690117,94.0,81.0
285,8686,2023-06-15,Atlanta Braves,Colorado Rockies,1,-240.0,195.0,0.7058823529411765,0.3389830508474576,0.643970976882661,0.3560290231173389,-0.06191137605851549,0.017045972269881304,False,True,1,0,0,0,37.98817260793603,0,775.5918574120273,15.828405253306679,95.0,81.0
286,4806,2022-04-20,San Diego Padres,Cincinnati Reds,1,-196.0,160.0,0.6621621621621622,0.3846153846153846,0.6454510658540208,0.3545489341459792,-0.016711096308141382,-0.03006645046940537,False,False,0,0,0,0,0.0,0,775.5918574120273,0.0,95.0,81.0
287,6016,2022-07-15,San Diego Padres,Arizona Diamondbacks,1,-185.0,153.0,0.6491228070175439,0.3952569169960474,0.630372951965894,0.3696270480341059,-0.018749855051649833,-0.025629868961941527,False,False,0,0,0,0,0.0,0,775.5918574120273,0.0,95.0,81.0
288,6103,2022-07-25,Philadelphia Phillies,Atlanta Braves,1,148.0,-179.0,0.4032258064516129,0.6415770609318996,0.4345421829018318,0.5654578170981682,0.0313163764502189,-0.07611924383373136,True,False,0,1,0,0,37.98817260793603,0,737.6036848040912,0.0,95.0,82.0
289,8139,2023-05-05,Seattle Mariners,Houston Astros,0,-142.0,119.0,0.5867768595041323,0.45662100456621,0.5343661929524803,0.4656338070475197,-0.05241066655165194,0.0090128024813097,False,False,0,0,0,0,0.0,0,737.6036848040912,0.0,95.0,82.0
290,6293,2022-08-07,Arizona Diamondbacks,Colorado Rockies,1,-154.0,130.0,0.6062992125984252,0.4347826086956521,0.5464540993130054,0.4535459006869947,-0.05984511328541986,0.01876329199134258,False,True,1,0,0,0,36.880184240204564,0,761.5518563886396,23.94817158454842,96.0,82.0
291,2823,2021-06-15,Houston Astros,Texas Rangers,1,-185.0,160.0,0.6491228070175439,0.3846153846153846,0.6428343422955005,0.3571656577044995,-0.006288464722043363,-0.027449726910885097,False,False,0,0,0,0,0.0,0,761.5518563886396,0.0,96.0,82.0
292,1271,2020-09-24,Los Angeles Dodgers,Oakland Athletics,1,-204.0,175.0,0.6710526315789473,0.3636363636363636,0.6296428366963819,0.3703571633036181,-0.041409794882565465,0.006720799667254529,False,False,0,0,0,0,0.0,0,761.5518563886396,0.0,96.0,82.0
293,1010,2020-09-06,Oakland Athletics,San Diego Padres,0,-103.0,-118.0,0.5073891625615764,0.5412844036697247,0.5705855064686876,0.4294144935313124,0.06319634390711115,-0.11186991013841235,True,False,1,0,0,0,36.880184240204564,0,792.8062498125419,31.254393423902172,97.0,82.0
294,7758,2023-04-08,Philadelphia Phillies,Cincinnati Reds,1,-145.0,122.0,0.5918367346938775,0.4504504504504504,0.5869372657784466,0.4130627342215534,-0.004899468915430916,-0.03738771622889703,False,False,0,0,0,0,0.0,0,792.8062498125419,0.0,97.0,82.0
295,5442,2022-06-04,Pittsburgh Pirates,Arizona Diamondbacks,1,-128.0,107.0,0.5614035087719298,0.4830917874396135,0.500240187030719,0.4997598129692809,-0.06116332174121075,0.016668025529667396,False,True,1,0,0,0,39.640312490627096,0,823.7752439458443,30.96899413330242,98.0,82.0
296,5191,2022-05-17,Toronto Blue Jays,Seattle Mariners,1,-135.0,113.0,0.574468085106383,0.4694835680751174,0.6059138363156589,0.3940861636843411,0.03144575120927584,-0.0753974043907763,True,False,0,1,0,0,39.640312490627096,0,784.1349314552172,0.0,98.0,83.0
297,8331,2023-05-20,Texas Rangers,Colorado Rockies,1,-190.0,156.0,0.6551724137931034,0.390625,0.63786583682189,0.36213416317811,-0.017306576971213405,-0.02849083682189002,False,False,0,0,0,0,0.0,0,784.1349314552172,0.0,98.0,83.0
298,6901,2022-09-21,Kansas City Royals,Minnesota Twins,1,122.0,-145.0,0.4504504504504504,0.5918367346938775,0.4479742526346444,0.5520257473653556,-0.0024761978158059916,-0.03981098732852195,False,False,0,0,0,0,0.0,0,784.1349314552172,0.0,98.0,83.0
299,8487,2023-05-31,Los Angeles Dodgers,Washington Nationals,0,-240.0,195.0,0.7058823529411765,0.3389830508474576,0.645458247020023,0.354541752979977,-0.06042410592115355,0.015558702132519364,False,True,0,1,0,0,39.640312490627096,0,744.49461896459,0.0,98.0,84.0
300,4792,2022-04-19,Milwaukee Brewers,Pittsburgh Pirates,1,-250.0,205.0,0.7142857142857143,0.3278688524590163,0.6365729488691028,0.3634270511308972,-0.07771276541661154,0.03555819867188087,False,True,1,0,0,0,37.2247309482295,0,759.3845113438819,14.889892379291801,99.0,84.0
301,644,2020-08-13,Philadelphia Phillies,Baltimore Orioles,0,-185.0,160.0,0.6491228070175439,0.3846153846153846,0.558191618909426,0.4418083810905739,-0.09093118810811784,0.05719299647518933,False,True,0,1,0,0,37.2247309482295,0,722.1597803956523,0.0,99.0,85.0
302,7830,2023-04-13,Tampa Bay Rays,Boston Red Sox,1,-220.0,180.0,0.6875,0.3571428571428571,0.6447199788297772,0.3552800211702228,-0.04278002117022284,-0.0018628359726343136,False,False,0,0,0,0,0.0,0,722.1597803956523,0.0,99.0,85.0
303,2182,2021-04-29,Texas Rangers,Boston Red Sox,1,108.0,-128.0,0.4807692307692308,0.5614035087719298,0.4270266846478434,0.5729733153521566,-0.0537425461213874,0.011569806580226771,False,True,1,0,0,0,37.2247309482295,0,762.3624898197402,40.202709424087864,100.0,85.0
304,5964,2022-07-12,Tampa Bay Rays,Boston Red Sox,1,-105.0,-115.0,0.5121951219512195,0.5348837209302325,0.5662486134380278,0.4337513865619722,0.05405349148680827,-0.1011323343682603,True,False,0,1,0,0,37.2247309482295,0,725.1377588715106,0.0,100.0,86.0
305,1312,2020-09-27,Toronto Blue Jays,Baltimore Orioles,0,-128.0,108.0,0.5614035087719298,0.4807692307692308,0.6223396572149035,0.3776603427850965,0.06093614844297368,-0.10310888798413426,True,False,1,0,0,0,36.256887943575535,0,764.2951978505722,39.15743897906158,101.0,86.0
306,6033,2022-07-16,San Diego Padres,Arizona Diamondbacks,1,-189.0,156.0,0.6539792387543253,0.390625,0.6382567773201806,0.3617432226798194,-0.015722461434144686,-0.0288817773201806,False,False,0,0,0,0,0.0,0,764.2951978505722,0.0,101.0,86.0
307,6916,2022-09-22,Philadelphia Phillies,Atlanta Braves,1,122.0,-145.0,0.4504504504504504,0.5918367346938775,0.4375871587734118,0.5624128412265881,-0.01286329167703859,-0.029423893467289464,False,False,0,0,0,0,0.0,0,764.2951978505722,0.0,101.0,86.0
308,6105,2022-07-25,Detroit Tigers,San Diego Padres,1,139.0,-164.0,0.4184100418410041,0.6212121212121212,0.4262389288869365,0.5737610711130636,0.007828887045932376,-0.04745105009905759,False,False,0,0,0,0,0.0,0,764.2951978505722,0.0,101.0,86.0
309,4001,2021-09-11,New York Mets,New York Yankees,0,108.0,-130.0,0.4807692307692308,0.5652173913043478,0.4922279652163812,0.5077720347836188,0.011458734447150398,-0.05744535652072902,True,False,1,0,0,0,36.256887943575535,0,792.1851116533226,27.889913802750414,102.0,86.0
310,6954,2022-09-25,Miami Marlins,Washington Nationals,0,-175.0,144.0,0.6363636363636364,0.4098360655737705,0.6338749556342842,0.3661250443657158,-0.002488680729352155,-0.0437110212080547,False,False,0,0,0,0,0.0,0,792.1851116533226,0.0,102.0,86.0
311,3995,2021-09-11,Pittsburgh Pirates,Washington Nationals,1,110.0,-132.0,0.4761904761904761,0.5689655172413793,0.4569799878068534,0.5430200121931466,-0.019210488383622715,-0.025945505048232786,False,False,0,0,0,0,0.0,0,792.1851116533226,0.0,102.0,86.0
312,3533,2021-08-08,Houston Astros,Minnesota Twins,0,-182.0,158.0,0.6453900709219859,0.3875968992248062,0.631225346737714,0.368774653262286,-0.014164724184271837,-0.018822245962520245,False,False,0,0,0,0,0.0,0,792.1851116533226,0.0,102.0,86.0
313,8016,2023-04-26,Atlanta Braves,Miami Marlins,1,-160.0,134.0,0.6153846153846154,0.4273504273504273,0.6425213257438398,0.3574786742561601,0.02713671035922438,-0.06987175309426719,True,False,0,1,0,0,39.60925558266613,0,752.5758560706564,0.0,102.0,87.0
314,8134,2023-05-05,Kansas City Royals,Oakland Athletics,0,-150.0,126.0,0.6,0.4424778761061947,0.627016370865503,0.372983629134497,0.027016370865503014,-0.0694942469716977,True,False,1,0,0,0,39.60925558266613,0,802.4835181048157,49.90766203415932,103.0,87.0
315,1319,2020-09-27,Atlanta Braves,Boston Red Sox,0,-133.0,114.0,0.5708154506437768,0.4672897196261682,0.6316640170587028,0.3683359829412972,0.060848566414925975,-0.09895373668487101,True,False,1,0,0,0,40.12417590524079,0,848.2250786367903,45.7415605319745,104.0,87.0
316,1123,2020-09-14,Baltimore Orioles,Atlanta Braves,1,142.0,-164.0,0.4132231404958678,0.6212121212121212,0.4201437243849093,0.5798562756150907,0.006920583889041543,-0.04135584559703054,False,False,0,0,0,0,0.0,0,848.2250786367903,0.0,104.0,87.0
317,5309,2022-05-26,Tampa Bay Rays,New York Yankees,0,108.0,-130.0,0.4807692307692308,0.5652173913043478,0.4775336628385211,0.5224663371614788,-0.0032355679307096707,-0.04275105414286895,False,False,0,0,0,0,0.0,0,848.2250786367903,0.0,104.0,87.0
318,8193,2023-05-09,Los Angeles Angels,Houston Astros,0,-140.0,117.0,0.5833333333333334,0.4608294930875576,0.4982209719553592,0.5017790280446408,-0.08511236137797418,0.0409495349570832,False,True,0,1,0,0,40.12417590524079,0,808.1009027315495,0.0,104.0,88.0
319,8465,2023-05-29,Seattle Mariners,New York Yankees,0,-140.0,117.0,0.5833333333333334,0.4608294930875576,0.4981436228697073,0.5018563771302926,-0.08518971046362606,0.04102688404273502,False,True,0,1,0,0,40.12417590524079,0,767.9767268263087,0.0,104.0,89.0
320,500,2020-08-03,Atlanta Braves,New York Mets,0,108.0,-128.0,0.4807692307692308,0.5614035087719298,0.6434093789842936,0.3565906210157063,0.16264014821506284,-0.20481288775622347,True,False,1,0,0,0,38.39883634131544,0,797.9758177179614,29.999090891652685,105.0,89.0
321,4720,2022-04-14,Pittsburgh Pirates,Washington Nationals,1,-130.0,108.0,0.5652173913043478,0.4807692307692308,0.5780241787191054,0.4219758212808946,0.012806787414757603,-0.05879340948833617,True,False,0,1,0,0,38.39883634131544,0,759.5769813766459,0.0,105.0,90.0
322,787,2020-08-22,Seattle Mariners,Texas Rangers,1,-137.0,118.0,0.5780590717299579,0.4587155963302752,0.5398412459438359,0.4601587540561641,-0.038217825786121984,0.0014431577258888773,False,False,0,0,0,0,0.0,0,759.5769813766459,0.0,105.0,90.0
323,5761,2022-06-27,Seattle Mariners,Baltimore Orioles,0,-149.0,126.0,0.5983935742971888,0.4424778761061947,0.5965654723441662,0.4034345276558337,-0.0018281019530225207,-0.039043348450361004,False,False,0,0,0,0,0.0,0,759.5769813766459,0.0,105.0,90.0
324,6868,2022-09-19,Los Angeles Angels,Seattle Mariners,0,113.0,-135.0,0.4694835680751174,0.574468085106383,0.4736087554165371,0.526391244583463,0.0041251873414197004,-0.04807684052292005,False,False,0,0,0,0,0.0,0,759.5769813766459,0.0,105.0,90.0
325,6021,2022-07-16,Chicago Cubs,New York Mets,0,180.0,-222.0,0.3571428571428571,0.6894409937888198,0.4185643388379168,0.5814356611620832,0.06142148169505973,-0.10800533262673662,True,False,1,0,0,0,37.9788490688323,0,776.6845710472911,17.10758967064518,106.0,90.0
326,2647,2021-06-02,Chicago Cubs,San Diego Padres,1,-105.0,-115.0,0.5121951219512195,0.5348837209302325,0.4943057352475764,0.5056942647524236,-0.017889386703643095,-0.02918945617780888,False,False,0,0,0,0,0.0,0,776.6845710472911,0.0,106.0,90.0
327,3190,2021-07-11,Milwaukee Brewers,Cincinnati Reds,0,-161.0,140.0,0.6168582375478927,0.4166666666666667,0.5548638201217191,0.4451361798782809,-0.06199441742617362,0.028469513211614228,False,True,0,1,0,0,37.9788490688323,0,738.7057219784588,0.0,106.0,91.0
328,3356,2021-07-26,Seattle Mariners,Houston Astros,1,155.0,-179.0,0.392156862745098,0.6415770609318996,0.4256712457423008,0.5743287542576991,0.03351438299720283,-0.06724830667420045,True,False,0,1,0,0,37.9788490688323,0,700.7268729096264,0.0,106.0,92.0
329,6671,2022-09-04,Los Angeles Angels,Houston Astros,0,139.0,-164.0,0.4184100418410041,0.6212121212121212,0.4222301271752218,0.5777698728247782,0.003820085334217682,-0.04344224838734301,False,False,0,0,0,0,0.0,0,700.7268729096264,0.0,106.0,92.0
330,6073,2022-07-23,Boston Red Sox,Toronto Blue Jays,0,122.0,-145.0,0.4504504504504504,0.5918367346938775,0.4291374542197856,0.5708625457802143,-0.021312996230664794,-0.020974188913663205,False,False,0,0,0,0,0.0,0,700.7268729096264,0.0,106.0,92.0
331,5742,2022-06-26,Kansas City Royals,Oakland Athletics,0,-164.0,139.0,0.6212121212121212,0.4184100418410041,0.5695491350813979,0.430450864918602,-0.05166298613072329,0.012040823077597906,False,True,0,1,0,0,35.036343645481324,0,665.6905292641451,0.0,106.0,93.0
332,8500,2023-06-01,Minnesota Twins,Cleveland Guardians,1,-135.0,113.0,0.574468085106383,0.4694835680751174,0.5852754266579198,0.4147245733420802,0.010807341551536731,-0.05475899473303719,True,False,0,1,0,0,35.036343645481324,0,630.6541856186637,0.0,106.0,94.0
333,5804,2022-07-01,Washington Nationals,Miami Marlins,0,-130.0,108.0,0.5652173913043478,0.4807692307692308,0.4712068260569791,0.5287931739430207,-0.09401056524736867,0.04802394317378994,False,True,0,1,0,0,35.036343645481324,0,595.6178419731824,0.0,106.0,95.0
334,5712,2022-06-24,Atlanta Braves,Los Angeles Dodgers,0,113.0,-135.0,0.4694835680751174,0.574468085106383,0.4374943278400985,0.5625056721599014,-0.03198924023501887,-0.011962412946481593,False,False,0,0,0,0,0.0,0,595.6178419731824,0.0,106.0,95.0
335,6288,2022-08-07,Milwaukee Brewers,Cincinnati Reds,0,-278.0,225.0,0.7354497354497355,0.3076923076923077,0.6380362357270843,0.3619637642729156,-0.09741349972265112,0.05427145658060789,False,True,0,1,0,0,29.780892098659123,0,565.8369498745233,0.0,106.0,96.0
336,1052,2020-09-09,Oakland Athletics,Houston Astros,1,-164.0,142.0,0.6212121212121212,0.4132231404958678,0.5816380770067335,0.4183619229932665,-0.03957404420538768,0.005138782497398742,False,False,0,0,0,0,0.0,0,565.8369498745233,0.0,106.0,96.0
337,6460,2022-08-20,New York Yankees,Toronto Blue Jays,0,-179.0,148.0,0.6415770609318996,0.4032258064516129,0.5614924321411949,0.4385075678588051,-0.08008462879070466,0.03528176140719225,False,True,0,1,0,0,29.780892098659123,0,536.0560577758641,0.0,106.0,97.0
338,6577,2022-08-28,Milwaukee Brewers,Chicago Cubs,1,-161.0,134.0,0.6168582375478927,0.4273504273504273,0.63767754570522,0.36232245429478,0.020819308157327243,-0.06502797305564728,True,False,0,1,0,0,29.780892098659123,0,506.275165677205,0.0,106.0,98.0
339,6635,2022-09-02,Tampa Bay Rays,New York Yankees,1,-130.0,108.0,0.5652173913043478,0.4807692307692308,0.5636670523401375,0.4363329476598624,-0.0015503389642103071,-0.04443628310936837,False,False,0,0,0,0,0.0,0,506.275165677205,0.0,106.0,98.0
340,3054,2021-07-02,Pittsburgh Pirates,Milwaukee Brewers,0,110.0,-130.0,0.4761904761904761,0.5652173913043478,0.4213131604778481,0.5786868395221518,-0.054877315712627994,0.013469448217804048,False,True,0,1,0,0,25.313758283860253,0,480.96140739334476,0.0,106.0,99.0
341,6877,2022-09-20,Los Angeles Dodgers,Arizona Diamondbacks,0,-225.0,185.0,0.6923076923076923,0.3508771929824561,0.6454134177665638,0.3545865822334362,-0.04689427454112849,0.0037093892509800774,False,False,0,0,0,0,0.0,0,480.96140739334476,0.0,106.0,99.0
342,6872,2022-09-19,Atlanta Braves,Washington Nationals,1,-345.0,270.0,0.7752808988764045,0.2702702702702703,0.6454470318201639,0.354552968179836,-0.12983386705624056,0.08428269790956572,False,True,1,0,0,0,25.313758283860253,0,488.2987286350434,7.337321241698624,107.0,99.0
343,5164,2022-05-15,Arizona Diamondbacks,Chicago Cubs,0,-125.0,105.0,0.5555555555555556,0.4878048780487805,0.5452591449374982,0.4547408550625018,-0.010296410618057417,-0.033064022986278696,False,False,0,0,0,0,0.0,0,488.2987286350434,0.0,107.0,99.0
344,2800,2021-06-13,Oakland Athletics,Kansas City Royals,1,-189.0,165.0,0.6539792387543253,0.3773584905660377,0.6384472313270998,0.3615527686729002,-0.015532007427225492,-0.015805721893137503,False,False,0,0,0,0,0.0,0,488.2987286350434,0.0,107.0,99.0
345,3781,2021-08-26,Seattle Mariners,Kansas City Royals,0,-167.0,143.0,0.6254681647940075,0.411522633744856,0.6132991748382336,0.3867008251617664,-0.012168989955773868,-0.024821808583089577,False,False,0,0,0,0,0.0,0,488.2987286350434,0.0,107.0,99.0
346,8117,2023-05-04,Detroit Tigers,New York Mets,1,148.0,-180.0,0.4032258064516129,0.6428571428571429,0.4340092540349368,0.5659907459650632,0.03078344758332391,-0.07686639689207975,True,False,0,1,0,0,24.41493643175217,0,463.88379220329125,0.0,107.0,100.0
347,8162,2023-05-07,Kansas City Royals,Oakland Athletics,1,-105.0,-115.0,0.5121951219512195,0.5348837209302325,0.5684239205340434,0.4315760794659565,0.056228798582823925,-0.10330764146427601,True,False,0,1,0,0,24.41493643175217,0,439.4688557715391,0.0,107.0,101.0
348,6560,2022-08-27,Kansas City Royals,San Diego Padres,0,180.0,-222.0,0.3571428571428571,0.6894409937888198,0.4207927107935484,0.5792072892064515,0.06364985365069131,-0.11023370458236836,True,False,1,0,0,0,24.41493643175217,0,450.466574884941,10.997719113401878,108.0,101.0
349,5704,2022-06-23,Oakland Athletics,Seattle Mariners,0,115.0,-139.0,0.4651162790697674,0.5815899581589958,0.4306536452066758,0.5693463547933242,-0.03446263386309156,-0.012243603365671651,False,False,0,0,0,0,0.0,0,450.466574884941,0.0,108.0,101.0
350,5282,2022-05-24,Tampa Bay Rays,Miami Marlins,1,-161.0,134.0,0.6168582375478927,0.4273504273504273,0.6229864696657053,0.3770135303342947,0.006128232117812549,-0.05033689701613259,False,False,0,0,0,0,0.0,0,450.466574884941,0.0,108.0,101.0
351,7069,2022-10-03,Los Angeles Dodgers,Colorado Rockies,0,-345.0,270.0,0.7752808988764045,0.2702702702702703,0.6454238273724773,0.3545761726275226,-0.12985707150392722,0.08430590235725233,False,True,0,1,0,0,22.523328744247053,0,427.94324614069393,0.0,108.0,102.0
352,8438,2023-05-27,Colorado Rockies,New York Mets,1,165.0,-200.0,0.3773584905660377,0.6666666666666666,0.4210179978657468,0.5789820021342531,0.04365950729970908,-0.08768466453241353,True,False,0,1,0,0,22.523328744247053,0,405.41991739644686,0.0,108.0,103.0
353,4134,2021-09-21,Colorado Rockies,Los Angeles Dodgers,0,170.0,-208.0,0.3703703703703703,0.6753246753246753,0.4184412704325412,0.5815587295674587,0.04807090006217091,-0.09376594575721664,True,False,1,0,0,0,22.523328744247053,0,416.24844083118103,10.82852343473416,109.0,103.0
354,5788,2022-06-29,Cleveland Guardians,Minnesota Twins,1,-115.0,-105.0,0.5348837209302325,0.5121951219512195,0.4628205519022258,0.5371794480977743,-0.07206316902800669,0.02498432614655477,False,True,1,0,0,0,22.523328744247053,0,435.83394408704805,19.585503255867003,110.0,103.0
355,5361,2022-05-29,Arizona Diamondbacks,Los Angeles Dodgers,0,170.0,-208.0,0.3703703703703703,0.6753246753246753,0.4178865423320385,0.5821134576679614,0.047516171961668185,-0.09321121765671392,True,False,1,0,0,0,21.791697204352403,0,446.31072158914054,10.476777502092501,111.0,103.0
356,8540,2023-06-04,Kansas City Royals,Colorado Rockies,1,-135.0,113.0,0.574468085106383,0.4694835680751174,0.4767803045663958,0.5232196954336041,-0.09768778053998722,0.05373612735848676,False,True,1,0,0,0,21.791697204352403,0,462.45271951829045,16.141997929149927,112.0,103.0
357,5351,2022-05-29,Boston Red Sox,Baltimore Orioles,1,-189.0,156.0,0.6539792387543253,0.390625,0.6167925674409521,0.3832074325590479,-0.037186671313373165,-0.007417567440952122,False,False,0,0,0,0,0.0,0,462.45271951829045,0.0,112.0,103.0
358,6704,2022-09-07,New York Yankees,Minnesota Twins,1,-200.0,165.0,0.6666666666666666,0.3773584905660377,0.6355021806037777,0.3644978193962223,-0.031164486062888908,-0.01286067116981543,False,False,0,0,0,0,0.0,0,462.45271951829045,0.0,112.0,103.0
359,2371,2021-05-13,Houston Astros,Texas Rangers,1,-200.0,170.0,0.6666666666666666,0.3703703703703703,0.6376583192726475,0.3623416807273524,-0.02900834739401914,-0.008028689643017894,False,False,0,0,0,0,0.0,0,462.45271951829045,0.0,112.0,103.0
360,1230,2020-09-22,Washington Nationals,Philadelphia Phillies,1,170.0,-200.0,0.3703703703703703,0.6666666666666666,0.5000920063140943,0.4999079936859057,0.12972163594372405,-0.1667586729807609,True,False,0,1,0,0,23.122635975914523,0,439.3300835423759,0.0,112.0,104.0
361,954,2020-09-03,Houston Astros,Texas Rangers,1,-167.0,143.0,0.6254681647940075,0.411522633744856,0.6428213821430362,0.3571786178569638,0.017353217349028727,-0.05434401588789217,True,False,0,1,0,0,23.122635975914523,0,416.2074475664614,0.0,112.0,105.0
362,7043,2022-10-02,New York Yankees,Baltimore Orioles,0,-160.0,134.0,0.6153846153846154,0.4273504273504273,0.6409500009412092,0.3590499990587907,0.025565385556593823,-0.06830042829163657,True,False,1,0,0,0,23.122635975914523,0,447.19177977418684,30.984332207725462,113.0,105.0
363,4953,2022-05-01,Baltimore Orioles,Boston Red Sox,1,130.0,-154.0,0.4347826086956521,0.6062992125984252,0.4391175568669996,0.5608824431330004,0.004334948171347497,-0.04541676946542483,False,False,0,0,0,0,0.0,0,447.19177977418684,0.0,113.0,105.0
364,2120,2021-04-25,Boston Red Sox,Seattle Mariners,1,-196.0,167.0,0.6621621621621622,0.3745318352059925,0.5451770703710122,0.4548229296289879,-0.11698509179115002,0.08029109442299542,False,True,1,0,0,0,23.122635975914523,0,458.98904302720445,11.797263253017615,114.0,105.0
365,6340,2022-08-11,Arizona Diamondbacks,Pittsburgh Pirates,1,-175.0,144.0,0.6363636363636364,0.4098360655737705,0.6130303111890363,0.3869696888109636,-0.023333325174600072,-0.022866376762806895,False,False,0,0,0,0,0.0,0,458.98904302720445,0.0,114.0,105.0
366,8048,2023-04-29,Washington Nationals,Pittsburgh Pirates,0,130.0,-155.0,0.4347826086956521,0.6078431372549019,0.4244586100986084,0.5755413899013917,-0.010323998597043693,-0.03230174735351021,False,False,0,0,0,0,0.0,0,458.98904302720445,0.0,114.0,105.0
367,5151,2022-05-14,Los Angeles Dodgers,Philadelphia Phillies,0,-185.0,153.0,0.6491228070175439,0.3952569169960474,0.6270286463746351,0.3729713536253649,-0.02209416064290881,-0.02228556337068255,False,False,0,0,0,0,0.0,0,458.98904302720445,0.0,114.0,105.0
368,2778,2021-06-12,Cincinnati Reds,Colorado Rockies,1,-133.0,113.0,0.5708154506437768,0.4694835680751174,0.6271952975087696,0.3728047024912304,0.056379846864992755,-0.096678865583887,True,False,0,1,0,0,22.949452151360223,0,436.0395908758442,0.0,114.0,106.0
369,5880,2022-07-06,Oakland Athletics,Toronto Blue Jays,0,153.0,-185.0,0.3952569169960474,0.6491228070175439,0.4343408933166049,0.565659106683395,0.03908397632055749,-0.08346370033414885,True,False,1,0,0,0,22.949452151360223,0,448.44470014684975,12.405109271005527,115.0,106.0
370,8363,2023-05-22,Atlanta Braves,Los Angeles Dodgers,0,-155.0,130.0,0.6078431372549019,0.4347826086956521,0.5448545501627959,0.455145449837204,-0.06298858709210597,0.0203628411415519,False,True,0,1,0,0,22.42223500734249,0,426.0224651395073,0.0,115.0,107.0
371,8247,2023-05-13,Colorado Rockies,Philadelphia Phillies,0,130.0,-155.0,0.4347826086956521,0.6078431372549019,0.4277309630830725,0.5722690369169274,-0.0070516456125795934,-0.03557410033797448,False,False,0,0,0,0,0.0,0,426.0224651395073,0.0,115.0,107.0
372,5496,2022-06-08,Cleveland Guardians,Texas Rangers,1,-161.0,134.0,0.6168582375478927,0.4273504273504273,0.599475821078186,0.400524178921814,-0.01738241646970673,-0.026826248428613253,False,False,0,0,0,0,0.0,0,426.0224651395073,0.0,115.0,107.0
373,8116,2023-05-04,Washington Nationals,Chicago Cubs,1,170.0,-210.0,0.3703703703703703,0.6774193548387096,0.432823630133183,0.567176369866817,0.062453259762812685,-0.11024298497189267,True,False,0,1,0,0,22.42223500734249,0,403.6002301321648,0.0,115.0,108.0
374,3095,2021-07-04,Oakland Athletics,Boston Red Sox,0,-112.0,-106.0,0.5283018867924528,0.5145631067961165,0.5392604948824764,0.4607395051175236,0.01095860809002358,-0.0538236016785929,True,False,1,0,0,0,22.42223500734249,0,424.7532820258842,21.15305189371933,116.0,108.0
375,6212,2022-08-02,Pittsburgh Pirates,Milwaukee Brewers,1,210.0,-263.0,0.3225806451612903,0.7245179063360881,0.4185695457773046,0.5814304542226953,0.09598890061601428,-0.1430874521133928,True,False,0,1,0,0,21.23766410129421,0,403.51561792458995,0.0,116.0,109.0
376,5466,2022-06-05,Los Angeles Dodgers,New York Mets,0,-179.0,148.0,0.6415770609318996,0.4032258064516129,0.6109261688839805,0.3890738311160194,-0.030650892047919043,-0.01415197533559348,False,False,0,0,0,0,0.0,0,403.51561792458995,0.0,116.0,109.0
377,3532,2021-08-08,Atlanta Braves,Washington Nationals,1,-222.0,190.0,0.6894409937888198,0.3448275862068966,0.6322350275108675,0.3677649724891326,-0.05720596627795238,0.022937386282236016,False,True,1,0,0,0,21.23766410129421,0,413.0821332855333,9.566515360943338,117.0,109.0
378,5723,2022-06-25,New York Yankees,Houston Astros,0,-169.0,141.0,0.6282527881040892,0.4149377593360996,0.5578364497192788,0.4421635502807212,-0.07041633838481043,0.027225790944621575,False,True,0,1,0,0,21.23766410129421,0,391.8444691842391,0.0,117.0,110.0
379,8740,2023-06-19,Miami Marlins,Toronto Blue Jays,1,130.0,-155.0,0.4347826086956521,0.6078431372549019,0.4607813762497644,0.5392186237502355,0.02599876755411229,-0.06862451350466636,True,False,0,1,0,0,21.23766410129421,0,370.60680508294485,0.0,117.0,111.0
380,3740,2021-08-23,Oakland Athletics,Seattle Mariners,0,-128.0,108.0,0.5614035087719298,0.4807692307692308,0.5992687652861319,0.400731234713868,0.03786525651420214,-0.08003799605536277,True,False,1,0,0,0,18.530340254147244,0,390.61957255742385,20.012767474479027,118.0,111.0
381,6085,2022-07-23,Oakland Athletics,Texas Rangers,1,105.0,-125.0,0.4878048780487805,0.5555555555555556,0.5089079441854562,0.4910920558145438,0.021103066136675674,-0.06446349974101179,True,False,0,1,0,0,18.530340254147244,0,372.0892323032766,0.0,118.0,112.0
382,5178,2022-05-16,Los Angeles Dodgers,Arizona Diamondbacks,1,-250.0,205.0,0.7142857142857143,0.3278688524590163,0.6437487077890154,0.3562512922109845,-0.07053700649669892,0.02838243975196819,False,True,1,0,0,0,18.530340254147244,0,379.50136840493553,7.4121361016588985,119.0,112.0
383,8088,2023-05-02,New York Yankees,Cleveland Guardians,1,-175.0,144.0,0.6363636363636364,0.4098360655737705,0.6131594949843671,0.3868405050156329,-0.023204141379269294,-0.022995560558137618,False,False,0,0,0,0,0.0,0,379.50136840493553,0.0,119.0,112.0
384,1184,2020-09-18,Chicago Cubs,Minnesota Twins,1,-132.0,112.0,0.5689655172413793,0.4716981132075472,0.5368773185138938,0.4631226814861062,-0.032088198727485584,-0.008575431721440985,False,False,0,0,0,0,0.0,0,379.50136840493553,0.0,119.0,112.0
385,6005,2022-07-15,Washington Nationals,Atlanta Braves,0,156.0,-189.0,0.390625,0.6539792387543253,0.4186171751188679,0.5813828248811321,0.027992175118867924,-0.07259641387319316,True,False,1,0,0,0,18.975068420246778,0,389.54108714580684,10.03971874087131,120.0,112.0
386,6986,2022-09-28,Detroit Tigers,Kansas City Royals,1,-130.0,108.0,0.5652173913043478,0.4807692307692308,0.5808588432972583,0.4191411567027416,0.01564145199291056,-0.06162807406648918,True,False,0,1,0,0,18.975068420246778,0,370.56601872556007,0.0,120.0,113.0
387,6707,2022-09-07,Oakland Athletics,Atlanta Braves,0,225.0,-278.0,0.3076923076923077,0.7354497354497355,0.4182005265592011,0.581799473440799,0.11050821886689338,-0.1536502620089365,True,False,1,0,0,0,18.975068420246778,0,377.39158290550495,6.825564179944884,121.0,113.0
388,2074,2021-04-21,Cincinnati Reds,Arizona Diamondbacks,0,-175.0,150.0,0.6363636363636364,0.4,0.6317104168477172,0.3682895831522828,-0.004653219515919127,-0.03171041684771725,False,False,0,0,0,0,0.0,0,377.39158290550495,0.0,121.0,113.0
389,2501,2021-05-23,Washington Nationals,Baltimore Orioles,1,-185.0,160.0,0.6491228070175439,0.3846153846153846,0.6389383662547063,0.3610616337452936,-0.010184440762837532,-0.023553750870090984,False,False,0,0,0,0,0.0,0,377.39158290550495,0.0,121.0,113.0
390,6512,2022-08-23,Seattle Mariners,Washington Nationals,1,-263.0,215.0,0.7245179063360881,0.3174603174603174,0.643932521629369,0.3560674783706311,-0.08058538470671917,0.03860716091031369,False,True,1,0,0,0,18.86957914527525,0,384.56632782766286,7.174744922157889,122.0,113.0
391,8148,2023-05-06,Kansas City Royals,Oakland Athletics,0,-170.0,141.0,0.6296296296296297,0.4149377593360996,0.619733598791768,0.380266401208232,-0.009896030837861614,-0.03467135812786759,False,False,0,0,0,0,0.0,0,384.56632782766286,0.0,122.0,113.0
392,1942,2021-04-12,Arizona Diamondbacks,Oakland Athletics,0,110.0,-130.0,0.4761904761904761,0.5652173913043478,0.596857769407602,0.403142230592398,0.12066729321712594,-0.16207516071194977,True,False,1,0,0,0,18.86957914527525,0,399.08138870864383,14.515060880980961,123.0,113.0
393,6723,2022-09-08,Philadelphia Phillies,Miami Marlins,0,-127.0,106.0,0.5594713656387665,0.4854368932038835,0.6317818136135499,0.3682181863864501,0.07231044797478337,-0.1172187068174334,True,False,1,0,0,0,18.86957914527525,0,419.0831426026356,20.001753893991765,124.0,113.0
394,6551,2022-08-26,Seattle Mariners,Cleveland Guardians,1,-110.0,-110.0,0.5238095238095238,0.5238095238095238,0.5244896718224935,0.4755103281775065,0.0006801480129696724,-0.048299195632017344,False,False,0,0,0,0,0.0,0,419.0831426026356,0.0,124.0,113.0
395,3510,2021-08-07,New York Yankees,Seattle Mariners,1,-185.0,160.0,0.6491228070175439,0.3846153846153846,0.6347171611985408,0.3652828388014592,-0.014405645819003055,-0.019332545813925406,False,False,0,0,0,0,0.0,0,419.0831426026356,0.0,124.0,113.0
396,2104,2021-04-24,Minnesota Twins,Pittsburgh Pirates,0,-204.0,175.0,0.6710526315789473,0.3636363636363636,0.6308615503144248,0.3691384496855752,-0.04019108126452253,0.005502086049211596,False,False,0,0,0,0,0.0,0,419.0831426026356,0.0,124.0,113.0
397,8658,2023-06-13,Kansas City Royals,Cincinnati Reds,0,-115.0,-105.0,0.5348837209302325,0.5121951219512195,0.4348676132300484,0.5651323867699516,-0.1000161077001841,0.052937264818732066,False,True,0,1,0,0,20.95415713013178,0,398.1289854725038,0.0,124.0,114.0
398,5698,2022-06-23,Miami Marlins,Colorado Rockies,1,-145.0,122.0,0.5918367346938775,0.4504504504504504,0.6067578025183296,0.3932421974816704,0.014921067824452017,-0.057208252968780016,True,False,0,1,0,0,20.95415713013178,0,377.17482834237205,0.0,124.0,115.0
399,3810,2021-08-28,Los Angeles Angels,San Diego Padres,1,110.0,-130.0,0.4761904761904761,0.5652173913043478,0.4297015079427511,0.5702984920572488,-0.04648896824772503,0.005081100752901024,False,False,0,0,0,0,0.0,0,377.17482834237205,0.0,124.0,115.0
400,6885,2022-09-20,Milwaukee Brewers,New York Mets,0,-110.0,-110.0,0.5238095238095238,0.5238095238095238,0.4530622212230455,0.5469377787769545,-0.07074730258647832,0.02312825496743065,False,True,0,1,0,0,18.858741417118605,0,358.31608692525344,0.0,124.0,116.0
401,6790,2022-09-13,Minnesota Twins,Kansas City Royals,1,-189.0,156.0,0.6539792387543253,0.390625,0.6152785164596892,0.3847214835403107,-0.03870072229463606,-0.005903516459689284,False,False,0,0,0,0,0.0,0,358.31608692525344,0.0,124.0,116.0
402,5771,2022-06-28,Chicago Cubs,Cincinnati Reds,0,-115.0,-105.0,0.5348837209302325,0.5121951219512195,0.5256215442149557,0.4743784557850444,-0.009262176715276849,-0.03781666616617513,False,False,0,0,0,0,0.0,0,358.31608692525344,0.0,124.0,116.0
403,8020,2023-04-27,Atlanta Braves,Miami Marlins,0,-190.0,156.0,0.6551724137931034,0.390625,0.6436539737083917,0.3563460262916083,-0.0115184400847117,-0.034278973708391725,False,False,0,0,0,0,0.0,0,358.31608692525344,0.0,124.0,116.0
404,5640,2022-06-18,Los Angeles Dodgers,Cleveland Guardians,1,-227.0,185.0,0.6941896024464832,0.3508771929824561,0.6290501324854395,0.3709498675145605,-0.0651394699610437,0.020072674532104373,False,True,1,0,0,0,18.858741417118605,0,366.62390252750833,8.307815602254891,125.0,116.0
405,4795,2022-04-19,Colorado Rockies,Philadelphia Phillies,1,108.0,-130.0,0.4807692307692308,0.5652173913043478,0.6176133782722478,0.3823866217277522,0.13684414750301704,-0.1828307695765956,True,False,0,1,0,0,18.331195126375416,0,348.29270740113293,0.0,125.0,117.0
406,5348,2022-05-28,San Diego Padres,Pittsburgh Pirates,0,-238.0,195.0,0.7041420118343196,0.3389830508474576,0.6434020738025269,0.3565979261974731,-0.06073993803179267,0.01761487535001549,False,True,0,1,0,0,18.331195126375416,0,329.9615122747575,0.0,125.0,118.0
407,5362,2022-05-29,San Diego Padres,Pittsburgh Pirates,1,-200.0,165.0,0.6666666666666666,0.3773584905660377,0.6379932645609838,0.3620067354390162,-0.02867340210568281,-0.015351755127021527,False,False,0,0,0,0,0.0,0,329.9615122747575,0.0,125.0,118.0
408,5647,2022-06-19,Baltimore Orioles,Tampa Bay Rays,1,126.0,-149.0,0.4424778761061947,0.5983935742971888,0.4239775939049878,0.5760224060950123,-0.01850028220120692,-0.02237116820217644,False,False,0,0,0,0,0.0,0,329.9615122747575,0.0,125.0,118.0
409,5206,2022-05-18,Baltimore Orioles,New York Yankees,0,210.0,-263.0,0.3225806451612903,0.7245179063360881,0.417859094162069,0.582140905837931,0.0952784490007787,-0.14237700049815716,True,False,1,0,0,0,18.331195126375416,0,336.931548444482,6.970036169724493,126.0,118.0
410,7924,2023-04-19,Boston Red Sox,Minnesota Twins,0,113.0,-135.0,0.4694835680751174,0.574468085106383,0.4851415060620153,0.5148584939379847,0.015657937986897907,-0.05960959116839837,True,False,1,0,0,0,16.8465774222241,0,349.4104946831665,12.478946238684518,127.0,118.0
411,6574,2022-08-28,Kansas City Royals,San Diego Padres,1,148.0,-179.0,0.4032258064516129,0.6415770609318996,0.4215198754524508,0.5784801245475492,0.01829406900083791,-0.06309693638435043,True,False,0,1,0,0,16.8465774222241,0,332.5639172609424,0.0,127.0,119.0
412,6936,2022-09-24,Philadelphia Phillies,Atlanta Braves,0,113.0,-135.0,0.4694835680751174,0.574468085106383,0.4955545746753761,0.504445425324624,0.02607100660025874,-0.07002265978175903,True,False,1,0,0,0,16.8465774222241,0,345.0428634996269,12.478946238684518,128.0,119.0
413,3077,2021-07-03,Oakland Athletics,Boston Red Sox,1,-130.0,110.0,0.5652173913043478,0.4761904761904761,0.5194638455372105,0.4805361544627894,-0.045753545767137305,0.0043456782723133025,False,False,0,0,0,0,0.0,0,345.0428634996269,0.0,128.0,119.0
414,1083,2020-09-12,New York Yankees,Baltimore Orioles,1,-175.0,151.0,0.6363636363636364,0.398406374501992,0.6434399777746702,0.3565600222253298,0.00707634141103386,-0.041846352276662224,False,False,0,0,0,0,0.0,0,345.0428634996269,0.0,128.0,119.0
415,5286,2022-05-24,Minnesota Twins,Detroit Tigers,1,-250.0,205.0,0.7142857142857143,0.3278688524590163,0.6416687037476987,0.3583312962523013,-0.07261701053801561,0.030462443793285,False,True,1,0,0,0,17.252143174981345,0,351.9437207696194,6.900857269992539,129.0,119.0
416,2525,2021-05-25,Miami Marlins,Philadelphia Phillies,0,-133.0,113.0,0.5708154506437768,0.4694835680751174,0.5741802973218701,0.4258197026781299,0.003364846678093336,-0.04366386539698747,False,False,0,0,0,0,0.0,0,351.9437207696194,0.0,129.0,119.0
417,3348,2021-07-26,New York Mets,Atlanta Braves,0,-161.0,140.0,0.6168582375478927,0.4166666666666667,0.5333824130536526,0.4666175869463473,-0.08347582449424007,0.04995092027968062,False,True,0,1,0,0,17.252143174981345,0,334.69157759463803,0.0,129.0,120.0
418,2592,2021-05-29,Chicago Cubs,Cincinnati Reds,1,-118.0,-102.0,0.5412844036697247,0.504950495049505,0.6275233730042464,0.3724766269957535,0.08623896933452169,-0.13247386805375144,True,False,0,1,0,0,17.252143174981345,0,317.43943441965666,0.0,129.0,121.0
419,6995,2022-09-28,Los Angeles Angels,Oakland Athletics,1,-195.0,160.0,0.6610169491525424,0.3846153846153846,0.6315599023238536,0.3684400976761464,-0.02945704682868877,-0.016175286939238198,False,False,0,0,0,0,0.0,0,317.43943441965666,0.0,129.0,121.0
420,3712,2021-08-21,Houston Astros,Seattle Mariners,1,-154.0,135.0,0.6062992125984252,0.425531914893617,0.6343427808268647,0.3656572191731353,0.028043568228439453,-0.05987469572048171,True,False,0,1,0,0,15.871971720982835,0,301.5674626986738,0.0,129.0,122.0
421,6563,2022-08-27,Minnesota Twins,San Francisco Giants,1,-141.0,117.0,0.5850622406639004,0.4608294930875576,0.5319054171740495,0.4680945828259505,-0.05315682348985096,0.007265089738392905,False,False,0,0,0,0,0.0,0,301.5674626986738,0.0,129.0,122.0
422,6452,2022-08-19,Minnesota Twins,Texas Rangers,1,-141.0,117.0,0.5850622406639004,0.4608294930875576,0.6121287590052089,0.3878712409947911,0.027066518341308465,-0.07295825209276652,True,False,0,1,0,0,15.871971720982835,0,285.69549097769095,0.0,129.0,123.0
423,6193,2022-07-31,Colorado Rockies,Los Angeles Dodgers,0,153.0,-185.0,0.3952569169960474,0.6491228070175439,0.4189540992218387,0.5810459007781613,0.023697182225791258,-0.06807690623938256,True,False,1,0,0,0,15.871971720982835,0,294.27493515119517,8.579444173504235,130.0,123.0
424,5648,2022-06-19,Toronto Blue Jays,New York Yankees,1,134.0,-161.0,0.4273504273504273,0.6168582375478927,0.4238965400320049,0.5761034599679951,-0.0034538873184223884,-0.04075477757989765,False,False,0,0,0,0,0.0,0,294.27493515119517,0.0,130.0,123.0
425,8063,2023-04-30,Boston Red Sox,Cleveland Guardians,1,-126.0,106.0,0.5575221238938053,0.4854368932038835,0.5475262797348961,0.4524737202651039,-0.009995844158909195,-0.032963172938779595,False,False,0,0,0,0,0.0,0,294.27493515119517,0.0,130.0,123.0
426,4910,2022-04-28,Cincinnati Reds,San Diego Padres,0,-110.0,-110.0,0.5238095238095238,0.5238095238095238,0.4207003206349071,0.5792996793650929,-0.10310920317461675,0.05549015555556902,False,True,0,1,0,0,14.71374675755976,0,279.5611883936354,0.0,130.0,124.0
427,6744,2022-09-10,Kansas City Royals,Detroit Tigers,0,-115.0,-105.0,0.5348837209302325,0.5121951219512195,0.493621278859597,0.5063787211404029,-0.04126244207063551,-0.00581640081081658,False,False,0,0,0,0,0.0,0,279.5611883936354,0.0,130.0,124.0
428,2871,2021-06-18,Seattle Mariners,Tampa Bay Rays,1,100.0,-120.0,0.5,0.5454545454545454,0.435002729703613,0.564997270296387,-0.06499727029638702,0.019542724841841608,False,True,1,0,0,0,14.71374675755976,0,294.27493515119517,14.71374675755976,131.0,124.0
429,8595,2023-06-08,Atlanta Braves,New York Mets,1,-170.0,141.0,0.6296296296296297,0.4149377593360996,0.6295950624024211,0.3704049375975789,-3.456722720851513e-05,-0.04453282173852069,False,False,0,0,0,0,0.0,0,294.27493515119517,0.0,131.0,124.0
430,1997,2021-04-16,Texas Rangers,Baltimore Orioles,0,-123.0,103.0,0.5515695067264574,0.4926108374384236,0.6144251461513723,0.3855748538486277,0.0628556394249149,-0.10703598358979588,True,False,1,0,0,0,14.71374675755976,0,309.4300943114817,15.155159160286553,132.0,124.0
431,8779,2023-06-22,Philadelphia Phillies,Atlanta Braves,0,100.0,-120.0,0.5,0.5454545454545454,0.4388429866541726,0.5611570133458273,-0.061157013345827405,0.015702467891281935,False,True,0,1,0,0,14.71374675755976,0,294.71634755392193,0.0,132.0,125.0
432,5892,2022-07-07,Cincinnati Reds,Pittsburgh Pirates,0,-110.0,-110.0,0.5238095238095238,0.5238095238095238,0.5923781904263933,0.4076218095736067,0.06856866661686944,-0.11618771423591712,True,False,1,0,0,0,14.71374675755976,0,308.09248096988534,13.376133415963418,133.0,125.0
433,5108,2022-05-11,Minnesota Twins,Houston Astros,0,105.0,-125.0,0.4878048780487805,0.5555555555555556,0.4339242208126402,0.5660757791873597,-0.05388065723614027,0.01052022363180416,False,True,0,1,0,0,14.71374675755976,0,293.3787342123256,0.0,133.0,126.0
434,8177,2023-05-08,Milwaukee Brewers,Los Angeles Dodgers,1,-110.0,-110.0,0.5238095238095238,0.5238095238095238,0.4451817712044321,0.5548182287955679,-0.07862775260509175,0.031008704986044022,False,True,1,0,0,0,14.71374675755976,0,306.754867628289,13.376133415963418,134.0,126.0
435,6508,2022-08-23,Houston Astros,Minnesota Twins,1,-357.0,280.0,0.7811816192560175,0.2631578947368421,0.6432270119214192,0.3567729880785808,-0.1379546073345983,0.09361509334173873,False,True,1,0,0,0,15.33774338141445,0,311.0511542897496,4.2962866614606305,135.0,126.0
436,8624,2023-06-10,Cleveland Guardians,Houston Astros,0,-132.0,110.0,0.5689655172413793,0.4761904761904761,0.4994167194401864,0.5005832805598136,-0.06954879780119294,0.024392804369337495,False,True,0,1,0,0,15.33774338141445,0,295.71341090833516,0.0,135.0,127.0
437,536,2020-08-05,Oakland Athletics,Texas Rangers,1,-172.0,148.0,0.6323529411764706,0.4032258064516129,0.6436606419917823,0.3563393580082177,0.011307700815311739,-0.04688644844339518,True,False,0,1,0,0,15.33774338141445,0,280.3756675269207,0.0,135.0,128.0
438,8316,2023-05-19,Philadelphia Phillies,Chicago Cubs,0,-125.0,105.0,0.5555555555555556,0.4878048780487805,0.554942646539506,0.4450573534604941,-0.0006129090160496009,-0.0427475245882864,False,False,0,0,0,0,0.0,0,280.3756675269207,0.0,135.0,128.0
439,8886,2023-06-30,Texas Rangers,Houston Astros,0,-165.0,139.0,0.6226415094339622,0.4184100418410041,0.5036605226022832,0.4963394773977168,-0.11898098683167901,0.07792943555671267,False,True,0,1,0,0,15.33774338141445,0,265.0379241455063,0.0,135.0,129.0
440,1063,2020-09-10,Chicago Cubs,Cincinnati Reds,1,116.0,-135.0,0.4629629629629629,0.574468085106383,0.5814396421176748,0.4185603578823252,0.11847667915471194,-0.15590772722405782,True,False,0,1,0,0,13.251896207275315,0,251.78602793823097,0.0,135.0,130.0
441,4812,2022-04-20,Washington Nationals,Arizona Diamondbacks,0,-128.0,107.0,0.5614035087719298,0.4830917874396135,0.6320662468219207,0.3679337531780793,0.0706627380499909,-0.1151580342615342,True,False,1,0,0,0,13.251896207275315,0,265.9655568800156,14.179528941784588,136.0,130.0
442,5904,2022-07-08,Cincinnati Reds,Tampa Bay Rays,1,144.0,-175.0,0.4098360655737705,0.6363636363636364,0.4215097327213735,0.5784902672786265,0.011673667147602984,-0.05787336908500984,True,False,0,1,0,0,13.251896207275315,0,252.71366067274028,0.0,136.0,131.0
443,4874,2022-04-25,Philadelphia Phillies,Colorado Rockies,1,-185.0,154.0,0.6491228070175439,0.3937007874015748,0.4941974774174467,0.5058025225825533,-0.1549253296000972,0.11210173518097849,False,True,1,0,0,0,13.251896207275315,0,259.87684781180803,7.163187139067738,137.0,131.0
444,5604,2022-06-16,Chicago Cubs,San Diego Padres,0,165.0,-200.0,0.3773584905660377,0.6666666666666666,0.4184084626087137,0.5815915373912863,0.04104997204267602,-0.0850751292753803,True,False,1,0,0,0,13.251896207275315,0,266.5027959154457,6.625948103637658,138.0,131.0
445,5971,2022-07-12,Colorado Rockies,San Diego Padres,1,117.0,-141.0,0.4608294930875576,0.5850622406639004,0.4343369798735683,0.5656630201264317,-0.02649251321398932,-0.019399220537468786,False,False,0,0,0,0,0.0,0,266.5027959154457,0.0,138.0,131.0
446,6478,2022-08-21,Detroit Tigers,Los Angeles Angels,1,170.0,-208.0,0.3703703703703703,0.6753246753246753,0.4501046344220126,0.5498953655779873,0.0797342640516423,-0.12542930974668798,True,False,0,1,0,0,13.325139795772285,0,253.1776561196734,0.0,138.0,132.0
447,6113,2022-07-26,Chicago Cubs,Pittsburgh Pirates,1,-179.0,148.0,0.6415770609318996,0.4032258064516129,0.6261377107148764,0.3738622892851235,-0.01543935021702314,-0.029363517166489383,False,False,0,0,0,0,0.0,0,253.1776561196734,0.0,138.0,132.0
448,6126,2022-07-26,Los Angeles Dodgers,Washington Nationals,0,-250.0,205.0,0.7142857142857143,0.3278688524590163,0.6454747451036502,0.3545252548963498,-0.06881096918206409,0.02665640243733347,False,True,0,1,0,0,13.325139795772285,0,239.8525163239011,0.0,138.0,133.0
449,5917,2022-07-08,Los Angeles Dodgers,Chicago Cubs,1,-227.0,185.0,0.6941896024464832,0.3508771929824561,0.644913189437086,0.355086810562914,-0.049276413009397224,0.004209617580457903,False,False,0,0,0,0,0.0,0,239.8525163239011,0.0,138.0,133.0
450,5324,2022-05-27,Minnesota Twins,Kansas City Royals,1,-185.0,153.0,0.6491228070175439,0.3952569169960474,0.6364263792233396,0.3635736207766604,-0.012696427794204324,-0.031683296219387036,False,False,0,0,0,0,0.0,0,239.8525163239011,0.0,138.0,133.0
451,5662,2022-06-20,Tampa Bay Rays,New York Yankees,0,113.0,-135.0,0.4694835680751174,0.574468085106383,0.4545189978549022,0.5454810021450978,-0.01496457022021519,-0.02898708296128527,False,False,0,0,0,0,0.0,0,239.8525163239011,0.0,138.0,133.0
452,6482,2022-08-21,Colorado Rockies,San Francisco Giants,0,113.0,-135.0,0.4694835680751174,0.574468085106383,0.4404341387354824,0.5595658612645176,-0.029049429339635002,-0.014902223841865458,False,False,0,0,0,0,0.0,0,239.8525163239011,0.0,138.0,133.0
453,518,2020-08-04,Oakland Athletics,Texas Rangers,1,-147.0,128.0,0.5951417004048583,0.4385964912280701,0.6387173665368608,0.3612826334631392,0.04357566613200259,-0.07731385776493088,True,False,0,1,0,0,11.992625816195057,0,227.85989050770607,0.0,138.0,134.0
454,807,2020-08-24,Detroit Tigers,Chicago Cubs,0,123.0,-143.0,0.4484304932735426,0.588477366255144,0.4284876180504512,0.5715123819495487,-0.019942875223091405,-0.016964984305595343,False,False,0,0,0,0,0.0,0,227.85989050770607,0.0,138.0,134.0
455,3352,2021-07-26,Chicago Cubs,Cincinnati Reds,1,-127.0,107.0,0.5594713656387665,0.4830917874396135,0.6011966331773309,0.3988033668226692,0.041725267538564315,-0.0842884206169443,True,False,0,1,0,0,11.392994525385305,0,216.46689598232075,0.0,138.0,135.0
456,4908,2022-04-27,Los Angeles Angels,Cleveland Guardians,1,-200.0,165.0,0.6666666666666666,0.3773584905660377,0.6294406120910156,0.3705593879089843,-0.03722605457565098,-0.006799102657053413,False,False,0,0,0,0,0.0,0,216.46689598232075,0.0,138.0,135.0
457,6195,2022-07-31,San Diego Padres,Minnesota Twins,1,-154.0,130.0,0.6062992125984252,0.4347826086956521,0.5779888783000631,0.4220111216999369,-0.02831033429836216,-0.012771486995715231,False,False,0,0,0,0,0.0,0,216.46689598232075,0.0,138.0,135.0
458,6829,2022-09-16,Houston Astros,Oakland Athletics,1,-357.0,280.0,0.7811816192560175,0.2631578947368421,0.6454951418616477,0.3545048581383522,-0.1356864773943698,0.0913469634015101,False,True,1,0,0,0,11.392994525385305,0,219.65821097542587,3.1913149931051277,139.0,135.0
459,8456,2023-05-29,Detroit Tigers,Texas Rangers,0,141.0,-170.0,0.4149377593360996,0.6296296296296297,0.4266713319905679,0.573328668009432,0.011733572654468283,-0.0563009616201976,True,False,1,0,0,0,11.392994525385305,0,226.35997246094664,6.701761485520768,140.0,135.0
460,5087,2022-05-10,Atlanta Braves,Boston Red Sox,0,-135.0,113.0,0.574468085106383,0.4694835680751174,0.6278378322742451,0.3721621677257549,0.053369747167862025,-0.09732140034936249,True,False,1,0,0,0,11.317998623047332,0,239.14931090499013,12.789338444043484,141.0,135.0
461,8082,2023-05-01,Houston Astros,San Francisco Giants,1,-195.0,160.0,0.6610169491525424,0.3846153846153846,0.6403948565835795,0.3596051434164204,-0.020622092568962858,-0.025010241198964167,False,False,0,0,0,0,0.0,0,239.14931090499013,0.0,141.0,135.0
462,6572,2022-08-28,New York Mets,Colorado Rockies,0,-345.0,270.0,0.7752808988764045,0.2702702702702703,0.6446231912024756,0.3553768087975244,-0.13065770767392892,0.08510653852725414,False,True,0,1,0,0,11.317998623047332,0,227.8313122819428,0.0,141.0,136.0
463,8575,2023-06-07,Washington Nationals,Arizona Diamondbacks,0,113.0,-135.0,0.4694835680751174,0.574468085106383,0.4236364989142371,0.5763635010857628,-0.04584706916088027,0.0018954159793798109,False,False,0,0,0,0,0.0,0,227.8313122819428,0.0,141.0,136.0
464,2798,2021-06-13,Minnesota Twins,Houston Astros,0,120.0,-141.0,0.4545454545454545,0.5850622406639004,0.4617807544476906,0.5382192455523094,0.0072352999022361475,-0.04684299511159107,False,False,0,0,0,0,0.0,0,227.8313122819428,0.0,141.0,136.0
465,8606,2023-06-09,Atlanta Braves,Washington Nationals,1,-200.0,165.0,0.6666666666666666,0.3773584905660377,0.6450492201247705,0.3549507798752295,-0.021617446541896124,-0.022407710690808214,False,False,0,0,0,0,0.0,0,227.8313122819428,0.0,141.0,136.0
466,5523,2022-06-10,Minnesota Twins,Tampa Bay Rays,1,-110.0,-110.0,0.5238095238095238,0.5238095238095238,0.4362346008404345,0.5637653991595655,-0.08757492296908931,0.039955875350041636,False,True,1,0,0,0,11.39156561409714,0,238.1872810220311,10.355968740088308,142.0,136.0
467,8680,2023-06-14,Seattle Mariners,Miami Marlins,0,-182.0,150.0,0.6453900709219859,0.4,0.6270318712241714,0.3729681287758286,-0.018358199697814492,-0.027031871224171444,False,False,0,0,0,0,0.0,0,238.1872810220311,0.0,142.0,136.0
468,2099,2021-04-23,Colorado Rockies,Philadelphia Phillies,1,-116.0,-104.0,0.5370370370370371,0.5098039215686274,0.4715021154387537,0.5284978845612462,-0.06553492159828339,0.01869396299261883,False,True,1,0,0,0,11.39156561409714,0,248.0075962065976,9.820315184566498,143.0,136.0
469,4870,2022-04-24,San Diego Padres,Los Angeles Dodgers,0,122.0,-145.0,0.4504504504504504,0.5918367346938775,0.4343698708198625,0.5656301291801374,-0.0160805796305879,-0.0262066055137401,False,False,0,0,0,0,0.0,0,248.0075962065976,0.0,143.0,136.0
470,6111,2022-07-25,Los Angeles Dodgers,Washington Nationals,0,-303.0,240.0,0.7518610421836228,0.2941176470588235,0.64562289152777,0.3543771084722301,-0.10623815065585285,0.0602594614134066,False,True,0,1,0,0,12.40037981032988,0,235.60721639626775,0.0,143.0,137.0
471,6448,2022-08-19,Detroit Tigers,Los Angeles Angels,0,108.0,-130.0,0.4807692307692308,0.5652173913043478,0.4972137356893762,0.5027862643106238,0.01644450492014543,-0.062431126993723995,True,False,1,0,0,0,12.40037981032988,0,245.1459700965215,9.538753700253755,144.0,137.0
472,4898,2022-04-27,Pittsburgh Pirates,Milwaukee Brewers,0,143.0,-175.0,0.411522633744856,0.6363636363636364,0.4194751976510005,0.5805248023489995,0.007952563906144516,-0.05583883401463685,False,False,0,0,0,0,0.0,0,245.1459700965215,0.0,144.0,137.0
473,4834,2022-04-22,Houston Astros,Toronto Blue Jays,0,-169.0,141.0,0.6282527881040892,0.4149377593360996,0.4876687803034749,0.5123312196965251,-0.14058400780061436,0.09739346036042545,False,True,0,1,0,0,12.40037981032988,0,232.7455902861916,0.0,144.0,138.0
474,4005,2021-09-12,Pittsburgh Pirates,Washington Nationals,0,105.0,-125.0,0.4878048780487805,0.5555555555555556,0.4773144763297741,0.5226855236702258,-0.010490401719006393,-0.032870031885329776,False,False,0,0,0,0,0.0,0,232.7455902861916,0.0,144.0,138.0
475,3723,2021-08-22,Houston Astros,Seattle Mariners,0,-179.0,155.0,0.6415770609318996,0.392156862745098,0.6426744545872437,0.3573255454127563,0.0010973936553441144,-0.03483131733234168,False,False,0,0,0,0,0.0,0,232.7455902861916,0.0,144.0,138.0
476,1051,2020-09-09,Chicago Cubs,Cincinnati Reds,0,-154.0,134.0,0.6062992125984252,0.4273504273504273,0.631810815709061,0.368189184290939,0.025511603110635717,-0.05916124305948828,True,False,1,0,0,0,11.637279514309581,0,248.33954483536644,15.593954549174839,145.0,138.0
477,3989,2021-09-11,Oakland Athletics,Texas Rangers,0,-189.0,156.0,0.6539792387543253,0.390625,0.6429814496460419,0.3570185503539581,-0.010997789108283418,-0.033606449646041925,False,False,0,0,0,0,0.0,0,248.33954483536644,0.0,145.0,138.0
478,5525,2022-06-10,Houston Astros,Miami Marlins,0,-154.0,130.0,0.6062992125984252,0.4347826086956521,0.6168005268214608,0.3831994731785392,0.010501314223035574,-0.05158313551711291,True,False,1,0,0,0,11.637279514309581,0,263.4680082039689,15.128463368602455,146.0,138.0
479,2167,2021-04-28,Atlanta Braves,Chicago Cubs,1,-130.0,110.0,0.5652173913043478,0.4761904761904761,0.6137078559983361,0.3862921440016639,0.04849046469398832,-0.08989833218881221,True,False,0,1,0,0,11.637279514309581,0,251.83072868965934,0.0,146.0,139.0
480,674,2020-08-15,Miami Marlins,Atlanta Braves,0,155.0,-179.0,0.392156862745098,0.6415770609318996,0.4961637528826548,0.5038362471173452,0.10400689013755682,-0.13774081381455439,True,False,1,0,0,0,12.591536434482968,0,258.86510658601856,7.034377896359199,147.0,139.0
481,2166,2021-04-28,Tampa Bay Rays,Oakland Athletics,1,-164.0,142.0,0.6212121212121212,0.4132231404958678,0.5841983956854244,0.4158016043145756,-0.037013725526696795,0.002578463818707799,False,False,0,0,0,0,0.0,0,258.86510658601856,0.0,147.0,139.0
482,6865,2022-09-18,Arizona Diamondbacks,San Diego Padres,0,126.0,-150.0,0.4424778761061947,0.6,0.4283696694256987,0.5716303305743013,-0.014108206680496005,-0.02836966942569863,False,False,0,0,0,0,0.0,0,258.86510658601856,0.0,147.0,139.0
483,8064,2023-04-30,Washington Nationals,Pittsburgh Pirates,1,126.0,-150.0,0.4424778761061947,0.6,0.4190235589498251,0.5809764410501749,-0.023454317156369586,-0.019023558949825103,False,False,0,0,0,0,0.0,0,258.86510658601856,0.0,147.0,139.0
484,5433,2022-06-03,Milwaukee Brewers,San Diego Padres,0,-154.0,130.0,0.6062992125984252,0.4347826086956521,0.6131832399469295,0.3868167600530705,0.00688402734850424,-0.04796584864258163,False,False,0,0,0,0,0.0,0,258.86510658601856,0.0,147.0,139.0
485,6627,2022-09-01,Arizona Diamondbacks,Milwaukee Brewers,1,113.0,-135.0,0.4694835680751174,0.574468085106383,0.4265090621499111,0.573490937850089,-0.0429745059252063,-0.000977147256294053,False,False,0,0,0,0,0.0,0,258.86510658601856,0.0,147.0,139.0
486,6523,2022-08-24,Boston Red Sox,Toronto Blue Jays,0,141.0,-169.0,0.4149377593360996,0.6282527881040892,0.4305446309354215,0.5694553690645785,0.015606871599321892,-0.058797419039510745,True,False,1,0,0,0,12.943255329300928,0,266.523837550102,7.65873096408339,148.0,139.0
487,5756,2022-06-27,Cleveland Guardians,Minnesota Twins,0,113.0,-135.0,0.4694835680751174,0.574468085106383,0.4499691683534711,0.5500308316465289,-0.01951439972164626,-0.024437253459854147,False,False,0,0,0,0,0.0,0,266.523837550102,0.0,148.0,139.0
488,2537,2021-05-25,Oakland Athletics,Seattle Mariners,0,-169.0,144.0,0.6282527881040892,0.4098360655737705,0.624418143358174,0.375581856641826,-0.0038346447459152166,-0.03425420893194453,False,False,0,0,0,0,0.0,0,266.523837550102,0.0,148.0,139.0
489,1935,2021-04-12,Tampa Bay Rays,Texas Rangers,1,-222.0,190.0,0.6894409937888198,0.3448275862068966,0.6407912329457275,0.3592087670542724,-0.04864976084309236,0.01438118084737583,False,True,1,0,0,0,12.943255329300928,0,272.35413274348076,5.830295193378797,149.0,139.0
490,5976,2022-07-13,Washington Nationals,Seattle Mariners,0,-110.0,-110.0,0.5238095238095238,0.5238095238095238,0.423226942470765,0.5767730575292349,-0.10058258133875886,0.052963533719711076,False,True,0,1,0,0,13.617706637174038,0,258.73642610630674,0.0,149.0,140.0
491,4928,2022-04-29,New York Mets,Philadelphia Phillies,1,-118.0,-102.0,0.5412844036697247,0.504950495049505,0.5348229438804355,0.4651770561195645,-0.006461459789289248,-0.03977343892994045,False,False,0,0,0,0,0.0,0,258.73642610630674,0.0,149.0,140.0
492,2668,2021-06-03,Los Angeles Angels,Seattle Mariners,0,-152.0,132.0,0.6031746031746031,0.4310344827586206,0.6000545932112847,0.3999454067887152,-0.003120009963318404,-0.0310890759699054,False,False,0,0,0,0,0.0,0,258.73642610630674,0.0,149.0,140.0
493,6179,2022-07-30,Colorado Rockies,Los Angeles Dodgers,1,195.0,-238.0,0.3389830508474576,0.7041420118343196,0.41789473568842,0.5821052643115799,0.07891168484096239,-0.12203674752273963,True,False,0,1,0,0,13.617706637174038,0,245.1187194691327,0.0,149.0,141.0
494,5326,2022-05-27,Los Angeles Angels,Toronto Blue Jays,0,-103.0,-118.0,0.5073891625615764,0.5412844036697247,0.467840548230281,0.532159451769719,-0.03954861433129542,-0.009124951900005729,False,False,0,0,0,0,0.0,0,245.1187194691327,0.0,149.0,141.0
495,6444,2022-08-19,Baltimore Orioles,Boston Red Sox,1,-110.0,-110.0,0.5238095238095238,0.5238095238095238,0.4896728455966692,0.5103271544033308,-0.034136678212854654,-0.013482369406193073,False,False,0,0,0,0,0.0,0,245.1187194691327,0.0,149.0,141.0
496,6874,2022-09-19,Colorado Rockies,San Francisco Giants,0,102.0,-122.0,0.495049504950495,0.5495495495495496,0.4536311767765822,0.5463688232234177,-0.04141832817391278,-0.0031807263261318663,False,False,0,0,0,0,0.0,0,245.1187194691327,0.0,149.0,141.0
497,5048,2022-05-07,Seattle Mariners,Tampa Bay Rays,0,107.0,-128.0,0.4830917874396135,0.5614035087719298,0.4277024647801795,0.5722975352198205,-0.055389322659434026,0.010894026447890726,False,True,0,1,0,0,12.255935973456637,0,232.86278349567607,0.0,149.0,142.0
498,6935,2022-09-24,New York Yankees,Boston Red Sox,1,-175.0,144.0,0.6363636363636364,0.4098360655737705,0.6378643042609139,0.3621356957390861,0.0015006678972775411,-0.0477003698346844,False,False,0,0,0,0,0.0,0,232.86278349567607,0.0,149.0,142.0
499,7052,2022-10-02,Los Angeles Dodgers,Colorado Rockies,0,-300.0,240.0,0.75,0.2941176470588235,0.6456084584584015,0.3543915415415984,-0.10439154154159846,0.060273894482774926,False,True,0,1,0,0,12.255935973456637,0,220.60684752221943,0.0,149.0,143.0
500,6497,2022-08-22,Los Angeles Dodgers,Milwaukee Brewers,0,-250.0,205.0,0.7142857142857143,0.3278688524590163,0.6414262674683304,0.3585737325316696,-0.07285944681738388,0.030704880072653262,False,True,0,1,0,0,11.030342376110973,0,209.57650514610845,0.0,149.0,144.0
501,8848,2023-06-27,Seattle Mariners,Washington Nationals,0,-225.0,185.0,0.6923076923076923,0.3508771929824561,0.6419033446834341,0.3580966553165658,-0.05040434762425816,0.007219462334109694,False,False,0,0,0,0,0.0,0,209.57650514610845,0.0,149.0,144.0
502,3910,2021-09-05,Toronto Blue Jays,Oakland Athletics,1,-208.0,180.0,0.6753246753246753,0.3571428571428571,0.6176894048339143,0.3823105951660857,-0.057635270490761004,0.02516773802322858,False,True,1,0,0,0,11.030342376110973,0,214.87955436539258,5.303049219284121,150.0,144.0
503,8160,2023-05-07,Cleveland Guardians,Minnesota Twins,1,115.0,-138.0,0.4651162790697674,0.5798319327731093,0.4598441816324706,0.5401558183675295,-0.0052720974372967855,-0.03967611440557983,False,False,0,0,0,0,0.0,0,214.87955436539258,0.0,150.0,144.0
504,4879,2022-04-25,Arizona Diamondbacks,Los Angeles Dodgers,0,165.0,-200.0,0.3773584905660377,0.6666666666666666,0.4177307893576562,0.5822692106423439,0.040372298791618466,-0.08439745602432269,True,False,1,0,0,0,11.030342376110973,0,220.39472555344807,5.515171188055486,151.0,144.0
505,2801,2021-06-13,Arizona Diamondbacks,Los Angeles Angels,0,115.0,-135.0,0.4651162790697674,0.574468085106383,0.4302196709036524,0.5697803290963476,-0.034896608166115006,-0.00468775601003546,False,False,0,0,0,0,0.0,0,220.39472555344807,0.0,151.0,144.0
506,5683,2022-06-22,Houston Astros,New York Mets,1,-141.0,117.0,0.5850622406639004,0.4608294930875576,0.6080559117392966,0.3919440882607033,0.022993671075396183,-0.06888540482685429,True,False,0,1,0,0,11.019736277672404,0,209.37498927577568,0.0,151.0,145.0
507,2431,2021-05-18,Baltimore Orioles,Tampa Bay Rays,0,130.0,-149.0,0.4347826086956521,0.5983935742971888,0.424338178053809,0.5756618219461909,-0.010444430641843083,-0.02273175235099789,False,False,0,0,0,0,0.0,0,209.37498927577568,0.0,151.0,145.0
508,8369,2023-05-22,Seattle Mariners,Oakland Athletics,1,-310.0,250.0,0.7560975609756098,0.2857142857142857,0.6453524201399199,0.3546475798600801,-0.11074514083568987,0.06893329414579441,False,True,1,0,0,0,11.019736277672404,0,212.92974291373451,3.55475363795884,152.0,145.0
509,5371,2022-05-30,Colorado Rockies,Miami Marlins,1,134.0,-161.0,0.4273504273504273,0.6168582375478927,0.4561953293223372,0.5438046706776628,0.02884490197190992,-0.0730535668702299,True,False,0,1,0,0,11.019736277672404,0,201.91000663606212,0.0,152.0,146.0
510,5491,2022-06-08,Kansas City Royals,Toronto Blue Jays,1,130.0,-154.0,0.4347826086956521,0.6062992125984252,0.4187743495129808,0.5812256504870191,-0.01600825918267129,-0.0250735621114061,False,False,0,0,0,0,0.0,0,201.91000663606212,0.0,152.0,146.0
511,5906,2022-07-08,New York Mets,Miami Marlins,0,-164.0,139.0,0.6212121212121212,0.4184100418410041,0.6362858590440783,0.3637141409559217,0.01507373783195709,-0.054695900885082416,True,False,1,0,0,0,10.095500331803107,0,215.94275209726845,14.032745461206318,153.0,146.0
512,5270,2022-05-23,Washington Nationals,Los Angeles Dodgers,0,170.0,-208.0,0.3703703703703703,0.6753246753246753,0.4182741635936216,0.5817258364063784,0.04790379322325128,-0.0935988389182969,True,False,1,0,0,0,10.095500331803107,0,220.79635802601996,4.853605928751494,154.0,146.0
513,3811,2021-08-28,Los Angeles Dodgers,Colorado Rockies,1,-250.0,210.0,0.7142857142857143,0.3225806451612903,0.643759391595438,0.356240608404562,-0.07052632269027626,0.033659963243271696,False,True,1,0,0,0,10.095500331803107,0,224.8345581587412,4.038200132721243,155.0,146.0
514,3096,2021-07-04,Seattle Mariners,Texas Rangers,1,-149.0,130.0,0.5983935742971888,0.4347826086956521,0.5781806546366812,0.4218193453633188,-0.020212919660507533,-0.01296326333233333,False,False,0,0,0,0,0.0,0,224.8345581587412,0.0,155.0,146.0
515,6244,2022-08-04,Philadelphia Phillies,Washington Nationals,1,-233.0,190.0,0.6996996996996997,0.3448275862068966,0.6442940652487725,0.3557059347512275,-0.055405634450927166,0.010878348544330951,False,True,1,0,0,0,11.241727907937062,0,229.65933408489445,4.8247759261532455,156.0,146.0
516,8405,2023-05-25,New York Yankees,Baltimore Orioles,0,-135.0,113.0,0.574468085106383,0.4694835680751174,0.5367236358144969,0.4632763641855031,-0.03774444929188614,-0.006207203889614266,False,False,0,0,0,0,0.0,0,229.65933408489445,0.0,156.0,146.0
517,8039,2023-04-28,Milwaukee Brewers,Los Angeles Angels,1,-140.0,117.0,0.5833333333333334,0.4608294930875576,0.5698278049078813,0.4301721950921187,-0.013505528425452051,-0.030657297995438926,False,False,0,0,0,0,0.0,0,229.65933408489445,0.0,156.0,146.0
518,6787,2022-09-13,Washington Nationals,Baltimore Orioles,0,126.0,-149.0,0.4424778761061947,0.5983935742971888,0.4377739595271759,0.5622260404728241,-0.0047039165790188076,-0.03616753382436466,False,False,0,0,0,0,0.0,0,229.65933408489445,0.0,156.0,146.0
519,4798,2022-04-19,Seattle Mariners,Texas Rangers,1,-149.0,126.0,0.5983935742971888,0.4424778761061947,0.6444530358605924,0.3555469641394076,0.04605946156340368,-0.0869309119667871,True,False,0,1,0,0,11.241727907937062,0,218.4176061769574,0.0,156.0,147.0
520,834,2020-08-26,Washington Nationals,Philadelphia Phillies,0,-103.0,-118.0,0.5073891625615764,0.5412844036697247,0.5098705746225728,0.4901294253774272,0.0024814120609963908,-0.05115497829229754,False,False,0,0,0,0,0.0,0,218.4176061769574,0.0,156.0,147.0
521,7062,2022-10-03,Boston Red Sox,Tampa Bay Rays,1,117.0,-140.0,0.4608294930875576,0.5833333333333334,0.4344545972649513,0.5655454027350486,-0.026374895822606326,-0.017787930598284762,False,False,0,0,0,0,0.0,0,218.4176061769574,0.0,156.0,147.0
522,2353,2021-05-12,Washington Nationals,Philadelphia Phillies,0,120.0,-141.0,0.4545454545454545,0.5850622406639004,0.4347162294295374,0.5652837705704625,-0.01982922511591706,-0.019778470093437917,False,False,0,0,0,0,0.0,0,218.4176061769574,0.0,156.0,147.0
523,725,2020-08-18,Minnesota Twins,Milwaukee Brewers,1,-164.0,142.0,0.6212121212121212,0.4132231404958678,0.6364365324293305,0.3635634675706695,0.0152244112172093,-0.049659672925198295,True,False,0,1,0,0,10.92088030884787,0,207.49672586810954,0.0,156.0,148.0
524,5094,2022-05-10,Seattle Mariners,Philadelphia Phillies,1,105.0,-125.0,0.4878048780487805,0.5555555555555556,0.4497389765010456,0.5502610234989542,-0.03806590154773487,-0.005294532056601353,False,False,0,0,0,0,0.0,0,207.49672586810954,0.0,156.0,148.0
525,5418,2022-06-02,Milwaukee Brewers,San Diego Padres,1,-115.0,-105.0,0.5348837209302325,0.5121951219512195,0.5835570575305526,0.4164429424694473,0.04867333660032014,-0.09575217948177223,True,False,0,1,0,0,10.374836293405478,0,197.12188957470406,0.0,156.0,149.0
526,3929,2021-09-06,Chicago Cubs,Cincinnati Reds,1,140.0,-161.0,0.4166666666666667,0.6168582375478927,0.4952382056153406,0.5047617943846594,0.07857153894867391,-0.1120964431632333,True,False,0,1,0,0,10.374836293405478,0,186.74705328129858,0.0,156.0,150.0
527,8445,2023-05-28,Kansas City Royals,Washington Nationals,1,-110.0,-110.0,0.5238095238095238,0.5238095238095238,0.4666198105645985,0.5333801894354014,-0.05718971324492533,0.009570665625877606,False,False,0,0,0,0,0.0,0,186.74705328129858,0.0,156.0,150.0
528,6106,2022-07-25,Chicago Cubs,Pittsburgh Pirates,1,-145.0,122.0,0.5918367346938775,0.4504504504504504,0.6156527638518066,0.3843472361481934,0.02381602915792902,-0.06610321430225702,True,False,0,1,0,0,10.374836293405478,0,176.3722169878931,0.0,156.0,151.0
529,6997,2022-09-28,Seattle Mariners,Texas Rangers,1,-160.0,134.0,0.6153846153846154,0.4273504273504273,0.6171561786834636,0.3828438213165364,0.0017715632988482,-0.044506606033890894,False,False,0,0,0,0,0.0,0,176.3722169878931,0.0,156.0,151.0
530,3165,2021-07-09,San Diego Padres,Colorado Rockies,1,-233.0,195.0,0.6996996996996997,0.3389830508474576,0.635428664791672,0.3645713352083279,-0.06427103490802766,0.025588284360870295,False,True,1,0,0,0,8.818610849394656,0,180.15702851123845,3.7848115233453457,157.0,151.0
531,3570,2021-08-11,Philadelphia Phillies,Los Angeles Dodgers,0,117.0,-137.0,0.4608294930875576,0.5780590717299579,0.4208109384400829,0.5791890615599171,-0.040018554647474724,0.0011299898299592659,False,False,0,0,0,0,0.0,0,180.15702851123845,0.0,157.0,151.0
532,6425,2022-08-17,Cleveland Guardians,Detroit Tigers,1,-213.0,175.0,0.6805111821086262,0.3636363636363636,0.6248468895790509,0.3751531104209491,-0.05566429252957528,0.01151674678458553,False,True,1,0,0,0,8.818610849394656,0,184.2972213982782,4.140192887039745,158.0,151.0
533,2094,2021-04-23,Atlanta Braves,Arizona Diamondbacks,1,-169.0,145.0,0.6282527881040892,0.4081632653061224,0.6204172200630924,0.3795827799369075,-0.007835568040996832,-0.028580485369214925,False,False,0,0,0,0,0.0,0,184.2972213982782,0.0,158.0,151.0
534,5133,2022-05-13,Arizona Diamondbacks,Chicago Cubs,1,-122.0,102.0,0.5495495495495496,0.495049504950495,0.5460221558453631,0.4539778441546369,-0.003527393704186532,-0.04107166079585811,False,False,0,0,0,0,0.0,0,184.2972213982782,0.0,158.0,151.0
535,526,2020-08-05,Washington Nationals,New York Mets,0,-233.0,195.0,0.6996996996996997,0.3389830508474576,0.6438208650308781,0.3561791349691218,-0.0558788346688216,0.01719608412166418,False,True,0,1,0,0,9.21486106991391,0,175.08236032836427,0.0,158.0,152.0
536,3175,2021-07-10,Miami Marlins,Atlanta Braves,0,-106.0,-112.0,0.5145631067961165,0.5283018867924528,0.4437453569013314,0.5562546430986686,-0.07081774989478512,0.027952756306215742,False,True,0,1,0,0,9.21486106991391,0,165.86749925845035,0.0,158.0,153.0
537,3469,2021-08-04,Tampa Bay Rays,Seattle Mariners,1,-161.0,140.0,0.6168582375478927,0.4166666666666667,0.620106400268324,0.379893599731676,0.003248162720431269,-0.03677306693499066,False,False,0,0,0,0,0.0,0,165.86749925845035,0.0,158.0,153.0
538,5300,2022-05-25,San Diego Padres,Milwaukee Brewers,0,-125.0,105.0,0.5555555555555556,0.4878048780487805,0.4881623589798662,0.5118376410201337,-0.06739319657568937,0.02403276297135326,False,True,0,1,0,0,9.21486106991391,0,156.65263818853643,0.0,158.0,154.0
539,8332,2023-05-20,Philadelphia Phillies,Chicago Cubs,1,-170.0,141.0,0.6296296296296297,0.4149377593360996,0.5252342575976399,0.4747657424023601,-0.10439537203198979,0.05982798306626047,False,True,1,0,0,0,9.21486106991391,0,162.07314470025048,5.420506511714065,159.0,154.0
540,5606,2022-06-16,Colorado Rockies,Cleveland Guardians,0,108.0,-130.0,0.4807692307692308,0.5652173913043478,0.4285140155339599,0.57148598446604,-0.05225521523527088,0.00626859316169226,False,False,0,0,0,0,0.0,0,162.07314470025048,0.0,159.0,154.0
541,5478,2022-06-07,Baltimore Orioles,Chicago Cubs,1,-103.0,-118.0,0.5073891625615764,0.5412844036697247,0.4923424172029876,0.5076575827970125,-0.015046745358588798,-0.03362682087271229,False,False,0,0,0,0,0.0,0,162.07314470025048,0.0,159.0,154.0
542,5638,2022-06-18,Cincinnati Reds,Milwaukee Brewers,0,-110.0,-110.0,0.5238095238095238,0.5238095238095238,0.4336459342949261,0.5663540657050739,-0.09016358951459774,0.042544541895550014,False,True,0,1,0,0,8.103657235012525,0,153.96948746523796,0.0,159.0,155.0
543,6368,2022-08-13,Boston Red Sox,New York Yankees,0,122.0,-145.0,0.4504504504504504,0.5918367346938775,0.4434236061419674,0.5565763938580326,-0.0070268443084829935,-0.03526034083584495,False,False,0,0,0,0,0.0,0,153.96948746523796,0.0,159.0,155.0
544,5645,2022-06-19,Pittsburgh Pirates,San Francisco Giants,1,148.0,-179.0,0.4032258064516129,0.6415770609318996,0.4188973473362249,0.581102652663775,0.015671540884612034,-0.06047440826812456,True,False,0,1,0,0,8.103657235012525,0,145.86583023022544,0.0,159.0,156.0
545,6281,2022-08-06,Los Angeles Dodgers,San Diego Padres,1,-161.0,134.0,0.6168582375478927,0.4273504273504273,0.6416948071289462,0.3583051928710538,0.024836569581053514,-0.0690452344793735,True,False,0,1,0,0,7.293291511511272,0,138.57253871871416,0.0,159.0,157.0
546,565,2020-08-07,San Diego Padres,Arizona Diamondbacks,1,-125.0,105.0,0.5555555555555556,0.4878048780487805,0.5812941296172887,0.4187058703827113,0.025738574061733077,-0.06909900766606919,True,False,0,1,0,0,7.293291511511272,0,131.27924720720287,0.0,159.0,158.0
547,8340,2023-05-20,San Diego Padres,Boston Red Sox,0,-130.0,108.0,0.5652173913043478,0.4807692307692308,0.4743888599329858,0.5256111400670141,-0.09082853137136199,0.04484190929778337,False,True,0,1,0,0,7.293291511511272,0,123.9859556956916,0.0,159.0,159.0
548,2443,2021-05-18,San Diego Padres,Colorado Rockies,1,-233.0,195.0,0.6996996996996997,0.3389830508474576,0.6452037546573612,0.3547962453426387,-0.054495945042338456,0.015813194495181093,False,True,1,0,0,0,7.293291511511272,0,127.11612372638314,3.130168030691533,160.0,159.0
549,8291,2023-05-17,Detroit Tigers,Pittsburgh Pirates,0,-160.0,134.0,0.6153846153846154,0.4273504273504273,0.5818315462846344,0.4181684537153656,-0.033553069099981014,-0.00918197363506168,False,False,0,0,0,0,0.0,0,127.11612372638314,0.0,160.0,159.0
550,5909,2022-07-08,Texas Rangers,Minnesota Twins,1,-105.0,-115.0,0.5121951219512195,0.5348837209302325,0.4502791076903445,0.5497208923096555,-0.06191601426087501,0.014837171379422975,False,True,1,0,0,0,6.355806186319157,0,133.16927247525854,6.053148748875387,161.0,159.0
551,6558,2022-08-27,Houston Astros,Baltimore Orioles,0,-179.0,148.0,0.6415770609318996,0.4032258064516129,0.6359005897035113,0.3640994102964888,-0.0056764712283883245,-0.03912639615512409,False,False,0,0,0,0,0.0,0,133.16927247525854,0.0,161.0,159.0
552,5988,2022-07-13,Texas Rangers,Oakland Athletics,1,-189.0,156.0,0.6539792387543253,0.390625,0.6019474353624557,0.3980525646375443,-0.052031803391869635,0.007427564637544293,False,False,0,0,0,0,0.0,0,133.16927247525854,0.0,161.0,159.0
553,562,2020-08-07,Milwaukee Brewers,Cincinnati Reds,0,106.0,-127.0,0.4854368932038835,0.5594713656387665,0.5742379625028298,0.4257620374971703,0.08880106929894627,-0.13370932814159625,True,False,1,0,0,0,6.355806186319157,0,138.17384427550985,5.004571800251305,162.0,159.0
554,6459,2022-08-20,Philadelphia Phillies,New York Mets,1,-175.0,144.0,0.6363636363636364,0.4098360655737705,0.4916743987818482,0.5083256012181517,-0.14468923758178814,0.09848953564438123,False,True,1,0,0,0,6.355806186319157,0,141.8057335248351,3.631889249325232,163.0,159.0
555,3739,2021-08-23,Houston Astros,Kansas City Royals,0,-233.0,200.0,0.6996996996996997,0.3333333333333333,0.635047856690937,0.364952143309063,-0.0646518430087627,0.03161880997572969,False,True,0,1,0,0,7.090286676241755,0,134.71544684859333,0.0,163.0,160.0
556,3817,2021-08-29,Detroit Tigers,Toronto Blue Jays,0,142.0,-164.0,0.4132231404958678,0.6212121212121212,0.4306670754581154,0.5693329245418846,0.01744393496224761,-0.05187919667023666,True,False,1,0,0,0,7.090286676241755,0,139.0387923828871,4.323345534293753,164.0,160.0
557,5989,2022-07-13,Colorado Rockies,San Diego Padres,1,139.0,-164.0,0.4184100418410041,0.6212121212121212,0.4393840067978859,0.5606159932021141,0.020973964956881808,-0.06059612801000713,True,False,0,1,0,0,7.090286676241755,0,131.94850570664534,0.0,164.0,161.0
558,510,2020-08-04,Washington Nationals,New York Mets,1,-147.0,127.0,0.5951417004048583,0.4405286343612334,0.6347415931010096,0.3652584068989904,0.039599892696151384,-0.07527022746224299,True,False,0,1,0,0,7.090286676241755,0,124.85821903040357,0.0,164.0,162.0
559,6170,2022-07-30,Boston Red Sox,Milwaukee Brewers,0,-110.0,-110.0,0.5238095238095238,0.5238095238095238,0.4523792171529653,0.5476207828470346,-0.07143030665655853,0.0238112590375108,False,True,0,1,0,0,7.090286676241755,0,117.76793235416181,0.0,164.0,163.0
560,2740,2021-06-09,Boston Red Sox,Houston Astros,0,-137.0,118.0,0.5780590717299579,0.4587155963302752,0.4837768157920943,0.5162231842079057,-0.09428225593786355,0.057507587877630495,False,True,0,1,0,0,5.888396617708091,0,111.87953573645372,0.0,164.0,164.0
561,1101,2020-09-13,Tampa Bay Rays,Boston Red Sox,0,-189.0,163.0,0.6539792387543253,0.3802281368821292,0.644354336077311,0.355645663922689,-0.009624902677014324,-0.024582472959440216,False,False,0,0,0,0,0.0,0,111.87953573645372,0.0,164.0,164.0
562,7010,2022-09-30,Chicago Cubs,Cincinnati Reds,1,-155.0,130.0,0.6078431372549019,0.4347826086956521,0.6067414380727707,0.3932585619272293,-0.0011016991821312105,-0.041524046768422807,False,False,0,0,0,0,0.0,0,111.87953573645372,0.0,164.0,164.0
563,3921,2021-09-05,Arizona Diamondbacks,Seattle Mariners,0,117.0,-137.0,0.4608294930875576,0.5780590717299579,0.4271765717005531,0.5728234282994469,-0.033652921387004486,-0.005235643430510972,False,False,0,0,0,0,0.0,0,111.87953573645372,0.0,164.0,164.0
564,5276,2022-05-23,Arizona Diamondbacks,Kansas City Royals,1,-112.0,-108.0,0.5283018867924528,0.5192307692307693,0.6063567164785072,0.3936432835214928,0.07805482968605437,-0.12558748570927647,True,False,0,1,0,0,5.888396617708091,0,105.99113911874562,0.0,164.0,165.0
565,8682,2023-06-15,Baltimore Orioles,Toronto Blue Jays,1,-128.0,107.0,0.5614035087719298,0.4830917874396135,0.5324089441555782,0.4675910558444218,-0.028994564616351637,-0.015500731595191719,False,False,0,0,0,0,0.0,0,105.99113911874562,0.0,164.0,165.0
566,6344,2022-08-12,Washington Nationals,San Diego Padres,0,195.0,-238.0,0.3389830508474576,0.7041420118343196,0.4183969988045943,0.5816030011954056,0.07941394795713669,-0.12253901063891393,True,False,1,0,0,0,5.299556955937281,0,108.21784372208062,2.226704603334992,165.0,165.0
567,8744,2023-06-19,Houston Astros,New York Mets,0,-125.0,105.0,0.5555555555555556,0.4878048780487805,0.5827246173575804,0.4172753826424196,0.02716906180202483,-0.07052949540636089,True,False,1,0,0,0,5.299556955937281,0,113.78237852581476,5.564534803734146,166.0,165.0
568,5498,2022-06-08,Minnesota Twins,New York Yankees,1,148.0,-179.0,0.4032258064516129,0.6415770609318996,0.4199383150840552,0.5800616849159448,0.016712508632442336,-0.061515376015954804,True,False,0,1,0,0,5.299556955937281,0,108.48282156987749,0.0,166.0,166.0
569,3709,2021-08-21,Milwaukee Brewers,Washington Nationals,1,-222.0,190.0,0.6894409937888198,0.3448275862068966,0.6166027393025209,0.3833972606974792,-0.07283825448629899,0.03856967449058263,False,True,1,0,0,0,5.299556955937281,0,110.87000938786726,2.3871878179897665,167.0,166.0
570,5730,2022-06-25,Milwaukee Brewers,Toronto Blue Jays,1,-161.0,134.0,0.6168582375478927,0.4273504273504273,0.5219904097897867,0.4780095902102133,-0.09486782775810598,0.050659162859786,False,True,1,0,0,0,5.543500469393363,0,114.31317738127929,3.4431679934120267,168.0,166.0
571,5334,2022-05-28,Washington Nationals,Colorado Rockies,0,-115.0,-105.0,0.5348837209302325,0.5121951219512195,0.5070247790003043,0.4929752209996957,-0.027858941929928216,-0.019219900951523816,False,False,0,0,0,0,0.0,0,114.31317738127929,0.0,168.0,166.0
572,5113,2022-05-12,Detroit Tigers,Oakland Athletics,0,-115.0,-105.0,0.5348837209302325,0.5121951219512195,0.4582601075113246,0.5417398924886754,-0.07662361341890789,0.029544770537455856,False,True,0,1,0,0,5.543500469393363,0,108.76967691188592,0.0,168.0,167.0
573,5830,2022-07-02,Chicago Cubs,Boston Red Sox,1,130.0,-154.0,0.4347826086956521,0.6062992125984252,0.4399163316786671,0.5600836683213329,0.00513372298301501,-0.04621554427709229,False,False,0,0,0,0,0.0,0,108.76967691188592,0.0,168.0,167.0
574,7943,2023-04-21,Los Angeles Angels,Kansas City Royals,1,-290.0,230.0,0.7435897435897436,0.303030303030303,0.6445554166795628,0.3554445833204371,-0.09903432691018077,0.05241428029013412,False,True,1,0,0,0,5.543500469393363,0,110.68122879788363,1.9115518859977116,169.0,167.0
575,7855,2023-04-15,Toronto Blue Jays,Tampa Bay Rays,1,-115.0,-105.0,0.5348837209302325,0.5121951219512195,0.4796738735219678,0.5203261264780321,-0.055209847408264734,0.00813100452681259,False,False,0,0,0,0,0.0,0,110.68122879788363,0.0,169.0,167.0
576,7049,2022-10-02,Chicago Cubs,Cincinnati Reds,1,-175.0,144.0,0.6363636363636364,0.4098360655737705,0.6198542290561546,0.3801457709438453,-0.016509407307481738,-0.02969029462992523,False,False,0,0,0,0,0.0,0,110.68122879788363,0.0,169.0,167.0
577,5193,2022-05-17,Chicago Cubs,Pittsburgh Pirates,1,-141.0,117.0,0.5850622406639004,0.4608294930875576,0.6272328542963438,0.3727671457036562,0.04217061363244334,-0.0880623473839014,True,False,0,1,0,0,5.534061439894182,0,105.14716735798945,0.0,169.0,168.0
578,630,2020-08-12,Los Angeles Angels,Oakland Athletics,0,-104.0,-116.0,0.5098039215686274,0.5370370370370371,0.4445680707017396,0.5554319292982604,-0.06523585086688782,0.01839489226122326,False,True,0,1,0,0,5.534061439894182,0,99.61310591809526,0.0,169.0,169.0
579,5968,2022-07-12,Chicago Cubs,Baltimore Orioles,0,-115.0,-105.0,0.5348837209302325,0.5121951219512195,0.4513048283177722,0.5486951716822278,-0.08357889261246032,0.03650004973100829,False,True,0,1,0,0,5.534061439894182,0,94.07904447820107,0.0,169.0,170.0
580,1000,2020-09-06,New York Mets,Philadelphia Phillies,1,-149.0,130.0,0.5983935742971888,0.4347826086956521,0.5616321469076302,0.4383678530923698,-0.036761427389558565,0.0035852443967177017,False,False,0,0,0,0,0.0,0,94.07904447820107,0.0,169.0,170.0
581,2257,2021-05-05,Colorado Rockies,San Francisco Giants,1,-108.0,-112.0,0.5192307692307693,0.5283018867924528,0.4286747225955747,0.5713252774044253,-0.09055604663519456,0.04302339061197247,False,True,1,0,0,0,4.703952223910053,0,98.4345557966363,4.3555113184352345,170.0,170.0
582,6832,2022-09-16,Los Angeles Angels,Seattle Mariners,1,130.0,-154.0,0.4347826086956521,0.6062992125984252,0.4259670215577665,0.5740329784422336,-0.008815587137885605,-0.032266234156191675,False,False,0,0,0,0,0.0,0,98.4345557966363,0.0,170.0,170.0
583,5077,2022-05-09,San Diego Padres,Chicago Cubs,0,-149.0,126.0,0.5983935742971888,0.4424778761061947,0.641905697012952,0.358094302987048,0.04351212271576321,-0.08438357311914674,True,False,1,0,0,0,4.703952223910053,0,104.36153559876297,5.9269798021266675,171.0,170.0
584,5470,2022-06-06,Kansas City Royals,Toronto Blue Jays,0,141.0,-169.0,0.4149377593360996,0.6282527881040892,0.4208807289557095,0.5791192710442905,0.005942969619609884,-0.04913351705979874,False,False,0,0,0,0,0.0,0,104.36153559876297,0.0,171.0,170.0
585,2364,2021-05-13,Washington Nationals,Philadelphia Phillies,1,-105.0,-115.0,0.5121951219512195,0.5348837209302325,0.4366883075963591,0.5633116924036409,-0.0755068143548604,0.028427971473408364,False,True,1,0,0,0,5.218076779938149,0,109.3311325320374,4.969596933274427,172.0,170.0
586,4911,2022-04-28,Pittsburgh Pirates,Milwaukee Brewers,0,141.0,-169.0,0.4149377593360996,0.6282527881040892,0.4201378952486932,0.5798621047513066,0.005200135912593606,-0.048390683352782626,False,False,0,0,0,0,0.0,0,109.3311325320374,0.0,172.0,170.0
587,2489,2021-05-22,Texas Rangers,Houston Astros,1,170.0,-200.0,0.3703703703703703,0.6666666666666666,0.4220285221675842,0.5779714778324158,0.05165815179721389,-0.08869518883425087,True,False,0,1,0,0,5.218076779938149,0,104.11305575209926,0.0,172.0,171.0
588,6475,2022-08-21,Philadelphia Phillies,New York Mets,0,-130.0,108.0,0.5652173913043478,0.4807692307692308,0.4960498281001131,0.5039501718998869,-0.06916756320423467,0.023180941130656108,False,True,0,1,0,0,5.218076779938149,0,98.89497897216111,0.0,172.0,172.0
589,6536,2022-08-25,Oakland Athletics,New York Yankees,0,175.0,-213.0,0.3636363636363636,0.6805111821086262,0.4196402894742118,0.5803597105257882,0.05600392583784819,-0.10015147158283799,True,False,1,0,0,0,5.218076779938149,0,101.3447802772964,2.449801305135281,173.0,172.0
590,1040,2020-09-08,San Diego Padres,Colorado Rockies,1,-233.0,200.0,0.6996996996996997,0.3333333333333333,0.6374771612795105,0.3625228387204894,-0.06222253842018921,0.02918950538715609,False,True,1,0,0,0,5.06723901386482,0,103.51956096994223,2.1747806926458457,174.0,172.0
591,4851,2022-04-23,Houston Astros,Toronto Blue Jays,0,105.0,-125.0,0.4878048780487805,0.5555555555555556,0.4385209281657548,0.5614790718342452,-0.0492839498830257,0.005923516278689589,False,False,0,0,0,0,0.0,0,103.51956096994223,0.0,174.0,172.0
592,4829,2022-04-22,New York Yankees,Cleveland Guardians,1,-200.0,165.0,0.6666666666666666,0.3773584905660377,0.5345197652625258,0.4654802347374742,-0.13214690140414087,0.08812174417143648,False,True,1,0,0,0,5.06723901386482,0,106.05318047687464,2.53361950693241,175.0,172.0
593,6956,2022-09-25,Kansas City Royals,Seattle Mariners,1,153.0,-185.0,0.3952569169960474,0.6491228070175439,0.4232437780567925,0.5767562219432076,0.02798686106074505,-0.07236658507433624,True,False,0,1,0,0,5.06723901386482,0,100.98594146300982,0.0,175.0,173.0
594,6088,2022-07-24,Atlanta Braves,Los Angeles Angels,0,-200.0,165.0,0.6666666666666666,0.3773584905660377,0.6422584685997537,0.3577415314002463,-0.024408198066912967,-0.019616959165791426,False,False,0,0,0,0,0.0,0,100.98594146300982,0.0,175.0,173.0
595,1297,2020-09-26,Texas Rangers,Houston Astros,1,175.0,-204.0,0.3636363636363636,0.6710526315789473,0.4202108021711018,0.5797891978288982,0.0565744385347382,-0.0912634337500492,True,False,0,1,0,0,5.049297073150491,0,95.93664438985934,0.0,175.0,174.0
596,8626,2023-06-10,New York Yankees,Boston Red Sox,1,-123.0,103.0,0.5515695067264574,0.4926108374384236,0.6060077233548335,0.3939922766451664,0.05443821662837611,-0.0986185607932572,True,False,0,1,0,0,5.049297073150491,0,90.88734731670885,0.0,175.0,175.0
597,2053,2021-04-20,Miami Marlins,Baltimore Orioles,0,-118.0,-102.0,0.5412844036697247,0.504950495049505,0.6154911684343963,0.3845088315656036,0.07420676476467158,-0.12044166348390134,True,False,1,0,0,0,5.049297073150491,0,95.83763856489561,4.950291248186756,176.0,175.0
598,6067,2022-07-22,Oakland Athletics,Texas Rangers,1,-105.0,-115.0,0.5121951219512195,0.5348837209302325,0.4989211943404068,0.5010788056595932,-0.013273927610812697,-0.033804915270639335,False,False,0,0,0,0,0.0,0,95.83763856489561,0.0,176.0,175.0
599,5569,2022-06-13,Arizona Diamondbacks,Cincinnati Reds,0,-164.0,139.0,0.6212121212121212,0.4184100418410041,0.5893272009561108,0.4106727990438891,-0.03188492025601042,-0.007737242797115018,False,False,0,0,0,0,0.0,0,95.83763856489561,0.0,176.0,175.0
600,5518,2022-06-10,Washington Nationals,Milwaukee Brewers,1,144.0,-175.0,0.4098360655737705,0.6363636363636364,0.4222179120312136,0.5777820879687864,0.012381846457443113,-0.05858154839484997,True,False,0,1,0,0,4.791881928244781,0,91.04575663665084,0.0,176.0,176.0
601,2749,2021-06-10,Pittsburgh Pirates,Los Angeles Dodgers,0,195.0,-233.0,0.3389830508474576,0.6996996996996997,0.4178360067479861,0.5821639932520138,0.07885295590052849,-0.11753570644768585,True,False,1,0,0,0,4.791881928244781,0,93.1023583225928,2.056601685941966,177.0,176.0
602,8185,2023-05-09,Cincinnati Reds,New York Mets,1,165.0,-200.0,0.3773584905660377,0.6666666666666666,0.4248960019635724,0.5751039980364275,0.047537511397534704,-0.0915626686302391,True,False,0,1,0,0,4.791881928244781,0,88.31047639434803,0.0,177.0,177.0
603,7919,2023-04-19,Oakland Athletics,Chicago Cubs,0,144.0,-175.0,0.4098360655737705,0.6363636363636364,0.4179990184381574,0.5820009815618425,0.008162952864386896,-0.05436265480179381,False,False,0,0,0,0,0.0,0,88.31047639434803,0.0,177.0,177.0
604,7861,2023-04-15,Kansas City Royals,Atlanta Braves,0,117.0,-140.0,0.4608294930875576,0.5833333333333334,0.4204851235215161,0.5795148764784839,-0.04034436956604148,-0.0038184568548494946,False,False,0,0,0,0,0.0,0,88.31047639434803,0.0,177.0,177.0
605,5458,2022-06-05,Cincinnati Reds,Washington Nationals,0,-179.0,148.0,0.6415770609318996,0.4032258064516129,0.6125023224523256,0.3874976775476743,-0.02907473847957398,-0.0157281289039386,False,False,0,0,0,0,0.0,0,88.31047639434803,0.0,177.0,177.0
606,7826,2023-04-12,Atlanta Braves,Cincinnati Reds,1,-260.0,210.0,0.7222222222222222,0.3225806451612903,0.6415962096112924,0.3584037903887077,-0.08062601261092983,0.03582314522741736,False,True,1,0,0,0,4.415523819717402,0,90.00875478654703,1.6982783921990008,178.0,177.0
607,6061,2022-07-22,Boston Red Sox,Toronto Blue Jays,0,-105.0,-115.0,0.5121951219512195,0.5348837209302325,0.4442615027796082,0.5557384972203917,-0.06793361917161134,0.020854776290159194,False,True,0,1,0,0,4.415523819717402,0,85.59323096682962,0.0,178.0,178.0
608,5520,2022-06-10,Detroit Tigers,Toronto Blue Jays,0,170.0,-208.0,0.3703703703703703,0.6753246753246753,0.4241224138177507,0.5758775861822494,0.05375204344738038,-0.09944708914242595,True,False,1,0,0,0,4.415523819717402,0,87.71607895707838,2.122847990248751,179.0,178.0
609,8270,2023-05-15,Houston Astros,Chicago Cubs,1,-185.0,153.0,0.6491228070175439,0.3952569169960474,0.6388589271601612,0.3611410728398387,-0.01026387985738264,-0.03411584415620872,False,False,0,0,0,0,0.0,0,87.71607895707838,0.0,179.0,178.0
610,2941,2021-06-24,Texas Rangers,Oakland Athletics,0,136.0,-156.0,0.423728813559322,0.609375,0.4268297478089506,0.5731702521910493,0.003100934249628595,-0.036204747808950666,False,False,0,0,0,0,0.0,0,87.71607895707838,0.0,179.0,178.0
611,5856,2022-07-04,Cincinnati Reds,New York Mets,0,142.0,-172.0,0.4132231404958678,0.6323529411764706,0.4231984621201027,0.5768015378798973,0.009975321624234923,-0.055551403296573265,False,False,0,0,0,0,0.0,0,87.71607895707838,0.0,179.0,178.0
612,2314,2021-05-09,New York Mets,Arizona Diamondbacks,1,-303.0,250.0,0.7518610421836228,0.2857142857142857,0.637943346674644,0.3620566533253559,-0.11391769550897879,0.07634236761107022,False,True,1,0,0,0,4.385803947853919,0,89.16353900587505,1.447460048796673,180.0,178.0
613,5766,2022-06-28,New York Yankees,Oakland Athletics,1,-200.0,165.0,0.6666666666666666,0.3773584905660377,0.6451450692633289,0.354854930736671,-0.0215215974033377,-0.022503559829366693,False,False,0,0,0,0,0.0,0,89.16353900587505,0.0,180.0,178.0
614,6034,2022-07-16,Los Angeles Angels,Los Angeles Dodgers,0,156.0,-189.0,0.390625,0.6539792387543253,0.4182161588856123,0.5817838411143876,0.02759115888561231,-0.07219539763993765,True,False,1,0,0,0,4.385803947853919,0,91.48407019521575,2.3205311893406977,181.0,178.0
615,2349,2021-05-12,Pittsburgh Pirates,Cincinnati Reds,0,137.0,-156.0,0.4219409282700422,0.609375,0.4482127950855055,0.5517872049144945,0.026271866815463285,-0.05758779508550549,True,False,1,0,0,0,4.574203509760788,0,94.41625193224189,2.9321817370261463,182.0,178.0
616,5595,2022-06-15,New York Yankees,Tampa Bay Rays,1,-139.0,115.0,0.5815899581589958,0.4651162790697674,0.6176107889660452,0.3823892110339548,0.03602083080704932,-0.08272706803581259,True,False,0,1,0,0,4.574203509760788,0,89.8420484224811,0.0,182.0,179.0
617,3981,2021-09-10,Houston Astros,Los Angeles Angels,1,-196.0,160.0,0.6621621621621622,0.3846153846153846,0.6331185482622355,0.3668814517377645,-0.029043613899926712,-0.017733932877620096,False,False,0,0,0,0,0.0,0,89.8420484224811,0.0,182.0,179.0
618,4749,2022-04-16,Cleveland Guardians,San Francisco Giants,0,-105.0,-115.0,0.5121951219512195,0.5348837209302325,0.4330500575719338,0.5669499424280662,-0.0791450643792857,0.03206622149783367,False,True,0,1,0,0,4.574203509760788,0,85.2678449127203,0.0,182.0,180.0
619,4974,2022-05-02,Houston Astros,Seattle Mariners,1,-128.0,107.0,0.5614035087719298,0.4830917874396135,0.5031559183912524,0.4968440816087476,-0.058247590380677394,0.013752294169134094,False,True,1,0,0,0,4.574203509760788,0,88.84144140472092,3.5735964920006156,183.0,180.0
620,7759,2023-04-08,Detroit Tigers,Boston Red Sox,0,126.0,-150.0,0.4424778761061947,0.6,0.4279743118958449,0.5720256881041551,-0.014503564210349817,-0.027974311895844872,False,False,0,0,0,0,0.0,0,88.84144140472092,0.0,183.0,180.0
621,6296,2022-08-07,Los Angeles Dodgers,San Diego Padres,1,-141.0,117.0,0.5850622406639004,0.4608294930875576,0.6424724343633492,0.3575275656366507,0.057410193699448775,-0.10330192745090688,True,False,0,1,0,0,4.442072070236047,0,84.39936933448487,0.0,183.0,181.0
622,910,2020-08-30,Arizona Diamondbacks,San Francisco Giants,0,-125.0,105.0,0.5555555555555556,0.4878048780487805,0.534469586978433,0.4655304130215669,-0.021085968577122527,-0.022274465027213586,False,False,0,0,0,0,0.0,0,84.39936933448487,0.0,183.0,181.0
623,7821,2023-04-12,Philadelphia Phillies,Miami Marlins,0,-192.0,157.0,0.6575342465753424,0.3891050583657587,0.6061540457287329,0.3938459542712671,-0.05138020084660955,0.004740895905508413,False,False,0,0,0,0,0.0,0,84.39936933448487,0.0,183.0,181.0
624,1228,2020-09-21,Seattle Mariners,Houston Astros,1,125.0,-145.0,0.4444444444444444,0.5918367346938775,0.4227048727378722,0.5772951272621278,-0.021739571706572203,-0.014541607431749703,False,False,0,0,0,0,0.0,0,84.39936933448487,0.0,183.0,181.0
625,4957,2022-05-01,Miami Marlins,Seattle Mariners,0,-116.0,-104.0,0.5370370370370371,0.5098039215686274,0.5471204427854002,0.4528795572145998,0.010083405748363083,-0.05692436435402759,True,False,1,0,0,0,4.219968466724244,0,88.45703132171973,4.05766198723485,184.0,181.0
626,3231,2021-07-17,Los Angeles Angels,Seattle Mariners,1,-125.0,105.0,0.5555555555555556,0.4878048780487805,0.5217645101885614,0.4782354898114386,-0.03379104536699418,-0.00956938823734188,False,False,0,0,0,0,0.0,0,88.45703132171973,0.0,184.0,181.0
627,2339,2021-05-11,Boston Red Sox,Oakland Athletics,0,-130.0,110.0,0.5652173913043478,0.4761904761904761,0.5345881733168643,0.4654118266831357,-0.030629217987483526,-0.010778649507340421,False,False,0,0,0,0,0.0,0,88.45703132171973,0.0,184.0,181.0
628,4840,2022-04-22,Oakland Athletics,Texas Rangers,0,107.0,-128.0,0.4830917874396135,0.5614035087719298,0.6389869007800615,0.3610130992199385,0.15589511334044798,-0.20039040955199128,True,False,1,0,0,0,4.219968466724244,0,91.75388168634804,3.2968503646283156,185.0,181.0
629,3141,2021-07-08,Miami Marlins,Los Angeles Dodgers,0,145.0,-169.0,0.4081632653061224,0.6282527881040892,0.4257228834348425,0.5742771165651575,0.01755961812872009,-0.05397567153893179,True,False,1,0,0,0,4.219968466724244,0,94.25090444772333,2.4970227613752924,186.0,181.0
630,4901,2022-04-27,Philadelphia Phillies,Colorado Rockies,1,-213.0,175.0,0.6805111821086262,0.3636363636363636,0.6143496258413914,0.3856503741586086,-0.06616155626723474,0.022014010522244998,False,True,1,0,0,0,4.712545222386167,0,96.46336699344454,2.212462545721205,187.0,181.0
631,625,2020-08-11,Los Angeles Angels,Oakland Athletics,1,-143.0,122.0,0.588477366255144,0.4504504504504504,0.4320543043307004,0.5679456956692996,-0.1564230619244436,0.11749524521884924,False,True,1,0,0,0,4.712545222386167,0,99.75885316294536,3.295486169500816,188.0,181.0
632,6150,2022-07-28,Los Angeles Angels,Texas Rangers,0,-233.0,190.0,0.6996996996996997,0.3448275862068966,0.6266378236461043,0.3733621763538957,-0.07306187605359538,0.028534590146999106,False,True,0,1,0,0,4.712545222386167,0,95.04630794055919,0.0,188.0,182.0
633,2820,2021-06-15,New York Mets,Chicago Cubs,1,-145.0,125.0,0.5918367346938775,0.4444444444444444,0.5153722153890856,0.4846277846109144,-0.07646451930479192,0.04018334016646996,False,True,1,0,0,0,4.712545222386167,0,98.29633912841172,3.250031187852529,189.0,182.0
634,8603,2023-06-09,New York Yankees,Boston Red Sox,0,-175.0,144.0,0.6363636363636364,0.4098360655737705,0.6354138057412099,0.3645861942587901,-0.0009498306224264841,-0.04524987131498043,False,False,0,0,0,0,0.0,0,98.29633912841172,0.0,189.0,182.0
635,5596,2022-06-15,Toronto Blue Jays,Baltimore Orioles,1,-303.0,240.0,0.7518610421836228,0.2941176470588235,0.6423967525173944,0.3576032474826056,-0.10946428966622845,0.0634856004237821,False,True,1,0,0,0,4.914816956420586,0,99.91839092921059,1.6220518007988733,190.0,182.0
636,8396,2023-05-24,Chicago Cubs,New York Mets,1,-115.0,-105.0,0.5348837209302325,0.5121951219512195,0.4878440526667257,0.5121559473332742,-0.047039668263506806,-3.917461794533672e-05,False,False,0,0,0,0,0.0,0,99.91839092921059,0.0,190.0,182.0
637,2346,2021-05-11,Arizona Diamondbacks,Miami Marlins,1,-114.0,-106.0,0.5327102803738317,0.5145631067961165,0.5259073944393589,0.4740926055606411,-0.006802885934472869,-0.04047050123547541,False,False,0,0,0,0,0.0,0,99.91839092921059,0.0,190.0,182.0
638,6922,2022-09-23,Cincinnati Reds,Milwaukee Brewers,0,144.0,-175.0,0.4098360655737705,0.6363636363636364,0.4236355448541841,0.5763644551458159,0.013799479280413585,-0.05999918121782044,True,False,1,0,0,0,4.914816956420586,0,102.72685776145093,2.808466832240335,191.0,182.0
639,8012,2023-04-26,Pittsburgh Pirates,Los Angeles Dodgers,1,122.0,-145.0,0.4504504504504504,0.5918367346938775,0.4262833291784798,0.5737166708215202,-0.024167121271970626,-0.018120063872357317,False,False,0,0,0,0,0.0,0,102.72685776145093,0.0,191.0,182.0
640,5992,2022-07-14,Colorado Rockies,San Diego Padres,1,117.0,-141.0,0.4608294930875576,0.5850622406639004,0.4628428618418747,0.5371571381581253,0.0020133687543170686,-0.04790510250577518,False,False,0,0,0,0,0.0,0,102.72685776145093,0.0,191.0,182.0
641,785,2020-08-22,Los Angeles Dodgers,Colorado Rockies,1,-233.0,195.0,0.6996996996996997,0.3389830508474576,0.6451174449016852,0.3548825550983148,-0.054582254798014485,0.015899504250857177,False,True,1,0,0,0,5.136342888072547,0,104.93129676920739,2.204439007756458,192.0,182.0
642,6306,2022-08-09,Baltimore Orioles,Toronto Blue Jays,1,144.0,-175.0,0.4098360655737705,0.6363636363636364,0.4380935171949336,0.5619064828050664,0.02825745162116311,-0.07445715355856997,True,False,0,1,0,0,5.136342888072547,0,99.79495388113484,0.0,192.0,183.0
643,4916,2022-04-28,Minnesota Twins,Detroit Tigers,1,-145.0,122.0,0.5918367346938775,0.4504504504504504,0.6313270912807958,0.3686729087192042,0.03949035658691824,-0.08177754173124618,True,False,0,1,0,0,5.136342888072547,0,94.6586109930623,0.0,192.0,184.0
644,3362,2021-07-27,Tampa Bay Rays,New York Yankees,0,-147.0,128.0,0.5951417004048583,0.4385964912280701,0.6236670509438835,0.3763329490561165,0.028525350539025274,-0.06226354217195362,True,False,1,0,0,0,5.136342888072547,0,101.23312988979515,6.574518896732861,193.0,184.0
645,8149,2023-05-06,Philadelphia Phillies,Boston Red Sox,0,-145.0,122.0,0.5918367346938775,0.4504504504504504,0.4739394486951012,0.5260605513048988,-0.11789728599877636,0.07561010085444841,False,True,0,1,0,0,5.061656494489758,0,96.1714733953054,0.0,193.0,185.0
646,5268,2022-05-23,Pittsburgh Pirates,Colorado Rockies,1,-125.0,105.0,0.5555555555555556,0.4878048780487805,0.4533951504920443,0.5466048495079557,-0.10216040506351126,0.05879997145917526,False,True,1,0,0,0,5.061656494489758,0,100.2207985908972,4.049325195591806,194.0,185.0
647,7045,2022-10-02,Cleveland Guardians,Kansas City Royals,1,-230.0,190.0,0.696969696969697,0.3448275862068966,0.6322979501056896,0.3677020498943104,-0.06467174686400745,0.022874463687413804,False,True,1,0,0,0,5.061656494489758,0,102.42151880589275,2.2007202149955467,195.0,185.0
648,5513,2022-06-09,Minnesota Twins,New York Yankees,0,173.0,-213.0,0.3663003663003663,0.6805111821086262,0.4298183926068647,0.5701816073931353,0.06351802630649844,-0.11032957471549087,True,False,1,0,0,0,5.061656494489758,0,104.79788335729639,2.376364551403642,196.0,185.0
649,1268,2020-09-24,Kansas City Royals,Detroit Tigers,1,-154.0,134.0,0.6062992125984252,0.4273504273504273,0.6241771409809747,0.3758228590190253,0.017877928382549424,-0.051527568331401985,True,False,0,1,0,0,5.061656494489758,0,99.73622686280663,0.0,196.0,186.0
650,5483,2022-06-07,Houston Astros,Seattle Mariners,1,-250.0,205.0,0.7142857142857143,0.3278688524590163,0.6298369159621606,0.3701630840378393,-0.08444879832355368,0.042294231578823005,False,True,1,0,0,0,4.986811343140332,0,101.73095140006276,1.9947245372561326,197.0,186.0
651,8562,2023-06-06,Toronto Blue Jays,Houston Astros,1,-133.0,111.0,0.5708154506437768,0.4739336492890995,0.4521878963013788,0.5478121036986212,-0.11862755434239802,0.07387845440952173,False,True,1,0,0,0,4.986811343140332,0,105.48043361295024,3.749482212887467,198.0,186.0
652,7797,2023-04-10,Arizona Diamondbacks,Milwaukee Brewers,1,-145.0,122.0,0.5918367346938775,0.4504504504504504,0.4850336701879166,0.5149663298120835,-0.10680306450596094,0.06451587936163306,False,True,1,0,0,0,4.986811343140332,0,108.91961384959875,3.4391802366485047,199.0,186.0
653,944,2020-09-02,New York Yankees,Tampa Bay Rays,0,-115.0,-105.0,0.5348837209302325,0.5121951219512195,0.5201984713667186,0.4798015286332813,-0.014685249563513914,-0.03239359331793823,False,False,0,0,0,0,0.0,0,108.91961384959875,0.0,199.0,186.0
654,4867,2022-04-24,Los Angeles Angels,Baltimore Orioles,1,-189.0,156.0,0.6539792387543253,0.390625,0.6161247955830303,0.3838752044169696,-0.03785444317129494,-0.006749795583030405,False,False,0,0,0,0,0.0,0,108.91961384959875,0.0,199.0,186.0
655,4976,2022-05-03,New York Mets,Atlanta Braves,1,-115.0,-105.0,0.5348837209302325,0.5121951219512195,0.5531511937226212,0.4468488062773787,0.018267472792388717,-0.0653463156738408,True,False,0,1,0,0,5.445980692479938,0,103.47363315711881,0.0,199.0,187.0
656,908,2020-08-30,Colorado Rockies,San Diego Padres,0,137.0,-156.0,0.4219409282700422,0.609375,0.4572283186717737,0.5427716813282264,0.03528739040173151,-0.0666033186717736,True,False,1,0,0,0,5.445980692479938,0,106.96464642152903,3.491013264410217,200.0,187.0
657,8692,2023-06-16,Chicago Cubs,Baltimore Orioles,1,-102.0,-118.0,0.504950495049505,0.5412844036697247,0.4628631157511033,0.5371368842488967,-0.04208737929840167,-0.0041475194208280275,False,False,0,0,0,0,0.0,0,106.96464642152903,0.0,200.0,187.0
658,8321,2023-05-19,Houston Astros,Oakland Athletics,1,-260.0,210.0,0.7222222222222222,0.3225806451612903,0.6456361325284324,0.3543638674715675,-0.07658608969378977,0.03178322231027719,False,True,1,0,0,0,5.445980692479938,0,109.05925438017516,2.09460795864613,201.0,187.0
659,5975,2022-07-13,Washington Nationals,Seattle Mariners,0,-110.0,-110.0,0.5238095238095238,0.5238095238095238,0.423226942470765,0.5767730575292349,-0.10058258133875886,0.052963533719711076,False,True,0,1,0,0,5.445980692479938,0,103.61327368769523,0.0,201.0,188.0
660,8025,2023-04-27,Los Angeles Angels,Oakland Athletics,1,-320.0,255.0,0.7619047619047619,0.2816901408450704,0.6455677151431758,0.3544322848568241,-0.11633704676158607,0.07274214401175372,False,True,1,0,0,0,5.180663684384761,0,105.23223108906546,1.618957401370238,202.0,188.0
661,2781,2021-06-12,Tampa Bay Rays,Baltimore Orioles,1,-213.0,185.0,0.6805111821086262,0.3508771929824561,0.6451434384425021,0.3548565615574979,-0.03536774366612405,0.003979368575041775,False,False,0,0,0,0,0.0,0,105.23223108906546,0.0,202.0,188.0
662,6903,2022-09-21,Colorado Rockies,San Francisco Giants,0,113.0,-135.0,0.4694835680751174,0.574468085106383,0.4263747054815829,0.573625294518417,-0.04310886259353447,-0.0008427905879659914,False,False,0,0,0,0,0.0,0,105.23223108906546,0.0,202.0,188.0
663,2020,2021-04-17,San Diego Padres,Los Angeles Dodgers,0,110.0,-130.0,0.4761904761904761,0.5652173913043478,0.4260015582019867,0.5739984417980133,-0.0501889179884894,0.00878105049366551,False,False,0,0,0,0,0.0,0,105.23223108906546,0.0,202.0,188.0
664,3824,2021-08-29,Seattle Mariners,Kansas City Royals,1,-167.0,143.0,0.6254681647940075,0.411522633744856,0.5480018499781902,0.4519981500218097,-0.07746631481581723,0.04047551627695373,False,True,1,0,0,0,5.180663684384761,0,108.33442491205035,3.1021938229848867,203.0,188.0
665,2175,2021-04-29,Tampa Bay Rays,Oakland Athletics,0,-103.0,-118.0,0.5073891625615764,0.5412844036697247,0.5612901143077714,0.4387098856922286,0.053900951746195025,-0.10257451797749617,True,False,1,0,0,0,5.416721245602518,0,112.92486664561181,4.590441733561455,204.0,188.0
666,6772,2022-09-12,Miami Marlins,Texas Rangers,1,-125.0,105.0,0.5555555555555556,0.4878048780487805,0.5060855179099292,0.4939144820900708,-0.04947003764562641,0.006109604041290351,False,False,0,0,0,0,0.0,0,112.92486664561181,0.0,204.0,188.0
667,8364,2023-05-22,Kansas City Royals,Detroit Tigers,0,-112.0,-108.0,0.5283018867924528,0.5192307692307693,0.4771415608531945,0.5228584391468055,-0.051160325939258344,0.003627669916036247,False,False,0,0,0,0,0.0,0,112.92486664561181,0.0,204.0,188.0
668,3424,2021-07-31,New York Mets,Cincinnati Reds,1,-125.0,105.0,0.5555555555555556,0.4878048780487805,0.4823084522278302,0.5176915477721697,-0.07324710332772538,0.02988666972338927,False,True,1,0,0,0,5.416721245602518,0,117.25824364209383,4.333376996482015,205.0,188.0
669,3768,2021-08-25,Milwaukee Brewers,Cincinnati Reds,1,-179.0,152.0,0.6415770609318996,0.3968253968253968,0.614497184324458,0.3855028156755419,-0.0270798766074416,-0.011322581149854904,False,False,0,0,0,0,0.0,0,117.25824364209383,0.0,205.0,188.0
670,2328,2021-05-10,Baltimore Orioles,Boston Red Sox,1,125.0,-145.0,0.4444444444444444,0.5918367346938775,0.4276654790868094,0.5723345209131906,-0.016778965357635012,-0.01950221378068695,False,False,0,0,0,0,0.0,0,117.25824364209383,0.0,205.0,188.0
671,5014,2022-05-05,Baltimore Orioles,Minnesota Twins,1,134.0,-161.0,0.4273504273504273,0.6168582375478927,0.4280695435772048,0.5719304564227952,0.0007191162267775053,-0.04492778112509754,False,False,0,0,0,0,0.0,0,117.25824364209383,0.0,205.0,188.0
672,8512,2023-06-02,San Diego Padres,Chicago Cubs,0,-170.0,141.0,0.6296296296296297,0.4149377593360996,0.6176439865290433,0.3823560134709567,-0.011985643100586363,-0.0325817458651429,False,False,0,0,0,0,0.0,0,117.25824364209383,0.0,205.0,188.0
673,5696,2022-06-22,Oakland Athletics,Seattle Mariners,0,113.0,-135.0,0.4694835680751174,0.574468085106383,0.4358532854261694,0.5641467145738306,-0.03363028264894796,-0.010321370532552443,False,False,0,0,0,0,0.0,0,117.25824364209383,0.0,205.0,188.0
674,5672,2022-06-21,Boston Red Sox,Detroit Tigers,1,-200.0,165.0,0.6666666666666666,0.3773584905660377,0.640421568981053,0.359578431018947,-0.026245097685613672,-0.01778005954709072,False,False,0,0,0,0,0.0,0,117.25824364209383,0.0,205.0,188.0
675,6203,2022-08-01,Houston Astros,Boston Red Sox,0,-189.0,156.0,0.6539792387543253,0.390625,0.6372741626697316,0.3627258373302685,-0.016705076084593706,-0.027899162669731525,False,False,0,0,0,0,0.0,0,117.25824364209383,0.0,205.0,188.0
676,7803,2023-04-11,Philadelphia Phillies,Miami Marlins,0,-155.0,130.0,0.6078431372549019,0.4347826086956521,0.6381649805334592,0.3618350194665408,0.030321843278557248,-0.07294758922911132,True,False,1,0,0,0,5.862912182104692,0,124.88002947882993,7.6217858367361,206.0,188.0
677,573,2020-08-08,Pittsburgh Pirates,Detroit Tigers,0,-125.0,105.0,0.5555555555555556,0.4878048780487805,0.4795307020373632,0.5204692979626369,-0.07602485351819238,0.03266441991385638,False,True,0,1,0,0,5.862912182104692,0,119.01711729672523,0.0,206.0,189.0
678,7800,2023-04-11,Baltimore Orioles,Oakland Athletics,1,-195.0,160.0,0.6610169491525424,0.3846153846153846,0.6442968628346042,0.3557031371653958,-0.0167200863179382,-0.02891224744998877,False,False,0,0,0,0,0.0,0,119.01711729672523,0.0,206.0,189.0
679,6619,2022-08-31,Arizona Diamondbacks,Philadelphia Phillies,0,117.0,-141.0,0.4608294930875576,0.5850622406639004,0.5112725232837017,0.4887274767162984,0.050443030196144045,-0.09633476394760204,True,False,1,0,0,0,5.862912182104692,0,123.17521104289877,4.158093746173541,207.0,189.0
680,4977,2022-05-03,New York Mets,Atlanta Braves,1,-115.0,-105.0,0.5348837209302325,0.5121951219512195,0.5531511937226212,0.4468488062773787,0.018267472792388717,-0.0653463156738408,True,False,0,1,0,0,6.158760552144939,0,117.01645049075383,0.0,207.0,190.0
681,5003,2022-05-04,Toronto Blue Jays,New York Yankees,1,117.0,-141.0,0.4608294930875576,0.5850622406639004,0.4290901143673331,0.5709098856326669,-0.03173937872022453,-0.014152355031233577,False,False,0,0,0,0,0.0,0,117.01645049075383,0.0,207.0,190.0
682,5304,2022-05-25,Atlanta Braves,Philadelphia Phillies,1,-145.0,122.0,0.5918367346938775,0.4504504504504504,0.5612428887665575,0.4387571112334426,-0.030593845927320062,-0.011693339217007825,False,False,0,0,0,0,0.0,0,117.01645049075383,0.0,207.0,190.0
683,2156,2021-04-27,Arizona Diamondbacks,San Diego Padres,1,143.0,-167.0,0.411522633744856,0.6254681647940075,0.4432310220696905,0.5567689779303095,0.031708388324834524,-0.06869918686369791,True,False,0,1,0,0,6.158760552144939,0,110.85768993860889,0.0,207.0,191.0
684,8000,2023-04-25,Minnesota Twins,New York Yankees,1,-122.0,102.0,0.5495495495495496,0.495049504950495,0.5216225665054971,0.4783774334945029,-0.0279269830440525,-0.016672071455992088,False,False,0,0,0,0,0.0,0,110.85768993860889,0.0,207.0,191.0
685,5738,2022-06-26,Miami Marlins,New York Mets,1,130.0,-154.0,0.4347826086956521,0.6062992125984252,0.4256295299022372,0.5743704700977628,-0.009153078793414926,-0.031928742500662466,False,False,0,0,0,0,0.0,0,110.85768993860889,0.0,207.0,191.0
686,7876,2023-04-16,Los Angeles Dodgers,Chicago Cubs,0,-240.0,195.0,0.7058823529411765,0.3389830508474576,0.6396556804152909,0.3603443195847091,-0.06622667252588565,0.02136126873725147,False,True,0,1,0,0,5.542884496930444,0,105.31480544167844,0.0,207.0,192.0
687,5045,2022-05-07,Arizona Diamondbacks,Colorado Rockies,0,-110.0,-110.0,0.5238095238095238,0.5238095238095238,0.4914659263908466,0.5085340736091534,-0.03234359741867726,-0.015275450200370466,False,False,0,0,0,0,0.0,0,105.31480544167844,0.0,207.0,192.0
688,5395,2022-06-01,New York Mets,Washington Nationals,1,-238.0,195.0,0.7041420118343196,0.3389830508474576,0.6454985498220627,0.3545014501779374,-0.0586434620122569,0.01551839933047977,False,True,1,0,0,0,5.542884496930444,0,107.64374850761561,2.3289430659371613,208.0,192.0
689,8200,2023-05-10,Milwaukee Brewers,Los Angeles Dodgers,0,134.0,-160.0,0.4273504273504273,0.6153846153846154,0.426271503051835,0.5737284969481649,-0.0010789242985922987,-0.04165611843645056,False,False,0,0,0,0,0.0,0,107.64374850761561,0.0,208.0,192.0
690,5188,2022-05-17,Miami Marlins,Washington Nationals,1,-167.0,140.0,0.6254681647940075,0.4166666666666667,0.6407842227188443,0.3592157772811558,0.015316057924836812,-0.057450889385510906,True,False,0,1,0,0,5.382187425380781,0,102.26156108223483,0.0,208.0,193.0
691,2372,2021-05-13,Colorado Rockies,Cincinnati Reds,1,125.0,-145.0,0.4444444444444444,0.5918367346938775,0.4328155136879035,0.5671844863120965,-0.011628930756540923,-0.02465224838178104,False,False,0,0,0,0,0.0,0,102.26156108223483,0.0,208.0,193.0
692,2897,2021-06-20,Texas Rangers,Minnesota Twins,0,100.0,-120.0,0.5,0.5454545454545454,0.4378100762289628,0.5621899237710372,-0.062189923771037214,0.016735378316491745,False,True,0,1,0,0,5.382187425380781,0,96.87937365685406,0.0,208.0,194.0
693,5594,2022-06-15,Washington Nationals,Atlanta Braves,0,153.0,-185.0,0.3952569169960474,0.6491228070175439,0.4186865517451245,0.5813134482548756,0.023429634749077055,-0.06780935876266825,True,False,1,0,0,0,5.382187425380781,0,99.78866415705988,2.909290500205828,209.0,194.0
694,6896,2022-09-21,Miami Marlins,Chicago Cubs,0,-117.0,-103.0,0.5391705069124424,0.5073891625615764,0.5417360317580115,0.4582639682419885,0.002565524845569156,-0.049125194319587895,False,False,0,0,0,0,0.0,0,99.78866415705988,0.0,209.0,194.0
695,8813,2023-06-24,San Diego Padres,Washington Nationals,0,-200.0,165.0,0.6666666666666666,0.3773584905660377,0.6443667121398395,0.3556332878601605,-0.022299954526827093,-0.02172520270587719,False,False,0,0,0,0,0.0,0,99.78866415705988,0.0,209.0,194.0
696,1130,2020-09-15,New York Yankees,Toronto Blue Jays,1,-149.0,130.0,0.5983935742971888,0.4347826086956521,0.6250972599718208,0.3749027400281793,0.026703685674631994,-0.0598798686674728,True,False,0,1,0,0,4.989433207852994,0,94.79923094920689,0.0,209.0,195.0
697,2225,2021-05-02,Arizona Diamondbacks,Colorado Rockies,1,-149.0,130.0,0.5983935742971888,0.4347826086956521,0.5701469798693664,0.4298530201306336,-0.028246594427822402,-0.004929588565018517,False,False,0,0,0,0,0.0,0,94.79923094920689,0.0,209.0,195.0
698,6160,2022-07-29,Atlanta Braves,Arizona Diamondbacks,1,-222.0,180.0,0.6894409937888198,0.3571428571428571,0.6304525107835105,0.3695474892164895,-0.058988483005309345,0.012404632073632404,False,True,1,0,0,0,4.989433207852994,0,97.0467233851767,2.2474924359698174,210.0,195.0
699,6864,2022-09-18,Los Angeles Angels,Seattle Mariners,1,-105.0,-115.0,0.5121951219512195,0.5348837209302325,0.4639381317856819,0.5360618682143181,-0.04825699016553764,0.0011781472840856066,False,False,0,0,0,0,0.0,0,97.0467233851767,0.0,210.0,195.0
700,6373,2022-08-14,Washington Nationals,San Diego Padres,0,225.0,-278.0,0.3076923076923077,0.7354497354497355,0.4194850205019836,0.5805149794980163,0.1117927128096759,-0.15493475595171913,True,False,1,0,0,0,4.852336169258836,0,98.79216805037773,1.7454446652010198,211.0,195.0
701,3957,2021-09-08,New York Yankees,Toronto Blue Jays,0,-125.0,105.0,0.5555555555555556,0.4878048780487805,0.4863717527502442,0.5136282472497558,-0.06918380280531139,0.025823369200975277,False,True,0,1,0,0,4.852336169258836,0,93.93983188111889,0.0,211.0,196.0
702,5996,2022-07-14,Cleveland Guardians,Detroit Tigers,1,-244.0,200.0,0.7093023255813954,0.3333333333333333,0.6263089542623753,0.3736910457376247,-0.08299337131902007,0.04035771240429137,False,True,1,0,0,0,4.852336169258836,0,95.92849424556924,1.9886623644503425,212.0,196.0
703,3282,2021-07-21,Cincinnati Reds,New York Mets,0,120.0,-141.0,0.4545454545454545,0.5850622406639004,0.4929456255461867,0.5070543744538132,0.03840017100073223,-0.07800786621008726,True,False,1,0,0,0,4.852336169258836,0,99.36986741525635,3.4413731696871177,213.0,196.0
704,6753,2022-09-10,Colorado Rockies,Arizona Diamondbacks,1,-110.0,-110.0,0.5238095238095238,0.5238095238095238,0.5682783243385848,0.4317216756614151,0.04446880052906099,-0.09208784814810872,True,False,0,1,0,0,4.852336169258836,0,94.51753124599752,0.0,213.0,197.0
705,6559,2022-08-27,New York Mets,Colorado Rockies,1,-250.0,205.0,0.7142857142857143,0.3278688524590163,0.6435818156839581,0.3564181843160419,-0.07070389860175619,0.028549331857025573,False,True,1,0,0,0,4.725876562299876,0,96.40788187091746,1.8903506249199507,214.0,197.0
706,5519,2022-06-10,Cleveland Guardians,Oakland Athletics,1,-164.0,139.0,0.6212121212121212,0.4184100418410041,0.6421699233869359,0.3578300766130641,0.020957802174814688,-0.060579965227940014,True,False,0,1,0,0,4.725876562299876,0,91.68200530861759,0.0,214.0,198.0
707,3191,2021-07-11,Texas Rangers,Oakland Athletics,0,130.0,-149.0,0.4347826086956521,0.5983935742971888,0.4218322311139358,0.5781677688860641,-0.0129503775817163,-0.02022580541112462,False,False,0,0,0,0,0.0,0,91.68200530861759,0.0,214.0,198.0
708,8532,2023-06-03,Arizona Diamondbacks,Atlanta Braves,0,170.0,-210.0,0.3703703703703703,0.6774193548387096,0.4514511580414911,0.548548841958509,0.08108078767112081,-0.12887051288020068,True,False,1,0,0,0,4.725876562299876,0,93.93242271923658,2.2504174106189887,215.0,198.0
709,5081,2022-05-10,Oakland Athletics,Detroit Tigers,0,-108.0,-114.0,0.5192307692307693,0.5327102803738317,0.608607692557601,0.3913923074423989,0.08937692332683178,-0.14131797293143283,True,False,1,0,0,0,4.725876562299876,0,98.07792847563998,4.1455057564034,216.0,198.0
710,5687,2022-06-22,Cincinnati Reds,Los Angeles Dodgers,0,148.0,-179.0,0.4032258064516129,0.6415770609318996,0.4182972747705269,0.5817027252294731,0.015071468318914039,-0.05987433570242651,True,False,1,0,0,0,4.903896423781999,0,100.81753541630032,2.7396069406603347,217.0,198.0
711,6608,2022-08-31,Cleveland Guardians,Baltimore Orioles,0,-169.0,141.0,0.6282527881040892,0.4149377593360996,0.6172126072894412,0.3827873927105588,-0.011040180814648082,-0.03215036662554083,False,False,0,0,0,0,0.0,0,100.81753541630032,0.0,217.0,198.0
712,8621,2023-06-10,Tampa Bay Rays,Texas Rangers,0,-110.0,-110.0,0.5238095238095238,0.5238095238095238,0.5799342726913392,0.4200657273086607,0.0561247488818154,-0.10374379650086313,True,False,1,0,0,0,4.903896423781999,0,105.27562307428396,4.4580876579836355,218.0,198.0
713,6661,2022-09-04,Baltimore Orioles,Oakland Athletics,0,-185.0,153.0,0.6491228070175439,0.3952569169960474,0.6383009778514184,0.3616990221485816,-0.010821829166125507,-0.03355789484746585,False,False,0,0,0,0,0.0,0,105.27562307428396,0.0,218.0,198.0
714,8900,2023-07-01,Pittsburgh Pirates,Milwaukee Brewers,0,122.0,-145.0,0.4504504504504504,0.5918367346938775,0.4488985444089052,0.5511014555910947,-0.0015519060415452035,-0.04073527910278285,False,False,0,0,0,0,0.0,0,105.27562307428396,0.0,218.0,198.0
715,6214,2022-08-02,Tampa Bay Rays,Toronto Blue Jays,0,122.0,-145.0,0.4504504504504504,0.5918367346938775,0.4596053565565542,0.5403946434434458,0.00915490610610381,-0.051442091250431754,False,False,0,0,0,0,0.0,0,105.27562307428396,0.0,218.0,198.0
716,8810,2023-06-24,Cleveland Guardians,Milwaukee Brewers,1,-128.0,107.0,0.5614035087719298,0.4830917874396135,0.5008866673534582,0.4991133326465418,-0.06051684141847158,0.016021545206928278,False,True,1,0,0,0,5.2637811537141985,0,109.38795210062318,4.112329026339218,219.0,198.0
717,4051,2021-09-15,Atlanta Braves,Colorado Rockies,0,-196.0,160.0,0.6621621621621622,0.3846153846153846,0.6235852594167037,0.3764147405832962,-0.03857690274545844,-0.008200644032088367,False,False,0,0,0,0,0.0,0,109.38795210062318,0.0,219.0,198.0
718,8528,2023-06-03,Minnesota Twins,Cleveland Guardians,0,-140.0,117.0,0.5833333333333334,0.4608294930875576,0.6124286712282496,0.3875713287717503,0.02909533789491625,-0.07325816431580728,True,False,1,0,0,0,5.2637811537141985,0,115.54657605046879,6.1586239498456115,220.0,198.0
719,3714,2021-08-21,Baltimore Orioles,Atlanta Braves,0,180.0,-208.0,0.3571428571428571,0.6753246753246753,0.4182187098871386,0.5817812901128614,0.06107585274428151,-0.09354338521181393,True,False,1,0,0,0,5.2637811537141985,0,118.07724006667753,2.5306640162087493,221.0,198.0
720,8620,2023-06-10,Philadelphia Phillies,Los Angeles Dodgers,0,-107.0,-113.0,0.5169082125603864,0.5305164319248826,0.4524481683667617,0.5475518316332382,-0.06446004419362472,0.017035399708355548,False,True,0,1,0,0,5.903862003333877,0,112.17337806334365,0.0,221.0,199.0
