,id,game_date,home_team,away_team,home_is_winner,home_odds,away_odds,home_implied_prob,away_implied_prob,model_home_win_prob,model_away_win_prob,homediff,awaydiff,bethome,betaway,game_won,game_lost,win,loss,bet_amount,bet_win,bankroll,net_bet_win,total_won_games,total_lost_games
0,3172,2021-07-10,New York Mets,Pittsburgh Pirates,0,-189.0,174.0,0.6539792387543253,0.364963503649635,0.8634501527591745,0.1365498472408254,0.20947091400484918,-0.2284136564088096,True,False,0,1,0,0,125.0,0,2375.0,0.0,0.0,1.0
1,3489,2021-08-05,New York Yankees,Seattle Mariners,1,-227.0,204.0,0.6941896024464832,0.3289473684210526,0.831558547123299,0.168441452876701,0.13736894467681582,-0.1605059155443516,True,False,1,0,0,0,125.0,0,2430.0660792951544,55.06607929515418,1.0,1.0
2,749,2020-08-20,Colorado Rockies,Houston Astros,0,-127.0,117.0,0.5594713656387665,0.4608294930875576,0.4976907146114751,0.5023092853885248,-0.06178065102729141,0.04147979230096721,False,True,1,0,0,0,125.0,0,2576.3160792951544,146.25,2.0,1.0
3,7783,2023-04-09,Arizona Diamondbacks,Los Angeles Dodgers,1,117.0,-127.0,0.4608294930875576,0.5594713656387665,0.1952880469755483,0.8047119530244518,-0.2655414461120093,0.24524058738568522,False,True,0,1,0,0,125.0,0,2451.3160792951544,0.0,2.0,2.0
4,8387,2023-05-24,Minnesota Twins,San Francisco Giants,1,-155.0,143.0,0.6078431372549019,0.411522633744856,0.7325626591741285,0.2674373408258714,0.12471952191922664,-0.1440852929189846,True,False,1,0,0,0,125.0,0,2531.961240585477,80.64516129032258,3.0,2.0
5,1137,2020-09-15,Colorado Rockies,Oakland Athletics,1,143.0,-154.0,0.411522633744856,0.6062992125984252,0.1304095337741242,0.869590466225876,-0.28111309997073175,0.26329125362745076,False,True,0,1,0,0,126.59806202927385,0,2405.363178556203,0.0,3.0,3.0
6,5656,2022-06-19,Seattle Mariners,Los Angeles Angels,0,-159.0,147.0,0.6138996138996139,0.4048582995951417,0.688697967603074,0.311302032396926,0.07479835370346011,-0.09355626719821569,True,False,0,1,0,0,126.59806202927385,0,2278.765116526929,0.0,3.0,4.0
7,8514,2023-06-02,Los Angeles Dodgers,New York Yankees,1,-136.0,126.0,0.576271186440678,0.4424778761061947,0.5783496885582675,0.4216503114417325,0.0020785021175895313,-0.020827564664462228,False,False,0,0,0,0,0.0,0,2278.765116526929,0.0,3.0,4.0
8,6077,2022-07-23,Pittsburgh Pirates,Miami Marlins,1,-102.0,-108.0,0.504950495049505,0.5192307692307693,0.3777336534483105,0.6222663465516896,-0.12721684160119445,0.10303557732092028,False,True,0,1,0,0,126.59806202927385,0,2152.167054497655,0.0,3.0,5.0
9,3575,2021-08-11,Los Angeles Angels,Toronto Blue Jays,0,157.0,-169.0,0.3891050583657587,0.6282527881040892,0.1855049338052343,0.8144950661947656,-0.2036001245605244,0.1862422780906764,False,True,1,0,0,0,126.59806202927385,0,2227.077150372965,74.91009587530998,4.0,5.0
10,1033,2020-09-08,Toronto Blue Jays,New York Yankees,1,-111.0,101.0,0.5260663507109005,0.4975124378109453,0.5279357671240353,0.4720642328759646,0.0018694164131348723,-0.025448204934980678,False,False,0,0,0,0,0.0,0,2227.077150372965,0.0,4.0,5.0
11,597,2020-08-09,San Diego Padres,Arizona Diamondbacks,1,-154.0,142.0,0.6062992125984252,0.4132231404958678,0.8135967314187825,0.1864032685812175,0.2072975188203573,-0.22681987191465028,True,False,1,0,0,0,111.35385751864827,0,2299.384850060399,72.30769968743394,5.0,5.0
12,2662,2021-06-03,Colorado Rockies,Texas Rangers,1,-112.0,102.0,0.5283018867924528,0.495049504950495,0.5575650730792905,0.4424349269207095,0.02926318628683766,-0.052614578029785475,True,False,1,0,0,0,111.35385751864827,0,2398.8079371306208,99.42308707022167,6.0,5.0
13,3513,2021-08-07,Toronto Blue Jays,Boston Red Sox,0,-161.0,148.0,0.6168582375478927,0.4032258064516129,0.7044690341286279,0.295530965871372,0.08761079658073523,-0.10769484058024087,True,False,0,1,0,0,111.35385751864827,0,2287.4540796119727,0.0,6.0,6.0
14,8157,2023-05-07,Pittsburgh Pirates,Toronto Blue Jays,0,116.0,-126.0,0.4629629629629629,0.5575221238938053,0.3771676664237903,0.6228323335762096,-0.08579529653917262,0.06531020968240431,False,True,1,0,0,0,111.35385751864827,0,2375.830157007725,88.37607739575259,7.0,6.0
15,6987,2022-09-28,Washington Nationals,Atlanta Braves,1,188.0,-205.0,0.3472222222222222,0.6721311475409836,0.0943163605516576,0.9056836394483422,-0.2529058616705646,0.2335524919073586,False,True,0,1,0,0,118.79150785038627,0,2257.038649157339,0.0,7.0,7.0
16,8187,2023-05-09,New York Yankees,Oakland Athletics,1,-232.0,209.0,0.6987951807228916,0.3236245954692556,0.9659343328838172,0.0340656671161828,0.26713915216092565,-0.2895589283530728,True,False,1,0,0,0,118.79150785038627,0,2308.241885299747,51.20323614240787,8.0,7.0
17,2094,2021-04-23,Atlanta Braves,Arizona Diamondbacks,1,-169.0,156.0,0.6282527881040892,0.390625,0.7352963204228168,0.264703679577183,0.10704353231872754,-0.125921320422817,True,False,1,0,0,0,118.79150785038627,0,2378.5327183473128,70.29083304756584,9.0,7.0
18,5198,2022-05-18,Tampa Bay Rays,Detroit Tigers,1,-196.0,179.0,0.6621621621621622,0.3584229390681003,0.8589777561964222,0.1410222438035778,0.19681559403426008,-0.2174006952645225,True,False,1,0,0,0,118.79150785038627,0,2439.140630515877,60.607912168564425,10.0,7.0
19,3802,2021-08-28,Miami Marlins,Cincinnati Reds,1,-101.0,-109.0,0.5024875621890548,0.5215311004784688,0.4104841348271351,0.589515865172865,-0.09200342736191969,0.06798476469439618,False,True,0,1,0,0,118.79150785038627,0,2320.349122665491,0.0,10.0,8.0
20,6996,2022-09-28,San Diego Padres,Los Angeles Dodgers,0,128.0,-138.0,0.4385964912280701,0.5798319327731093,0.1997223266732329,0.8002776733267669,-0.2388741645548372,0.22044574055365762,False,True,1,0,0,0,116.01745613327455,0,2404.4197430519216,84.07062038643083,11.0,8.0
21,8620,2023-06-10,Philadelphia Phillies,Los Angeles Dodgers,0,-105.0,-105.0,0.5121951219512195,0.5121951219512195,0.3766996632860834,0.6233003367139166,-0.13549545866513613,0.11110521476269708,False,True,1,0,0,0,116.01745613327455,0,2514.912558416945,110.49281536502338,12.0,8.0
22,6185,2022-07-31,Atlanta Braves,Arizona Diamondbacks,1,-217.0,200.0,0.6845425867507886,0.3333333333333333,0.8602418797815853,0.1397581202184146,0.17569929303079668,-0.1935752131149187,True,False,1,0,0,0,116.01745613327455,0,2568.37682391615,53.46426549920486,13.0,8.0
23,3427,2021-07-31,Atlanta Braves,Milwaukee Brewers,1,133.0,-145.0,0.4291845493562232,0.5918367346938775,0.2604868385358024,0.7395131614641975,-0.1686977108204208,0.14767642677032,False,True,0,1,0,0,116.01745613327455,0,2452.3593677828753,0.0,13.0,9.0
24,6513,2022-08-23,Los Angeles Dodgers,Milwaukee Brewers,1,-143.0,131.0,0.588477366255144,0.4329004329004329,0.7007695028381082,0.2992304971618919,0.11229213658296422,-0.13366993573854102,True,False,1,0,0,0,116.01745613327455,0,2533.4904559879624,81.1310882050871,14.0,9.0
25,5921,2022-07-09,Baltimore Orioles,Los Angeles Angels,1,109.0,-119.0,0.4784688995215311,0.54337899543379,0.4397891757667863,0.5602108242332137,-0.03867972375474482,0.016831828799423687,False,True,0,1,0,0,126.67452279939812,0,2406.8159331885645,0.0,14.0,10.0
26,8073,2023-04-30,Oakland Athletics,Cincinnati Reds,1,136.0,-147.0,0.423728813559322,0.5951417004048583,0.0542486296156435,0.9457513703843564,-0.36948018394367854,0.35060966997949816,False,True,0,1,0,0,126.67452279939812,0,2280.1414103891666,0.0,14.0,11.0
27,5809,2022-07-01,Colorado Rockies,Arizona Diamondbacks,0,-120.0,110.0,0.5454545454545454,0.4761904761904761,0.5275124270444853,0.4724875729555147,-0.017942118410060104,-0.003702903234961419,False,False,0,0,0,0,0.0,0,2280.1414103891666,0.0,14.0,11.0
28,8123,2023-05-04,Oakland Athletics,Seattle Mariners,0,208.0,-230.0,0.3246753246753247,0.696969696969697,0.0288516655473798,0.9711483344526196,-0.2958236591279449,0.2741786374829226,False,True,1,0,0,0,126.67452279939812,0,2335.2172898671656,55.07587947799918,15.0,11.0
29,770,2020-08-21,Los Angeles Dodgers,Colorado Rockies,1,-227.0,204.0,0.6941896024464832,0.3289473684210526,0.8716893113857014,0.1283106886142983,0.17749970893921818,-0.2006366798067543,True,False,1,0,0,0,126.67452279939812,0,2391.0210444043455,55.803754537179785,16.0,11.0
30,4104,2021-09-19,Houston Astros,Arizona Diamondbacks,1,-227.0,208.0,0.6941896024464832,0.3246753246753247,0.9318621195412876,0.0681378804587122,0.23767251709480441,-0.25653744421661245,True,False,1,0,0,0,119.55105222021729,0,2443.6867061753665,52.66566177102083,17.0,11.0
31,5374,2022-05-30,New York Mets,Washington Nationals,1,-179.0,166.0,0.6415770609318996,0.3759398496240601,0.86871382998927,0.1312861700107298,0.22713676905737046,-0.24465367961333026,True,False,1,0,0,0,119.55105222021729,0,2510.475003505097,66.78829732973033,18.0,11.0
32,5383,2022-05-31,New York Yankees,Los Angeles Angels,1,-130.0,119.0,0.5652173913043478,0.45662100456621,0.5859484836680168,0.4140515163319831,0.02073109236366899,-0.042569488234226904,True,False,1,0,0,0,119.55105222021729,0,2602.4373513668024,91.96234786170561,19.0,11.0
33,6342,2022-08-11,Cincinnati Reds,Chicago Cubs,0,-110.0,100.0,0.5238095238095238,0.5,0.5112458127092497,0.4887541872907503,-0.0125637111002741,-0.01124581270924968,False,False,0,0,0,0,0.0,0,2602.4373513668024,0.0,19.0,11.0
34,8595,2023-06-08,Atlanta Braves,New York Mets,1,-167.0,154.0,0.6254681647940075,0.3937007874015748,0.776631734626792,0.223368265373208,0.15116356983278456,-0.17033252202836682,True,False,1,0,0,0,119.55105222021729,0,2674.0248077860942,71.58745641929178,20.0,11.0
35,1007,2020-09-06,Minnesota Twins,Detroit Tigers,0,-179.0,165.0,0.6415770609318996,0.3773584905660377,0.8147509331397059,0.185249066860294,0.17317387220780633,-0.19210942370574371,True,False,0,1,0,0,133.70124038930473,0,2540.3235673967897,0.0,20.0,12.0
36,8040,2023-04-28,Colorado Rockies,Arizona Diamondbacks,0,115.0,-125.0,0.4651162790697674,0.5555555555555556,0.2505795037913213,0.7494204962086788,-0.21453677527844606,0.1938649406531232,False,True,1,0,0,0,133.70124038930473,0,2647.2845597082337,106.96099231144379,21.0,12.0
37,4844,2022-04-23,Detroit Tigers,Colorado Rockies,1,-137.0,127.0,0.5780590717299579,0.4405286343612334,0.4532159705205654,0.5467840294794347,-0.12484310120939246,0.10625539511820131,False,True,0,1,0,0,133.70124038930473,0,2513.583319318929,0.0,21.0,13.0
38,5157,2022-05-15,Tampa Bay Rays,Toronto Blue Jays,1,115.0,-125.0,0.4651162790697674,0.5555555555555556,0.3874562343819268,0.6125437656180733,-0.0776600446878406,0.05698821006251775,False,True,0,1,0,0,133.70124038930473,0,2379.8820789296246,0.0,21.0,14.0
39,8439,2023-05-27,Los Angeles Angels,Miami Marlins,0,-192.0,176.0,0.6575342465753424,0.3623188405797101,0.8007900107204066,0.1992099892795934,0.14325576414506414,-0.16310885130011668,True,False,0,1,0,0,133.70124038930473,0,2246.18083854032,0.0,21.0,15.0
40,8230,2023-05-12,Arizona Diamondbacks,San Francisco Giants,1,105.0,-115.0,0.4878048780487805,0.5348837209302325,0.4751793044018591,0.5248206955981408,-0.012625573646921351,-0.01006302533209169,False,False,0,0,0,0,0.0,0,2246.18083854032,0.0,21.0,15.0
41,2919,2021-06-22,New York Mets,Atlanta Braves,0,-105.0,-105.0,0.5121951219512195,0.5121951219512195,0.5165420777981153,0.4834579222018846,0.004346955846895817,-0.02873719974933492,False,False,0,0,0,0,0.0,0,2246.18083854032,0.0,21.0,15.0
42,6813,2022-09-15,Toronto Blue Jays,Tampa Bay Rays,0,-133.0,123.0,0.5708154506437768,0.4484304932735426,0.5770107365929794,0.4229892634070206,0.0061952859492026,-0.02544122986652203,False,False,0,0,0,0,0.0,0,2246.18083854032,0.0,21.0,15.0
43,2586,2021-05-29,Tampa Bay Rays,Philadelphia Phillies,1,-112.0,102.0,0.5283018867924528,0.495049504950495,0.5945300049683241,0.4054699950316759,0.06622811817587126,-0.08957950991881908,True,False,1,0,0,0,112.30904192701601,0,2346.4567688322986,100.27593029197858,22.0,15.0
44,696,2020-08-16,Los Angeles Angels,Los Angeles Dodgers,0,165.0,-179.0,0.3773584905660377,0.6415770609318996,0.0964974072443566,0.9035025927556438,-0.28086108332168114,0.26192553182374423,False,True,1,0,0,0,112.30904192701601,0,2409.1992503557713,62.74248152347263,23.0,15.0
45,5514,2022-06-09,Kansas City Royals,Baltimore Orioles,1,-105.0,-105.0,0.5121951219512195,0.5121951219512195,0.4254629896961062,0.5745370103038937,-0.08673213225511334,0.06234188835267418,False,True,0,1,0,0,120.45996251778857,0,2288.739287837983,0.0,23.0,16.0
46,7794,2023-04-10,Texas Rangers,Kansas City Royals,1,-168.0,155.0,0.6268656716417911,0.392156862745098,0.8661595723766484,0.1338404276233512,0.23929390073485735,-0.2583164351217468,True,False,1,0,0,0,120.45996251778857,0,2360.4416464795236,71.70235864154081,24.0,16.0
47,3178,2021-07-10,Houston Astros,New York Yankees,0,-104.0,-106.0,0.5098039215686274,0.5145631067961165,0.5472403616102847,0.4527596383897153,0.03743644004165725,-0.06180346840640122,True,False,0,1,0,0,120.45996251778857,0,2239.981683961735,0.0,24.0,17.0
48,453,2020-07-31,Atlanta Braves,New York Mets,1,-125.0,115.0,0.5555555555555556,0.4651162790697674,0.7229626494451428,0.2770373505548571,0.1674070938895872,-0.18807892851491026,True,False,1,0,0,0,120.45996251778857,0,2336.349653975966,96.36797001423086,25.0,17.0
49,2150,2021-04-27,Atlanta Braves,Chicago Cubs,1,-164.0,152.0,0.6212121212121212,0.3968253968253968,0.6914445817320889,0.308555418267911,0.07023246051996768,-0.0882699785574858,True,False,1,0,0,0,120.45996251778857,0,2409.800850633154,73.45119665718815,26.0,17.0
50,6069,2022-07-22,Los Angeles Dodgers,San Francisco Giants,1,-135.0,125.0,0.574468085106383,0.4444444444444444,0.6668491902755604,0.3331508097244395,0.09238110516917741,-0.11129363472000492,True,False,1,0,0,0,120.4900425316577,0,2499.052733989937,89.25188335678348,27.0,17.0
51,6536,2022-08-25,Oakland Athletics,New York Yankees,0,192.0,-208.0,0.3424657534246575,0.6753246753246753,0.1047080958044559,0.8952919041955443,-0.23775765762020162,0.21996722887086895,False,True,1,0,0,0,120.4900425316577,0,2556.980639053234,57.927905063296976,28.0,17.0
52,7063,2022-10-03,Milwaukee Brewers,Arizona Diamondbacks,1,-233.0,210.0,0.6996996996996997,0.3225806451612903,0.8533868880496531,0.1466131119503468,0.15368718834995343,-0.17596753321094352,True,False,1,0,0,0,120.4900425316577,0,2608.693103659096,51.712464605861676,29.0,17.0
53,2041,2021-04-19,Philadelphia Phillies,San Francisco Giants,0,-101.0,-109.0,0.5024875621890548,0.5215311004784688,0.3842968294730207,0.615703170526979,-0.11819073271603409,0.09417207004851014,False,True,1,0,0,0,120.4900425316577,0,2719.234427082635,110.54132342353918,30.0,17.0
54,5373,2022-05-30,Boston Red Sox,Baltimore Orioles,0,-164.0,150.0,0.6212121212121212,0.4,0.7976029017535157,0.2023970982464844,0.17639078054139445,-0.1976029017535156,True,False,0,1,0,0,120.4900425316577,0,2598.7443845509774,0.0,30.0,18.0
55,4773,2022-04-18,Boston Red Sox,Minnesota Twins,0,-143.0,131.0,0.588477366255144,0.4329004329004329,0.8022570014784002,0.1977429985215998,0.21377963522325616,-0.2351574343788331,True,False,0,1,0,0,129.93721922754887,0,2468.8071653234288,0.0,30.0,19.0
56,6559,2022-08-27,New York Mets,Colorado Rockies,1,-238.0,216.0,0.7041420118343196,0.3164556962025316,0.909505976227463,0.0904940237725371,0.20536396439314342,-0.22596167242999451,True,False,1,0,0,0,129.93721922754887,0,2523.4026355871047,54.59547026367599,31.0,19.0
57,953,2020-09-03,Pittsburgh Pirates,Chicago Cubs,1,141.0,-154.0,0.4149377593360996,0.6062992125984252,0.1540035571280204,0.8459964428719796,-0.26093420220807917,0.23969723027355438,False,True,0,1,0,0,129.93721922754887,0,2393.465416359556,0.0,31.0,20.0
58,823,2020-08-25,Texas Rangers,Oakland Athletics,0,149.0,-161.0,0.4016064257028112,0.6168582375478927,0.1214347720206392,0.8785652279793607,-0.280171653682172,0.26170699043146795,False,True,1,0,0,0,129.93721922754887,0,2474.1717637058596,80.70634734630363,32.0,20.0
59,6641,2022-09-02,Los Angeles Dodgers,San Diego Padres,0,-161.0,148.0,0.6168582375478927,0.4032258064516129,0.7439637179307617,0.2560362820692382,0.12710548038286895,-0.1471895243823747,True,False,0,1,0,0,129.93721922754887,0,2344.234544478311,0.0,32.0,21.0
60,8493,2023-05-31,Arizona Diamondbacks,Colorado Rockies,1,-167.0,154.0,0.6254681647940075,0.3937007874015748,0.7969333308601243,0.2030666691398757,0.17146516606611684,-0.19063411826169913,True,False,1,0,0,0,117.21172722391555,0,2414.4212074866437,70.18666300833266,33.0,21.0
61,3076,2021-07-03,Washington Nationals,Los Angeles Dodgers,0,177.0,-192.0,0.3610108303249097,0.6575342465753424,0.1478444043263856,0.8521555956736144,-0.21316642599852412,0.194621349098272,False,True,1,0,0,0,117.21172722391555,0,2475.468982082433,61.04777459578935,34.0,21.0
62,3715,2021-08-21,Boston Red Sox,Texas Rangers,0,-323.0,283.0,0.7635933806146572,0.2610966057441253,0.9486171467982722,0.0513828532017273,0.18502376618361505,-0.209713752542398,True,False,0,1,0,0,117.21172722391555,0,2358.257254858517,0.0,34.0,22.0
63,5337,2022-05-28,Minnesota Twins,Kansas City Royals,0,-147.0,137.0,0.5951417004048583,0.4219409282700422,0.8247628912536447,0.1752371087463554,0.2296211908487864,-0.2467038195236868,True,False,0,1,0,0,117.21172722391555,0,2241.0455276346015,0.0,34.0,23.0
64,3819,2021-08-29,Atlanta Braves,San Francisco Giants,1,-118.0,108.0,0.5412844036697247,0.4807692307692308,0.4315509420535128,0.5684490579464871,-0.10973346161621195,0.08767982717725636,False,True,0,1,0,0,117.21172722391555,0,2123.833800410686,0.0,34.0,24.0
65,8552,2023-06-05,Toronto Blue Jays,Houston Astros,0,-120.0,110.0,0.5454545454545454,0.4761904761904761,0.4703444792935422,0.5296555207064578,-0.07511006616100324,0.05346504451598172,False,True,1,0,0,0,106.1916900205343,0,2240.644659433274,116.81085902258774,35.0,24.0
66,6948,2022-09-24,Arizona Diamondbacks,San Francisco Giants,1,-116.0,106.0,0.5370370370370371,0.4854368932038835,0.5158596914269278,0.4841403085730721,-0.02117734561010931,-0.0012965846308113926,False,False,0,0,0,0,0.0,0,2240.644659433274,0.0,35.0,24.0
67,8297,2023-05-17,Baltimore Orioles,Los Angeles Angels,1,-139.0,129.0,0.5815899581589958,0.4366812227074236,0.6558528261578633,0.3441471738421365,0.0742628679988675,-0.0925340488652871,True,False,1,0,0,0,106.1916900205343,0,2317.041558728622,76.3968992953484,36.0,24.0
68,1195,2020-09-19,Houston Astros,Arizona Diamondbacks,1,-159.0,147.0,0.6138996138996139,0.4048582995951417,0.781549057383875,0.218450942616125,0.16764944348426114,-0.1864073569790167,True,False,1,0,0,0,106.1916900205343,0,2383.828785156631,66.78722642800899,37.0,24.0
69,8012,2023-04-26,Pittsburgh Pirates,Los Angeles Dodgers,1,134.0,-145.0,0.4273504273504273,0.5918367346938775,0.3270080525059537,0.6729919474940463,-0.10034237484447356,0.0811552128001688,False,True,0,1,0,0,106.1916900205343,0,2277.637095136097,0.0,37.0,25.0
70,8174,2023-05-08,New York Yankees,Oakland Athletics,1,-202.0,185.0,0.6688741721854304,0.3508771929824561,0.9537690418019582,0.0462309581980426,0.28489486961652777,-0.30464623478441355,True,False,1,0,0,0,113.88185475680484,0,2334.0142509562975,56.377155820200414,38.0,25.0
71,5270,2022-05-23,Washington Nationals,Los Angeles Dodgers,0,190.0,-208.0,0.3448275862068966,0.6753246753246753,0.0743462489394128,0.9256537510605868,-0.2704813372674838,0.25032907573591145,False,True,1,0,0,0,113.88185475680484,0,2388.7651426662997,54.75089171000233,39.0,25.0
72,3473,2021-08-04,New York Yankees,Baltimore Orioles,1,-256.0,233.0,0.7191011235955056,0.3003003003003003,0.9227507729441208,0.0772492270558794,0.20364964934861518,-0.22305107324442092,True,False,1,0,0,0,113.88185475680484,0,2433.2502421806767,44.48509951437689,40.0,25.0
73,5405,2022-06-01,Detroit Tigers,Minnesota Twins,1,110.0,-120.0,0.4761904761904761,0.5454545454545454,0.2879646668500629,0.7120353331499372,-0.18822580934041322,0.16658078769539175,False,True,0,1,0,0,113.88185475680484,0,2319.368387423872,0.0,40.0,26.0
74,2900,2021-06-20,Los Angeles Angels,Detroit Tigers,0,-152.0,140.0,0.6031746031746031,0.4166666666666667,0.7332162232926418,0.2667837767073581,0.13004162011803866,-0.1498828899593086,True,False,0,1,0,0,113.88185475680484,0,2205.486532667067,0.0,40.0,27.0
75,5537,2022-06-11,Cleveland Guardians,Oakland Athletics,0,-115.0,105.0,0.5348837209302325,0.4878048780487805,0.7205320266658743,0.2794679733341257,0.18564830573564184,-0.20833690471465477,True,False,0,1,0,0,110.27432663335335,0,2095.2122060337138,0.0,40.0,28.0
76,5125,2022-05-13,New York Mets,Seattle Mariners,0,-208.0,192.0,0.6753246753246753,0.3424657534246575,0.8548145298351624,0.1451854701648377,0.17948985451048705,-0.1972802832598198,True,False,0,1,0,0,110.27432663335335,0,1984.9378794003603,0.0,40.0,29.0
77,6433,2022-08-18,Texas Rangers,Oakland Athletics,1,-189.0,172.0,0.6539792387543253,0.3676470588235294,0.8388093208141845,0.1611906791858156,0.18483008205985918,-0.2064563796377138,True,False,1,0,0,0,110.27432663335335,0,2043.2840839682722,58.346204567911826,41.0,29.0
78,2529,2021-05-25,New York Mets,Colorado Rockies,1,-263.0,235.0,0.7245179063360881,0.2985074626865671,0.8972196623893868,0.1027803376106135,0.17270175605329863,-0.19572712507595358,True,False,1,0,0,0,110.27432663335335,0,2085.2134857300034,41.92940176173131,42.0,29.0
79,6016,2022-07-15,San Diego Padres,Arizona Diamondbacks,1,-182.0,166.0,0.6453900709219859,0.3759398496240601,0.8083089951381179,0.191691004861882,0.16291892421613208,-0.18424884476217807,True,False,1,0,0,0,110.27432663335335,0,2145.803775088989,60.590289358985366,43.0,29.0
80,3727,2021-08-22,Colorado Rockies,Arizona Diamondbacks,0,-175.0,161.0,0.6363636363636364,0.3831417624521073,0.8393602586416354,0.1606397413583645,0.20299662227799908,-0.22250202109374279,True,False,0,1,0,0,107.29018875444945,0,2038.5135863345395,0.0,43.0,30.0
81,4867,2022-04-24,Los Angeles Angels,Baltimore Orioles,1,-189.0,172.0,0.6539792387543253,0.3676470588235294,0.8270851795626922,0.1729148204373074,0.17310594080836694,-0.19473223838622197,True,False,1,0,0,0,107.29018875444945,0,2095.2808819718143,56.767295637274835,44.0,30.0
82,6745,2022-09-10,Baltimore Orioles,Boston Red Sox,0,-110.0,100.0,0.5238095238095238,0.5,0.5484163417681206,0.4515836582318792,0.02460681795859676,-0.04841634176812082,True,False,0,1,0,0,107.29018875444945,0,1987.9906932173649,0.0,44.0,31.0
83,8022,2023-04-27,Philadelphia Phillies,Seattle Mariners,1,-109.0,-101.0,0.5215311004784688,0.5024875621890548,0.4729744120636389,0.5270255879363611,-0.04855668841482996,0.024538025747306347,False,True,0,1,0,0,107.29018875444945,0,1880.7005044629154,0.0,44.0,32.0
84,6833,2022-09-16,Arizona Diamondbacks,San Diego Padres,0,162.0,-175.0,0.3816793893129771,0.6363636363636364,0.2306872180654622,0.7693127819345377,-0.15099217124751493,0.13294914557090132,False,True,1,0,0,0,107.29018875444945,0,1942.0091837511723,61.308679288256826,45.0,32.0
85,5046,2022-05-07,San Diego Padres,Miami Marlins,0,-112.0,103.0,0.5283018867924528,0.4926108374384236,0.5743473821828784,0.4256526178171216,0.04604549539042557,-0.066958219621302,True,False,0,1,0,0,97.10045918755861,0,1844.9087245636138,0.0,45.0,33.0
86,3924,2021-09-06,Washington Nationals,New York Mets,1,113.0,-123.0,0.4694835680751174,0.5515695067264574,0.3450801372383235,0.6549198627616764,-0.1244034308367939,0.10335035603521892,False,True,0,1,0,0,97.10045918755861,0,1747.8082653760553,0.0,45.0,34.0
87,577,2020-08-08,Texas Rangers,Los Angeles Angels,1,130.0,-141.0,0.4347826086956521,0.5850622406639004,0.3562506917328272,0.6437493082671728,-0.07853191696282491,0.05868706760327236,False,True,0,1,0,0,97.10045918755861,0,1650.7078061884968,0.0,45.0,35.0
88,5754,2022-06-27,New York Yankees,Oakland Athletics,1,-286.0,250.0,0.7409326424870466,0.2857142857142857,0.9537247495914482,0.0462752504085521,0.21279210710440155,-0.2394390353057336,True,False,1,0,0,0,97.10045918755861,0,1684.659015694636,33.95120950613937,46.0,35.0
89,7004,2022-09-29,Milwaukee Brewers,Miami Marlins,0,-175.0,161.0,0.6363636363636364,0.3831417624521073,0.7965917730207259,0.2034082269792741,0.16022813665708957,-0.1797335354728332,True,False,0,1,0,0,97.10045918755861,0,1587.5585565070774,0.0,46.0,36.0
90,6662,2022-09-04,Boston Red Sox,Texas Rangers,1,-118.0,108.0,0.5412844036697247,0.4807692307692308,0.5453641845186612,0.4546358154813386,0.004079780848936454,-0.026133415287892203,False,False,0,0,0,0,0.0,0,1587.5585565070774,0.0,46.0,36.0
91,2371,2021-05-13,Houston Astros,Texas Rangers,1,-189.0,175.0,0.6539792387543253,0.3636363636363636,0.8228746982421713,0.1771253017578287,0.168895459487846,-0.1865110618785349,True,False,1,0,0,0,79.37792782535388,0,1629.5574601183757,41.998903611298346,47.0,36.0
92,5261,2022-05-22,Milwaukee Brewers,Washington Nationals,0,-250.0,225.0,0.7142857142857143,0.3076923076923077,0.9371623425692724,0.0628376574307274,0.22287662828355814,-0.24485465026158032,True,False,0,1,0,0,79.37792782535388,0,1550.1795322930218,0.0,47.0,37.0
93,4157,2021-09-23,Colorado Rockies,Los Angeles Dodgers,0,228.0,-256.0,0.3048780487804878,0.7191011235955056,0.0869686169586165,0.9130313830413832,-0.21790943182187128,0.1939302594458776,False,True,1,0,0,0,79.37792782535388,0,1581.1865353498006,31.00700305677886,48.0,37.0
94,6298,2022-08-08,New York Mets,Cincinnati Reds,1,-294.0,262.0,0.7461928934010152,0.2762430939226519,0.9357718241250336,0.0642281758749664,0.18957893072401832,-0.2120149180476855,True,False,1,0,0,0,79.37792782535388,0,1608.1858305284923,26.999295178691796,49.0,37.0
95,5194,2022-05-17,Milwaukee Brewers,Atlanta Braves,0,-110.0,100.0,0.5238095238095238,0.5,0.6031058212333928,0.396894178766607,0.07929629742386901,-0.10310582123339301,True,False,0,1,0,0,80.40929152642462,0,1527.7765390020677,0.0,49.0,38.0
96,7771,2023-04-09,Detroit Tigers,Boston Red Sox,0,103.0,-113.0,0.4926108374384236,0.5305164319248826,0.1070900008181558,0.8929099991818424,-0.3855208366202678,0.3623935672569598,False,True,1,0,0,0,80.40929152642462,0,1598.9352040697001,71.15866506763241,50.0,38.0
97,3801,2021-08-28,Detroit Tigers,Toronto Blue Jays,0,179.0,-196.0,0.3584229390681003,0.6621621621621622,0.168292449005627,0.831707550994373,-0.1901304900624733,0.16954538883221082,False,True,1,0,0,0,80.40929152642462,0,1639.9603528076718,41.02514873797175,51.0,38.0
98,6583,2022-08-29,Miami Marlins,Los Angeles Dodgers,0,207.0,-227.0,0.3257328990228013,0.6941896024464832,0.0814485690718542,0.9185514309281456,-0.24428432995094707,0.22436182848166242,False,True,1,0,0,0,80.40929152642462,0,1675.3829481937619,35.422595386090144,52.0,38.0
99,8630,2023-06-11,Baltimore Orioles,Kansas City Royals,1,-174.0,160.0,0.635036496350365,0.3846153846153846,0.8770231879741457,0.1229768120258545,0.24198669162378073,-0.26163857258953005,True,False,1,0,0,0,80.40929152642462,0,1721.5951847032013,46.212236509439435,53.0,38.0
100,4960,2022-05-01,Milwaukee Brewers,Chicago Cubs,0,-200.0,182.0,0.6666666666666666,0.3546099290780142,0.8539721031840856,0.1460278968159145,0.18730543651741893,-0.2085820322620997,True,False,0,1,0,0,86.07975923516007,0,1635.5154254680413,0.0,53.0,39.0
101,8331,2023-05-20,Texas Rangers,Colorado Rockies,1,-183.0,168.0,0.6466431095406361,0.373134328358209,0.8714701189488203,0.1285298810511797,0.22482700940818423,-0.24460444730702927,True,False,1,0,0,0,86.07975923516007,0,1682.5535452686752,47.03811980063392,54.0,39.0
102,8304,2023-05-17,Houston Astros,Chicago Cubs,1,-150.0,139.0,0.6,0.4184100418410041,0.6962377919012762,0.3037622080987237,0.09623779190127624,-0.11464783374228044,True,False,1,0,0,0,86.07975923516007,0,1739.9400514254485,57.38650615677338,55.0,39.0
103,4873,2022-04-25,Milwaukee Brewers,San Francisco Giants,0,-182.0,166.0,0.6453900709219859,0.3759398496240601,0.5356133647781921,0.4643866352218079,-0.10977670614379376,0.08844678559774782,False,True,1,0,0,0,86.07975923516007,0,1882.8324517558142,142.89240033036572,56.0,39.0
104,8528,2023-06-03,Minnesota Twins,Cleveland Guardians,0,-131.0,121.0,0.5670995670995671,0.4524886877828054,0.6971277523556617,0.3028722476443382,0.1300281852560946,-0.1496164401384672,True,False,0,1,0,0,86.07975923516007,0,1796.7526925206541,0.0,56.0,40.0
105,6266,2022-08-06,New York Mets,Atlanta Braves,1,-130.0,120.0,0.5652173913043478,0.4545454545454545,0.5488825150537952,0.4511174849462048,-0.016334876250552632,-0.0034279695992496806,False,False,0,0,0,0,0.0,0,1796.7526925206541,0.0,56.0,40.0
106,3817,2021-08-29,Detroit Tigers,Toronto Blue Jays,0,147.0,-159.0,0.4048582995951417,0.6138996138996139,0.2188761771384087,0.7811238228615913,-0.18598212245673298,0.16722420896197743,False,True,1,0,0,0,89.83763462603271,0,1853.254349518159,56.501656997504845,57.0,40.0
107,8573,2023-06-07,Miami Marlins,Kansas City Royals,1,-172.0,158.0,0.6323529411764706,0.3875968992248062,0.8423407055820269,0.157659294417973,0.20998776440555633,-0.22993760480683323,True,False,1,0,0,0,89.83763462603271,0,1905.485532440271,52.23118292211204,58.0,40.0
108,6550,2022-08-26,Oakland Athletics,New York Yankees,0,200.0,-217.0,0.3333333333333333,0.6845425867507886,0.0959363959681792,0.9040636040318208,-0.2373969373651541,0.21952101728103224,False,True,1,0,0,0,89.83763462603271,0,1946.885364065171,41.39983162489987,59.0,40.0
109,5969,2022-07-12,Texas Rangers,Oakland Athletics,0,-164.0,152.0,0.6212121212121212,0.3968253968253968,0.8316962096374203,0.1683037903625797,0.2104840884252991,-0.2285216064628171,True,False,0,1,0,0,89.83763462603271,0,1857.0477294391383,0.0,59.0,41.0
110,5388,2022-05-31,Texas Rangers,Tampa Bay Rays,1,-125.0,115.0,0.5555555555555556,0.4651162790697674,0.5265678242503614,0.4734321757496385,-0.028987731305194164,0.008315896679871093,False,False,0,0,0,0,0.0,0,1857.0477294391383,0.0,59.0,41.0
111,693,2020-08-16,Chicago Cubs,Milwaukee Brewers,0,-132.0,121.0,0.5689655172413793,0.4524886877828054,0.6977357588496526,0.3022642411503475,0.12877024160827322,-0.15022444663245788,True,False,0,1,0,0,92.85238647195692,0,1764.1953429671814,0.0,59.0,42.0
112,4799,2022-04-19,Los Angeles Dodgers,Atlanta Braves,0,-152.0,139.0,0.6031746031746031,0.4184100418410041,0.8473211090007671,0.1526788909992328,0.24414650582616393,-0.26573115084177135,True,False,0,1,0,0,92.85238647195692,0,1671.3429564952246,0.0,59.0,43.0
113,6755,2022-09-10,Seattle Mariners,Atlanta Braves,1,118.0,-128.0,0.4587155963302752,0.5614035087719298,0.290800334956468,0.709199665043532,-0.1679152613738072,0.14779615627160225,False,True,0,1,0,0,92.85238647195692,0,1578.4905700232678,0.0,59.0,44.0
114,5246,2022-05-21,Baltimore Orioles,Tampa Bay Rays,0,135.0,-145.0,0.425531914893617,0.5918367346938775,0.2451123186528838,0.7548876813471161,-0.18041959624073323,0.1630509466532386,False,True,1,0,0,0,92.85238647195692,0,1642.5266986246174,64.0361286013496,60.0,44.0
115,2926,2021-06-22,Seattle Mariners,Colorado Rockies,1,-161.0,148.0,0.6168582375478927,0.4032258064516129,0.7432690418725314,0.2567309581274684,0.1264108043246387,-0.1464948483241445,True,False,1,0,0,0,82.12633493123087,0,1693.5368445446366,51.01014592001917,61.0,44.0
116,3044,2021-07-01,Pittsburgh Pirates,Milwaukee Brewers,0,212.0,-233.0,0.3205128205128205,0.6996996996996997,0.1128532615044688,0.8871467384955312,-0.2076595590083517,0.18744703879583147,False,True,1,0,0,0,82.12633493123087,0,1728.784198592375,35.247354047738575,62.0,44.0
117,8467,2023-05-30,Miami Marlins,San Diego Padres,0,-125.0,115.0,0.5555555555555556,0.4651162790697674,0.5534919592956735,0.4465080407043265,-0.002063596259882061,-0.0186082383654409,False,False,0,0,0,0,0.0,0,1728.784198592375,0.0,62.0,44.0
118,5329,2022-05-27,Seattle Mariners,Houston Astros,1,178.0,-196.0,0.3597122302158273,0.6621621621621622,0.1270602267307748,0.8729397732692251,-0.23265200348505252,0.21077761110706295,False,True,0,1,0,0,82.12633493123087,0,1646.6578636611443,0.0,62.0,45.0
119,5494,2022-06-08,Miami Marlins,Washington Nationals,1,-227.0,204.0,0.6941896024464832,0.3289473684210526,0.9088588950490716,0.0911411049509282,0.21466929260258838,-0.2378062634701244,True,False,1,0,0,0,82.12633493123087,0,1682.8368658334928,36.1790021723484,63.0,45.0
120,2896,2021-06-20,Chicago Cubs,Miami Marlins,1,-149.0,139.0,0.5983935742971888,0.4184100418410041,0.6839475178884299,0.3160524821115699,0.08555394359124113,-0.10235755972943422,True,False,1,0,0,0,84.14184329167465,0,1739.3079015997173,56.471035766224595,64.0,45.0
121,5731,2022-06-25,Cleveland Guardians,Boston Red Sox,0,-154.0,141.0,0.6062992125984252,0.4149377593360996,0.6266544784999164,0.3733455215000836,0.02035526590149117,-0.04159223783601601,True,False,0,1,0,0,84.14184329167465,0,1655.1660583080427,0.0,64.0,46.0
122,834,2020-08-26,Washington Nationals,Philadelphia Phillies,0,-103.0,-106.0,0.5073891625615764,0.5145631067961165,0.5072095968307568,0.4927904031692433,-0.00017956573081956417,-0.021772703626873224,False,False,0,0,0,0,0.0,0,1655.1660583080427,0.0,64.0,46.0
123,8033,2023-04-28,Toronto Blue Jays,Seattle Mariners,1,-112.0,102.0,0.5283018867924528,0.495049504950495,0.5732623911603625,0.4267376088396374,0.04496050436790966,-0.06831189611085758,True,False,1,0,0,0,84.14184329167465,0,1730.2927041041808,75.12664579613808,65.0,46.0
124,5869,2022-07-05,Boston Red Sox,Tampa Bay Rays,0,-119.0,109.0,0.54337899543379,0.4784688995215311,0.5550107794900557,0.4449892205099442,0.011631784056265748,-0.03347967901158688,True,False,0,1,0,0,84.14184329167465,0,1646.1508608125062,0.0,65.0,47.0
125,6705,2022-09-07,New York Yankees,Minnesota Twins,1,-192.0,175.0,0.6575342465753424,0.3636363636363636,0.8039504183380741,0.1960495816619259,0.1464161717627317,-0.1675867819744377,True,False,1,0,0,0,82.30754304062532,0,1689.0193728128318,42.86851200032569,66.0,47.0
126,6754,2022-09-10,San Diego Padres,Los Angeles Dodgers,0,134.0,-145.0,0.4273504273504273,0.5918367346938775,0.1815394873394543,0.8184605126605456,-0.24581094001097298,0.2266237779666681,False,True,1,0,0,0,82.30754304062532,0,1745.78319559947,56.76382278663815,67.0,47.0
127,6224,2022-08-03,Atlanta Braves,Philadelphia Phillies,0,-132.0,122.0,0.5689655172413793,0.4504504504504504,0.6078314405019158,0.392168559498084,0.038865923260536506,-0.05828189095236641,True,False,0,1,0,0,82.30754304062532,0,1663.4756525588446,0.0,67.0,48.0
128,6531,2022-08-25,Philadelphia Phillies,Cincinnati Reds,1,-303.0,270.0,0.7518610421836228,0.2702702702702703,0.9368722721556452,0.0631277278443547,0.18501122997202235,-0.20714254242591557,True,False,1,0,0,0,82.30754304062532,0,1690.6398581828132,27.16420562396875,68.0,48.0
129,5436,2022-06-03,Los Angeles Dodgers,New York Mets,1,-154.0,142.0,0.6062992125984252,0.4132231404958678,0.6341887416309194,0.3658112583690806,0.027889529032494198,-0.04741188212678715,True,False,1,0,0,0,82.30754304062532,0,1744.0863147026998,53.44645651988657,69.0,48.0
130,6007,2022-07-15,Toronto Blue Jays,Kansas City Royals,1,-333.0,296.0,0.76905311778291,0.2525252525252525,0.9406579773166016,0.0593420226833983,0.17160485953369164,-0.19318322984185418,True,False,1,0,0,0,87.204315735135,0,1770.273796905443,26.187482202743244,70.0,48.0
131,2831,2021-06-15,Los Angeles Dodgers,Philadelphia Phillies,1,-164.0,152.0,0.6212121212121212,0.3968253968253968,0.7693900921808131,0.2306099078191869,0.1481779709686919,-0.16621548900620992,True,False,1,0,0,0,87.204315735135,0,1823.4471601585742,53.17336325313109,71.0,48.0
132,6262,2022-08-05,Arizona Diamondbacks,Colorado Rockies,1,-125.0,115.0,0.5555555555555556,0.4651162790697674,0.6443573790355814,0.3556426209644185,0.08880182348002585,-0.10947365810534887,True,False,1,0,0,0,87.204315735135,0,1893.2106127466823,69.763452588108,72.0,48.0
133,4833,2022-04-22,Chicago Cubs,Pittsburgh Pirates,0,-164.0,152.0,0.6212121212121212,0.3968253968253968,0.7552894694808359,0.2447105305191641,0.13407734826871465,-0.1521148663062327,True,False,0,1,0,0,87.204315735135,0,1806.0062970115473,0.0,72.0,49.0
134,8582,2023-06-07,Colorado Rockies,San Francisco Giants,0,180.0,-196.0,0.3571428571428571,0.6621621621621622,0.1608742484703398,0.8391257515296602,-0.1962686086725173,0.176963589367498,False,True,1,0,0,0,87.204315735135,0,1850.4982948355957,44.49199782404847,73.0,49.0
135,491,2020-08-02,Arizona Diamondbacks,Los Angeles Dodgers,0,168.0,-182.0,0.373134328358209,0.6453900709219859,0.0565553111078735,0.9434446888921256,-0.3165790172503355,0.29805461797013977,False,True,1,0,0,0,92.5249147417798,0,1901.336160078332,50.83786524273616,74.0,49.0
136,6665,2022-09-04,New York Mets,Washington Nationals,0,-294.0,258.0,0.7461928934010152,0.2793296089385474,0.9515361072164882,0.0484638927835117,0.20534321381547294,-0.2308657161550357,True,False,0,1,0,0,92.5249147417798,0,1808.811245336552,0.0,74.0,50.0
137,8501,2023-06-01,Houston Astros,Los Angeles Angels,1,-191.0,175.0,0.6563573883161512,0.3636363636363636,0.7862237356599256,0.2137762643400741,0.12986634734377445,-0.1498600992962895,True,False,1,0,0,0,92.5249147417798,0,1857.2536090757037,48.44236373915172,75.0,50.0
138,6821,2022-09-16,Washington Nationals,Miami Marlins,1,109.0,-119.0,0.4784688995215311,0.54337899543379,0.3856033257961621,0.6143966742038379,-0.09286557372536902,0.07101767877004794,False,True,0,1,0,0,92.5249147417798,0,1764.7286943339238,0.0,75.0,51.0
139,2871,2021-06-18,Seattle Mariners,Tampa Bay Rays,1,105.0,-115.0,0.4878048780487805,0.5348837209302325,0.271791388509805,0.728208611490195,-0.21601348953897548,0.1933248905599625,False,True,0,1,0,0,92.5249147417798,0,1672.203779592144,0.0,75.0,52.0
140,5888,2022-07-06,Houston Astros,Kansas City Royals,0,-263.0,237.0,0.7245179063360881,0.2967359050445103,0.9360862737592188,0.0639137262407811,0.21156836742313068,-0.2328221788037292,True,False,0,1,0,0,83.6101889796072,0,1588.5935906125367,0.0,75.0,53.0
141,5432,2022-06-03,Kansas City Royals,Houston Astros,0,113.0,-123.0,0.4694835680751174,0.5515695067264574,0.1937082853647801,0.8062917146352198,-0.27577528271033724,0.2547222079087623,False,True,1,0,0,0,83.6101889796072,0,1656.5693540105913,67.97576339805464,76.0,53.0
142,6112,2022-07-25,Seattle Mariners,Texas Rangers,1,-152.0,140.0,0.6031746031746031,0.4166666666666667,0.7046469690438004,0.2953530309561996,0.10147236586919728,-0.1213136357104671,True,False,1,0,0,0,83.6101889796072,0,1711.5760572866486,55.00670327605737,77.0,53.0
143,6308,2022-08-09,Detroit Tigers,Cleveland Guardians,0,168.0,-182.0,0.373134328358209,0.6453900709219859,0.1962760779456597,0.8037239220543402,-0.17685825041254927,0.15833385113235432,False,True,1,0,0,0,83.6101889796072,0,1757.515721561158,45.939664274509454,78.0,53.0
144,3367,2021-07-27,Los Angeles Angels,Colorado Rockies,0,-132.0,121.0,0.5689655172413793,0.4524886877828054,0.6352769329701761,0.3647230670298237,0.06631141572879673,-0.08776562075298167,True,False,0,1,0,0,83.6101889796072,0,1673.9055325815507,0.0,78.0,54.0
145,5783,2022-06-29,Arizona Diamondbacks,San Diego Padres,0,124.0,-133.0,0.4464285714285714,0.5708154506437768,0.2439825223869752,0.7560174776130248,-0.2024460490415962,0.18520202696924803,False,True,1,0,0,0,83.69527662907754,0,1736.8343120019097,62.92877942035905,79.0,54.0
146,5298,2022-05-25,Washington Nationals,Los Angeles Dodgers,1,184.0,-200.0,0.352112676056338,0.6666666666666666,0.0664791545075647,0.9335208454924347,-0.2856335215487733,0.2668541788257681,False,True,0,1,0,0,83.69527662907754,0,1653.139035372832,0.0,79.0,55.0
147,6855,2022-09-18,Atlanta Braves,Philadelphia Phillies,1,-243.0,218.0,0.7084548104956269,0.3144654088050314,0.8434886013888003,0.1565113986111995,0.13503379089317347,-0.15795401019383187,True,False,1,0,0,0,83.69527662907754,0,1687.5815360432343,34.44250067040228,80.0,55.0
148,8277,2023-05-16,Detroit Tigers,Pittsburgh Pirates,1,-113.0,103.0,0.5305164319248826,0.4926108374384236,0.4134800060811809,0.586519993918819,-0.11703642584370172,0.09390915648039544,False,True,0,1,0,0,83.69527662907754,0,1603.8862594141567,0.0,80.0,56.0
149,1080,2020-09-11,Colorado Rockies,Los Angeles Angels,1,-127.0,116.0,0.5594713656387665,0.4629629629629629,0.5389479864804908,0.4610520135195091,-0.020523379158275734,-0.0019109494434538243,False,False,0,0,0,0,0.0,0,1603.8862594141567,0.0,80.0,56.0
150,5268,2022-05-23,Pittsburgh Pirates,Colorado Rockies,1,-123.0,114.0,0.5515695067264574,0.4672897196261682,0.4647297723554065,0.5352702276445934,-0.08683973437105091,0.0679805080184252,False,True,0,1,0,0,80.19431297070784,0,1523.6919464434488,0.0,80.0,57.0
151,3786,2021-08-27,New York Mets,Washington Nationals,0,-185.0,170.0,0.6491228070175439,0.3703703703703703,0.7931574547313022,0.2068425452686979,0.1440346477137583,-0.16352782510167238,True,False,0,1,0,0,80.19431297070784,0,1443.497633472741,0.0,80.0,58.0
152,8054,2023-04-29,Houston Astros,Philadelphia Phillies,0,-122.0,112.0,0.5495495495495496,0.4716981132075472,0.6236915151051414,0.3763084848948585,0.07414196555559183,-0.09538962831268866,True,False,0,1,0,0,80.19431297070784,0,1363.303320502033,0.0,80.0,59.0
153,3651,2021-08-17,Cincinnati Reds,Chicago Cubs,0,-156.0,145.0,0.609375,0.4081632653061224,0.7528806264139148,0.2471193735860851,0.14350562641391484,-0.1610438917200373,True,False,0,1,0,0,80.19431297070784,0,1283.1090075313252,0.0,80.0,60.0
154,8231,2023-05-12,Oakland Athletics,Texas Rangers,1,157.0,-171.0,0.3891050583657587,0.6309963099630996,0.0259104610772185,0.9740895389227812,-0.3631945972885402,0.34309322895968153,False,True,0,1,0,0,80.19431297070784,0,1202.9146945606174,0.0,80.0,61.0
155,2691,2021-06-05,Philadelphia Phillies,Washington Nationals,1,-130.0,120.0,0.5652173913043478,0.4545454545454545,0.6191316474488473,0.3808683525511527,0.05391425614449952,-0.07367710199430177,True,False,1,0,0,0,60.145734728030874,0,1249.1806443514104,46.26594979079298,81.0,61.0
156,991,2020-09-05,New York Mets,Philadelphia Phillies,1,-154.0,141.0,0.6062992125984252,0.4149377593360996,0.5992319606574625,0.4007680393425374,-0.007067251940962693,-0.014169719993562202,False,False,0,0,0,0,0.0,0,1249.1806443514104,0.0,81.0,61.0
157,6901,2022-09-21,Kansas City Royals,Minnesota Twins,1,131.0,-142.0,0.4329004329004329,0.5867768595041323,0.2660487787216812,0.7339512212783188,-0.1668516541787517,0.14717436177418652,False,True,0,1,0,0,60.145734728030874,0,1189.0349096233795,0.0,81.0,62.0
158,2092,2021-04-23,Tampa Bay Rays,Toronto Blue Jays,0,-152.0,139.0,0.6031746031746031,0.4184100418410041,0.6173340035860223,0.3826659964139777,0.014159400411419165,-0.035744045427026416,True,False,0,1,0,0,60.145734728030874,0,1128.8891748953486,0.0,81.0,63.0
159,3674,2021-08-18,Texas Rangers,Seattle Mariners,0,144.0,-156.0,0.4098360655737705,0.609375,0.2378286608720984,0.7621713391279017,-0.1720074047016721,0.1527963391279017,False,True,1,0,0,0,60.145734728030874,0,1167.4441330543427,38.554958158994154,82.0,63.0
160,1150,2020-09-16,Detroit Tigers,Kansas City Royals,0,121.0,-132.0,0.4524886877828054,0.5689655172413793,0.335192277096304,0.664807722903696,-0.11729641068650137,0.09584220566231672,False,True,1,0,0,0,58.37220665271714,0,1211.6655017306437,44.22136867630086,83.0,63.0
161,2158,2021-04-27,Los Angeles Dodgers,Cincinnati Reds,0,-233.0,212.0,0.6996996996996997,0.3205128205128205,0.8688815093213436,0.1311184906786563,0.16918180962164386,-0.18939432983416418,True,False,0,1,0,0,58.37220665271714,0,1153.2932950779266,0.0,83.0,64.0
162,8525,2023-06-03,New York Mets,Toronto Blue Jays,0,105.0,-115.0,0.4878048780487805,0.5348837209302325,0.3767173767333661,0.6232826232666338,-0.1110875013154144,0.08839890233640124,False,True,1,0,0,0,58.37220665271714,0,1204.0517356455066,50.75844056758012,84.0,64.0
163,6181,2022-07-30,Los Angeles Angels,Texas Rangers,1,-114.0,104.0,0.5327102803738317,0.4901960784313725,0.5241337109517461,0.4758662890482537,-0.008576569422085623,-0.014329789383118796,False,False,0,0,0,0,0.0,0,1204.0517356455066,0.0,84.0,64.0
164,5937,2022-07-10,New York Mets,Miami Marlins,0,-118.0,107.0,0.5412844036697247,0.4830917874396135,0.592294351942841,0.4077056480571592,0.051009948273116223,-0.07538613938245431,True,False,0,1,0,0,58.37220665271714,0,1145.6795289927895,0.0,84.0,65.0
165,7906,2023-04-18,Colorado Rockies,Pittsburgh Pirates,0,102.0,-112.0,0.495049504950495,0.5283018867924528,0.2036533849377038,0.7963466150622962,-0.2913961200127912,0.2680447282698434,False,True,1,0,0,0,57.28397644963948,0,1196.8259365371105,51.14640754432097,85.0,65.0
166,3525,2021-08-07,Los Angeles Dodgers,Los Angeles Angels,1,-294.0,258.0,0.7461928934010152,0.2793296089385474,0.9176268948735664,0.0823731051264335,0.17143400147255117,-0.1969565038121139,True,False,1,0,0,0,57.28397644963948,0,1216.3102822682804,19.484345731169892,86.0,65.0
167,2704,2021-06-06,Toronto Blue Jays,Houston Astros,0,-114.0,104.0,0.5327102803738317,0.4901960784313725,0.4728140764797671,0.527185923520233,-0.05989620389406464,0.036989845088860496,False,True,1,0,0,0,57.28397644963948,0,1275.8856177759055,59.57533550762506,87.0,65.0
168,3952,2021-09-08,Arizona Diamondbacks,Texas Rangers,0,-156.0,145.0,0.609375,0.4081632653061224,0.6900264720097862,0.3099735279902138,0.08065147200978617,-0.09818973731590858,True,False,0,1,0,0,57.28397644963948,0,1218.601641326266,0.0,87.0,66.0
169,4111,2021-09-19,New York Mets,Philadelphia Phillies,1,-118.0,108.0,0.5412844036697247,0.4807692307692308,0.5389155125898081,0.4610844874101917,-0.0023688910799166685,-0.01968474335903908,False,False,0,0,0,0,0.0,0,1218.601641326266,0.0,87.0,66.0
170,6460,2022-08-20,New York Yankees,Toronto Blue Jays,0,-175.0,161.0,0.6363636363636364,0.3831417624521073,0.7568282584711261,0.2431717415288739,0.12046462210748976,-0.13997002092323338,True,False,0,1,0,0,60.930082066313304,0,1157.6715592599526,0.0,87.0,67.0
171,8382,2023-05-23,Colorado Rockies,Miami Marlins,1,116.0,-126.0,0.4629629629629629,0.5575221238938053,0.363703645532907,0.636296354467093,-0.0992593174300559,0.0787742305732877,False,True,0,1,0,0,60.930082066313304,0,1096.7414771936392,0.0,87.0,68.0
172,8226,2023-05-12,Minnesota Twins,Chicago Cubs,0,-145.0,134.0,0.5918367346938775,0.4273504273504273,0.6167208633810085,0.3832791366189915,0.02488412868713097,-0.044071290731435786,True,False,0,1,0,0,60.930082066313304,0,1035.8113951273258,0.0,87.0,69.0
173,6060,2022-07-22,New York Mets,San Diego Padres,0,-179.0,163.0,0.6415770609318996,0.3802281368821292,0.7381571999356334,0.2618428000643665,0.09658013900373386,-0.1183853368177627,True,False,0,1,0,0,60.930082066313304,0,974.8813130610125,0.0,87.0,70.0
174,6000,2022-07-14,Chicago Cubs,New York Mets,0,123.0,-133.0,0.4484304932735426,0.5708154506437768,0.212618770057467,0.7873812299425331,-0.23581172321607563,0.2165657792987563,False,True,1,0,0,0,60.930082066313304,0,1020.6934048401954,45.812091779182936,88.0,70.0
175,4830,2022-04-22,Philadelphia Phillies,Milwaukee Brewers,1,-120.0,111.0,0.5454545454545454,0.4739336492890995,0.4253386010086278,0.5746613989913723,-0.12011594444591761,0.10072774970227277,False,True,0,1,0,0,51.034670242009774,0,969.6587345981857,0.0,88.0,71.0
176,3055,2021-07-02,Toronto Blue Jays,Tampa Bay Rays,1,-112.0,102.0,0.5283018867924528,0.495049504950495,0.462434450209138,0.5375655497908619,-0.06586743658331484,0.04251604484036692,False,True,0,1,0,0,51.034670242009774,0,918.624064356176,0.0,88.0,72.0
177,5476,2022-06-07,Cincinnati Reds,Arizona Diamondbacks,1,-133.0,123.0,0.5708154506437768,0.4484304932735426,0.5756135125372658,0.4243864874627342,0.00479806189348897,-0.0240440058108084,False,False,0,0,0,0,0.0,0,918.624064356176,0.0,88.0,72.0
178,6476,2022-08-21,Atlanta Braves,Houston Astros,0,-135.0,125.0,0.574468085106383,0.4444444444444444,0.527722940615471,0.4722770593845291,-0.04674514449091205,0.027832614940084655,False,True,1,0,0,0,51.034670242009774,0,982.4174021586882,63.79333780251222,89.0,72.0
179,2566,2021-05-27,Oakland Athletics,Los Angeles Angels,1,-145.0,135.0,0.5918367346938775,0.425531914893617,0.7186970621247661,0.2813029378752338,0.1268603274308886,-0.14422897701838322,True,False,1,0,0,0,51.034670242009774,0,1017.6137264635225,35.19632430483433,90.0,72.0
180,5307,2022-05-25,Los Angeles Angels,Texas Rangers,0,-156.0,145.0,0.609375,0.4081632653061224,0.7718059547470043,0.2281940452529957,0.1624309547470043,-0.1799692200531267,True,False,0,1,0,0,50.88068632317613,0,966.7330401403464,0.0,90.0,73.0
181,6135,2022-07-27,Arizona Diamondbacks,San Francisco Giants,1,104.0,-114.0,0.4901960784313725,0.5327102803738317,0.4034982581141075,0.5965017418858924,-0.08669782031726497,0.06379146151206072,False,True,0,1,0,0,50.88068632317613,0,915.8523538171702,0.0,90.0,74.0
182,1126,2020-09-15,Cincinnati Reds,Pittsburgh Pirates,1,-133.0,124.0,0.5708154506437768,0.4464285714285714,0.778174342857677,0.2218256571423232,0.20735889221390014,-0.2246029142862482,True,False,1,0,0,0,50.88068632317613,0,954.1085089473778,38.25615513020761,91.0,74.0
183,5295,2022-05-25,Pittsburgh Pirates,Colorado Rockies,1,-120.0,110.0,0.5454545454545454,0.4761904761904761,0.4618902208663412,0.5381097791336588,-0.08356432458820423,0.06191930294318265,False,True,0,1,0,0,50.88068632317613,0,903.2278226242016,0.0,91.0,75.0
184,7858,2023-04-15,Oakland Athletics,New York Mets,0,164.0,-178.0,0.3787878787878788,0.6402877697841727,0.0170902144857764,0.9829097855142226,-0.3616976643021024,0.3426220157300499,False,True,1,0,0,0,50.88068632317613,0,931.812477861941,28.5846552377394,92.0,75.0
185,5328,2022-05-27,San Diego Padres,Pittsburgh Pirates,1,-196.0,178.0,0.6621621621621622,0.3597122302158273,0.8821311045497096,0.1178688954502905,0.21996894238754738,-0.24184333476553682,True,False,1,0,0,0,46.59062389309705,0,955.583204338011,23.770726476069925,93.0,75.0
186,2790,2021-06-13,Philadelphia Phillies,New York Yankees,1,-123.0,114.0,0.5515695067264574,0.4672897196261682,0.5369244023534884,0.4630755976465116,-0.014645104372969064,-0.004214121979656593,False,False,0,0,0,0,0.0,0,955.583204338011,0.0,93.0,75.0
187,6788,2022-09-13,New York Mets,Chicago Cubs,0,-385.0,346.0,0.7938144329896907,0.2242152466367713,0.9566558472400978,0.0433441527599026,0.1628414142504071,-0.1808710938768687,True,False,0,1,0,0,46.59062389309705,0,908.992580444914,0.0,93.0,76.0
188,3808,2021-08-28,Minnesota Twins,Milwaukee Brewers,1,135.0,-145.0,0.425531914893617,0.5918367346938775,0.1825726490194867,0.8174273509805131,-0.24295926587413033,0.22559061628663557,False,True,0,1,0,0,46.59062389309705,0,862.401956551817,0.0,93.0,77.0
189,8320,2023-05-19,Texas Rangers,Colorado Rockies,1,-225.0,204.0,0.6923076923076923,0.3289473684210526,0.9060275785820352,0.0939724214179651,0.2137198862743429,-0.23497494700308752,True,False,1,0,0,0,46.59062389309705,0,883.1089005043045,20.706943952487578,94.0,77.0
190,5837,2022-07-03,New York Mets,Texas Rangers,1,-141.0,130.0,0.5850622406639004,0.4347826086956521,0.662557466156305,0.337442533843695,0.07749522549240451,-0.09734007485195711,True,False,1,0,0,0,44.15544502521523,0,914.424818961904,31.315918457599455,95.0,77.0
191,2416,2021-05-16,Colorado Rockies,Cincinnati Reds,0,100.0,-110.0,0.5,0.5238095238095238,0.398937010571166,0.6010629894288342,-0.10106298942883402,0.07725346561931035,False,True,1,0,0,0,44.15544502521523,0,954.5661326211905,40.141313659286574,96.0,77.0
192,2348,2021-05-12,New York Mets,Baltimore Orioles,1,-182.0,166.0,0.6453900709219859,0.3759398496240601,0.7793088013678078,0.2206911986321922,0.13391873044582192,-0.15524865099186788,True,False,1,0,0,0,44.15544502521523,0,978.8273661515285,24.26123353033804,97.0,77.0
193,3957,2021-09-08,New York Yankees,Toronto Blue Jays,0,-112.0,103.0,0.5283018867924528,0.4926108374384236,0.4542877123119272,0.5457122876880728,-0.07401417448052561,0.053101450249649185,False,True,1,0,0,0,44.15544502521523,0,1024.3074745275003,45.48010837597169,98.0,77.0
194,2696,2021-06-05,Atlanta Braves,Los Angeles Dodgers,1,123.0,-133.0,0.4484304932735426,0.5708154506437768,0.2297020310240873,0.7702979689759127,-0.21872846224945533,0.19948251833213593,False,True,0,1,0,0,44.15544502521523,0,980.152029502285,0.0,98.0,78.0
195,3230,2021-07-17,Colorado Rockies,Los Angeles Dodgers,0,216.0,-238.0,0.3164556962025316,0.7041420118343196,0.0922938400934896,0.9077061599065104,-0.224161856109042,0.2035641480721908,False,True,1,0,0,0,49.00760147511426,0,1000.7434586935095,20.591429191224478,99.0,78.0
196,5877,2022-07-06,Detroit Tigers,Cleveland Guardians,1,169.0,-185.0,0.3717472118959107,0.6491228070175439,0.2108175095179626,0.7891824904820371,-0.1609297023779481,0.14005968346449327,False,True,0,1,0,0,49.00760147511426,0,951.7358572183953,0.0,99.0,79.0
197,4748,2022-04-16,Boston Red Sox,Minnesota Twins,1,-123.0,113.0,0.5515695067264574,0.4694835680751174,0.5490579456914788,0.4509420543085211,-0.0025115610349786266,-0.018541513766596296,False,False,0,0,0,0,0.0,0,951.7358572183953,0.0,99.0,79.0
198,5065,2022-05-08,Los Angeles Angels,Washington Nationals,1,-185.0,170.0,0.6491228070175439,0.3703703703703703,0.8747473611612387,0.1252526388387613,0.22562455414369487,-0.24511773153160898,True,False,1,0,0,0,49.00760147511426,0,978.2264526103489,26.490595391953654,100.0,79.0
199,2138,2021-04-26,Milwaukee Brewers,Miami Marlins,0,-169.0,155.0,0.6282527881040892,0.392156862745098,0.7741428219796905,0.2258571780203095,0.1458900338756013,-0.16629968472478848,True,False,0,1,0,0,49.00760147511426,0,929.2188511352347,0.0,100.0,80.0
200,8290,2023-05-16,Los Angeles Dodgers,Minnesota Twins,0,-193.0,177.0,0.658703071672355,0.3610108303249097,0.7601593837565968,0.2398406162434031,0.10145631208424177,-0.1211702140815066,True,False,0,1,0,0,46.46094255676174,0,882.7579085784729,0.0,100.0,81.0
201,6095,2022-07-24,Milwaukee Brewers,Colorado Rockies,1,-185.0,170.0,0.6491228070175439,0.3703703703703703,0.8184955257112377,0.1815044742887623,0.16937271869369386,-0.188865896081608,True,False,1,0,0,0,46.46094255676174,0,907.8719315821279,25.114023003654996,101.0,81.0
202,5802,2022-07-01,Toronto Blue Jays,Tampa Bay Rays,1,-135.0,126.0,0.574468085106383,0.4424778761061947,0.6013564227046667,0.3986435772953332,0.026888337598283685,-0.04383429881086154,True,False,1,0,0,0,46.46094255676174,0,942.2874445871366,34.41551300500869,102.0,81.0
203,2753,2021-06-10,Boston Red Sox,Houston Astros,1,-102.0,-108.0,0.504950495049505,0.5192307692307693,0.3981547597287978,0.6018452402712021,-0.10679573532070713,0.08261447104043285,False,True,0,1,0,0,46.46094255676174,0,895.8265020303749,0.0,102.0,82.0
204,944,2020-09-02,New York Yankees,Tampa Bay Rays,0,-112.0,102.0,0.5283018867924528,0.495049504950495,0.413339843147289,0.5866601568527109,-0.11496204364516383,0.0916106519022159,False,True,1,0,0,0,46.46094255676174,0,943.2166634382718,47.39016140789697,103.0,82.0
205,6713,2022-09-07,Baltimore Orioles,Toronto Blue Jays,0,131.0,-143.0,0.4329004329004329,0.588477366255144,0.2981170472978924,0.7018829527021077,-0.1347833856025405,0.11340558644696364,False,True,1,0,0,0,47.160833171913595,0,976.1962670549946,32.97960361672279,104.0,82.0
206,4771,2022-04-17,San Diego Padres,Atlanta Braves,1,-127.0,117.0,0.5594713656387665,0.4608294930875576,0.65942806545624,0.3405719345437599,0.09995669981747346,-0.12025755854379772,True,False,1,0,0,0,47.160833171913595,0,1013.3307813635879,37.13451430859338,105.0,82.0
207,8126,2023-05-05,Chicago Cubs,Miami Marlins,1,-156.0,144.0,0.609375,0.4098360655737705,0.8083185851822404,0.1916814148177596,0.19894358518224042,-0.2181546507560109,True,False,1,0,0,0,47.160833171913595,0,1043.5620846789172,30.23130331532923,106.0,82.0
208,6959,2022-09-25,Texas Rangers,Cleveland Guardians,0,123.0,-133.0,0.4484304932735426,0.5708154506437768,0.3021615930443611,0.6978384069556388,-0.14626890022918154,0.127022956311862,False,True,1,0,0,0,47.160833171913595,0,1079.0213577405063,35.459273061589165,107.0,82.0
209,2165,2021-04-28,Toronto Blue Jays,Washington Nationals,0,-169.0,155.0,0.6282527881040892,0.392156862745098,0.834216467658313,0.1657835323416871,0.2059636795542238,-0.22637333040341087,True,False,0,1,0,0,47.160833171913595,0,1031.8605245685928,0.0,107.0,83.0
210,5168,2022-05-16,Miami Marlins,Washington Nationals,1,-204.0,188.0,0.6710526315789473,0.3472222222222222,0.8864670614156754,0.1135329385843244,0.2154144298367281,-0.23368928363789782,True,False,1,0,0,0,51.59302622842964,0,1057.151223700176,25.290699131583157,108.0,83.0
211,3355,2021-07-26,Los Angeles Angels,Colorado Rockies,1,-145.0,134.0,0.5918367346938775,0.4273504273504273,0.6745479957257644,0.3254520042742356,0.08271126103188686,-0.10189842307619168,True,False,1,0,0,0,51.59302622842964,0,1092.732621099093,35.581397398917,109.0,83.0
212,771,2020-08-21,Oakland Athletics,Los Angeles Angels,1,102.0,-112.0,0.495049504950495,0.5283018867924528,0.7014214543779324,0.2985785456220675,0.20637194942743736,-0.22972334117038534,True,False,1,0,0,0,51.59302622842964,0,1145.3575078520912,52.624886752998236,110.0,83.0
213,6252,2022-08-05,Baltimore Orioles,Pittsburgh Pirates,1,-143.0,132.0,0.588477366255144,0.4310344827586206,0.7583165389935224,0.2416834610064776,0.16983917273837834,-0.189351021752143,True,False,1,0,0,0,51.59302622842964,0,1181.4365471726715,36.079039320580165,111.0,83.0
214,5713,2022-06-24,Texas Rangers,Washington Nationals,0,-164.0,151.0,0.6212121212121212,0.398406374501992,0.8387941751340882,0.1612058248659118,0.21758205392196694,-0.2372005496360802,True,False,0,1,0,0,51.59302622842964,0,1129.8435209442418,0.0,111.0,84.0
215,8555,2023-06-05,San Diego Padres,Chicago Cubs,1,-166.0,153.0,0.6240601503759399,0.3952569169960474,0.734883109776609,0.2651168902233909,0.11082295940066911,-0.13014002677265651,True,False,1,0,0,0,56.4921760472121,0,1163.874952297984,34.03143135374223,112.0,84.0
216,6317,2022-08-09,San Diego Padres,San Francisco Giants,1,-175.0,162.0,0.6363636363636364,0.3816793893129771,0.7387260308307974,0.2612739691692026,0.102362394467161,-0.12040542014377453,True,False,1,0,0,0,56.4921760472121,0,1196.1561957535337,32.28124345554977,113.0,84.0
217,6255,2022-08-05,Detroit Tigers,Tampa Bay Rays,0,175.0,-192.0,0.3636363636363636,0.6575342465753424,0.1728072678436279,0.827192732156372,-0.1908290957927357,0.16965848558102958,False,True,1,0,0,0,56.4921760472121,0,1225.5792041114566,29.42300835792297,114.0,84.0
218,3769,2021-08-25,San Diego Padres,Los Angeles Dodgers,0,133.0,-145.0,0.4291845493562232,0.5918367346938775,0.2327156711479115,0.7672843288520884,-0.1964688782083117,0.17544759415821087,False,True,1,0,0,0,56.4921760472121,0,1264.539325523327,38.96012141187042,115.0,84.0
219,6114,2022-07-26,Cincinnati Reds,Miami Marlins,0,-103.0,-106.0,0.5073891625615764,0.5145631067961165,0.4007426743588519,0.5992573256411481,-0.10664648820272449,0.08469421884503159,False,True,1,0,0,0,56.4921760472121,0,1317.8338312282442,53.29450570491707,116.0,84.0
220,3663,2021-08-17,Los Angeles Dodgers,Pittsburgh Pirates,1,-294.0,262.0,0.7461928934010152,0.2762430939226519,0.9561476397630904,0.0438523602369101,0.20995474636207512,-0.23239073368574178,True,False,1,0,0,0,65.89169156141222,0,1340.2459712151192,22.4121399868749,117.0,84.0
221,7766,2023-04-08,Atlanta Braves,San Diego Padres,0,-155.0,143.0,0.6078431372549019,0.411522633744856,0.7880758978849794,0.2119241021150204,0.18023276063007754,-0.19959853162983557,True,False,0,1,0,0,65.89169156141222,0,1274.354279653707,0.0,117.0,85.0
222,6694,2022-09-06,Houston Astros,Texas Rangers,0,-256.0,230.0,0.7191011235955056,0.303030303030303,0.899143567494419,0.1008564325055808,0.18004244389891344,-0.2021738705247222,True,False,0,1,0,0,65.89169156141222,0,1208.4625880922947,0.0,117.0,86.0
223,7866,2023-04-16,Boston Red Sox,Los Angeles Angels,1,-110.0,100.0,0.5238095238095238,0.5,0.4161196948457858,0.5838803051542144,-0.10768982896373802,0.08388030515421441,False,True,0,1,0,0,65.89169156141222,0,1142.5708965308825,0.0,117.0,87.0
224,6137,2022-07-27,Cincinnati Reds,Miami Marlins,1,-145.0,133.0,0.5918367346938775,0.4291845493562232,0.5742197244896836,0.4257802755103164,-0.017617010204193928,-0.0034042738459068023,False,False,0,0,0,0,0.0,0,1142.5708965308825,0.0,117.0,87.0
225,6486,2022-08-21,Los Angeles Dodgers,Miami Marlins,1,-159.0,146.0,0.6138996138996139,0.4065040650406504,0.8124078320952078,0.1875921679047923,0.19850821819559394,-0.2189118971358581,True,False,1,0,0,0,57.12854482654413,0,1178.500798937514,35.92990240663153,118.0,87.0
226,8430,2023-05-27,Kansas City Royals,Washington Nationals,0,-105.0,-105.0,0.5121951219512195,0.5121951219512195,0.421819007906863,0.5781809920931371,-0.09037611404435653,0.06598587014191759,False,True,1,0,0,0,57.12854482654413,0,1232.9089368675561,54.408137930042024,119.0,87.0
227,6957,2022-09-25,Minnesota Twins,Los Angeles Angels,0,-105.0,-105.0,0.5121951219512195,0.5121951219512195,0.5389950995110392,0.4610049004889608,0.026799977559819665,-0.05119022146225871,True,False,0,1,0,0,57.12854482654413,0,1175.780392041012,0.0,119.0,88.0
228,6435,2022-08-18,Milwaukee Brewers,Los Angeles Dodgers,1,100.0,-110.0,0.5,0.5238095238095238,0.271030786088748,0.728969213911252,-0.22896921391125202,0.2051596901017282,False,True,0,1,0,0,57.12854482654413,0,1118.6518472144678,0.0,119.0,89.0
229,5415,2022-06-02,Cincinnati Reds,Washington Nationals,1,-130.0,119.0,0.5652173913043478,0.45662100456621,0.6607164637721104,0.3392835362278897,0.09549907246776257,-0.11733746833832032,True,False,1,0,0,0,57.12854482654413,0,1162.5968816964248,43.94503448195702,120.0,89.0
230,8218,2023-05-12,Detroit Tigers,Seattle Mariners,0,106.0,-116.0,0.4854368932038835,0.5370370370370371,0.3556615200283786,0.6443384799716214,-0.12977537317550492,0.10730144293458432,False,True,1,0,0,0,58.129844084821244,0,1212.7088162523053,50.11193455588038,121.0,89.0
231,630,2020-08-12,Los Angeles Angels,Oakland Athletics,0,102.0,-112.0,0.495049504950495,0.5283018867924528,0.2971399123333937,0.7028600876666062,-0.19790959261710128,0.1745582008741534,False,True,1,0,0,0,58.129844084821244,0,1264.6104627566099,51.901646504304686,122.0,89.0
232,5631,2022-06-18,Baltimore Orioles,Tampa Bay Rays,0,150.0,-164.0,0.4,0.6212121212121212,0.2187387855856332,0.7812612144143669,-0.18126121441436682,0.1600490932022457,False,True,1,0,0,0,58.129844084821244,0,1300.0554896375984,35.445026880988564,123.0,89.0
233,4840,2022-04-22,Oakland Athletics,Texas Rangers,0,113.0,-123.0,0.4694835680751174,0.5515695067264574,0.7051444507053455,0.2948555492946541,0.2356608826302281,-0.25671395743180336,True,False,0,1,0,0,58.129844084821244,0,1241.925645552777,0.0,123.0,90.0
234,8545,2023-06-04,Arizona Diamondbacks,Atlanta Braves,0,-125.0,115.0,0.5555555555555556,0.4651162790697674,0.4820353984686466,0.5179646015313533,-0.07352015708690895,0.052848322461585884,False,True,1,0,0,0,58.129844084821244,0,1308.7749662503215,66.84932069754443,124.0,90.0
235,3069,2021-07-03,Philadelphia Phillies,San Diego Padres,1,138.0,-149.0,0.4201680672268907,0.5983935742971888,0.2223151744521964,0.7776848255478035,-0.1978528927746943,0.17929125125061474,False,True,0,1,0,0,65.43874831251608,0,1243.3362179378055,0.0,124.0,91.0
236,6724,2022-09-08,New York Yankees,Minnesota Twins,0,-137.0,127.0,0.5780590717299579,0.4405286343612334,0.6808456231022966,0.3191543768977035,0.10278655137233872,-0.12137425746352992,True,False,0,1,0,0,65.43874831251608,0,1177.8974696252894,0.0,124.0,92.0
237,5433,2022-06-03,Milwaukee Brewers,San Diego Padres,0,-147.0,137.0,0.5951417004048583,0.4219409282700422,0.627074591486251,0.372925408513749,0.031932891081392745,-0.0490155197562932,True,False,0,1,0,0,65.43874831251608,0,1112.4587213127734,0.0,124.0,93.0
238,5857,2022-07-04,San Diego Padres,Seattle Mariners,0,-182.0,166.0,0.6453900709219859,0.3759398496240601,0.7759533406512178,0.2240466593487822,0.13056326972923193,-0.15189319027527787,True,False,0,1,0,0,65.43874831251608,0,1047.0199730002573,0.0,124.0,94.0
239,6938,2022-09-24,Tampa Bay Rays,Toronto Blue Jays,0,-108.0,-102.0,0.5192307692307693,0.504950495049505,0.4724539975116816,0.5275460024883185,-0.04677677171908767,0.022595507438813556,False,True,1,0,0,0,65.43874831251608,0,1111.1756086007633,64.15563560050596,125.0,94.0
240,6163,2022-07-29,Colorado Rockies,Los Angeles Dodgers,0,196.0,-213.0,0.3378378378378378,0.6805111821086262,0.0779038202462663,0.9220961797537336,-0.2599340175915715,0.24158499764510744,False,True,1,0,0,0,55.55878043003817,0,1137.2595430749595,26.083934474196322,126.0,94.0
241,1259,2020-09-23,Los Angeles Dodgers,Oakland Athletics,0,-156.0,145.0,0.609375,0.4081632653061224,0.6911672643734557,0.3088327356265443,0.08179226437345566,-0.09933052967957812,True,False,0,1,0,0,55.55878043003817,0,1081.7007626449213,0.0,126.0,95.0
242,5272,2022-05-23,Atlanta Braves,Philadelphia Phillies,0,114.0,-123.0,0.4672897196261682,0.5515695067264574,0.3885226487039261,0.6114773512960741,-0.07876707092224211,0.05990784456961662,False,True,1,0,0,0,55.55878043003817,0,1126.8705028319441,45.1697401870229,127.0,95.0
243,5300,2022-05-25,San Diego Padres,Milwaukee Brewers,0,-125.0,115.0,0.5555555555555556,0.4651162790697674,0.4983334607634678,0.5016665392365321,-0.057222094792087785,0.03655026016676477,False,True,1,0,0,0,55.55878043003817,0,1190.763100326488,63.89259749454389,128.0,95.0
244,2762,2021-06-11,New York Mets,San Diego Padres,1,-156.0,144.0,0.609375,0.4098360655737705,0.6013537855304021,0.3986462144695979,-0.008021214469597915,-0.011189851104172588,False,False,0,0,0,0,0.0,0,1190.763100326488,0.0,128.0,95.0
245,7913,2023-04-19,Miami Marlins,San Francisco Giants,0,-104.0,-106.0,0.5098039215686274,0.5145631067961165,0.5616401432160302,0.4383598567839695,0.05183622164740276,-0.076203250012147,True,False,0,1,0,0,59.5381550163244,0,1131.2249453101635,0.0,128.0,96.0
246,6086,2022-07-24,Philadelphia Phillies,Chicago Cubs,0,-128.0,118.0,0.5614035087719298,0.4587155963302752,0.70941233227071,0.2905876677292899,0.1480088234987802,-0.1681279286009853,True,False,0,1,0,0,59.5381550163244,0,1071.686790293839,0.0,128.0,97.0
247,3100,2021-07-05,Pittsburgh Pirates,Atlanta Braves,1,164.0,-179.0,0.3787878787878788,0.6415770609318996,0.1921176692093008,0.8078823307906992,-0.186670209578578,0.16630526985879956,False,True,0,1,0,0,59.5381550163244,0,1012.1486352775147,0.0,128.0,98.0
248,596,2020-08-09,Oakland Athletics,Houston Astros,1,-147.0,137.0,0.5951417004048583,0.4219409282700422,0.7270758212802515,0.2729241787197485,0.13193412087539325,-0.1490167495502937,True,False,1,0,0,0,59.5381550163244,0,1052.6507815471232,40.50214626960844,129.0,98.0
249,4032,2021-09-14,Washington Nationals,Miami Marlins,1,-132.0,121.0,0.5689655172413793,0.4524886877828054,0.5955122463372338,0.4044877536627662,0.026546729095854427,-0.048000934120039196,True,False,1,0,0,0,59.5381550163244,0,1097.7554444382781,45.10466289115485,130.0,98.0
250,3225,2021-07-17,Cincinnati Reds,Milwaukee Brewers,0,111.0,-120.0,0.4739336492890995,0.5454545454545454,0.3258653561679298,0.6741346438320702,-0.1480682931211697,0.1286800983775248,False,True,1,0,0,0,54.887772221913906,0,1143.4952546232064,45.73981018492826,131.0,98.0
251,8586,2023-06-08,Cincinnati Reds,Los Angeles Dodgers,0,200.0,-220.0,0.3333333333333333,0.6875,0.13281892202897,0.8671810779710297,-0.20051441130436332,0.17968107797102972,False,True,1,0,0,0,54.887772221913906,0,1168.4442419968036,24.94898737359723,132.0,98.0
252,6234,2022-08-03,Los Angeles Angels,Oakland Athletics,0,-227.0,204.0,0.6941896024464832,0.3289473684210526,0.8774004472913468,0.122599552708653,0.1832108448448636,-0.2063478157123996,True,False,0,1,0,0,54.887772221913906,0,1113.5564697748896,0.0,132.0,99.0
253,3246,2021-07-18,Colorado Rockies,Los Angeles Dodgers,1,152.0,-164.0,0.3968253968253968,0.6212121212121212,0.145749759702102,0.8542502402978982,-0.25107563712329484,0.23303811908577698,False,True,0,1,0,0,54.887772221913906,0,1058.6686975529756,0.0,132.0,100.0
254,6344,2022-08-12,Washington Nationals,San Diego Padres,0,217.0,-244.0,0.3154574132492113,0.7093023255813954,0.089964849841781,0.9100351501582192,-0.2254925634074303,0.20073282457682384,False,True,1,0,0,0,54.887772221913906,0,1081.163686168514,22.494988615538485,133.0,100.0
255,3356,2021-07-26,Seattle Mariners,Houston Astros,1,157.0,-172.0,0.3891050583657587,0.6323529411764706,0.1574750917746174,0.8425249082253824,-0.2316299665911413,0.21017196704891183,False,True,0,1,0,0,54.0581843084257,0,1027.1055018600882,0.0,133.0,101.0
256,5449,2022-06-04,Milwaukee Brewers,San Diego Padres,0,-123.0,114.0,0.5515695067264574,0.4672897196261682,0.5171095429305573,0.4828904570694426,-0.034459963795900106,0.015600737443274393,False,True,1,0,0,0,54.0581843084257,0,1088.7318319716935,61.62633011160529,134.0,101.0
257,5643,2022-06-18,Arizona Diamondbacks,Minnesota Twins,0,-105.0,-105.0,0.5121951219512195,0.5121951219512195,0.3967616257558382,0.6032383742441617,-0.11543349619538135,0.09104325229294219,False,True,1,0,0,0,54.0581843084257,0,1140.215817027337,51.48398505564352,135.0,101.0
258,5548,2022-06-12,Philadelphia Phillies,Arizona Diamondbacks,0,-185.0,170.0,0.6491228070175439,0.3703703703703703,0.821948680910704,0.178051319089296,0.17282587389316018,-0.1923190512810743,True,False,0,1,0,0,54.0581843084257,0,1086.1576327189111,0.0,135.0,102.0
259,6653,2022-09-03,Atlanta Braves,Miami Marlins,1,-179.0,165.0,0.6415770609318996,0.3773584905660377,0.8323258949195028,0.1676741050804972,0.19074883398760323,-0.2096843854855405,True,False,1,0,0,0,54.0581843084257,0,1116.3577356845121,30.200102965600948,136.0,102.0
260,4791,2022-04-19,Chicago Cubs,Tampa Bay Rays,0,101.0,-111.0,0.4975124378109453,0.5260663507109005,0.5375591519656902,0.4624408480343098,0.04004671415474487,-0.06362550267659067,True,False,0,1,0,0,55.81788678422561,0,1060.5398489002864,0.0,136.0,103.0
261,807,2020-08-24,Detroit Tigers,Chicago Cubs,0,128.0,-137.0,0.4385964912280701,0.5780590717299579,0.1863585217889545,0.8136414782110454,-0.2522379694391156,0.23558240648108753,False,True,1,0,0,0,55.81788678422561,0,1101.2828319544658,40.74298305417928,137.0,103.0
262,2271,2021-05-05,Oakland Athletics,Toronto Blue Jays,0,-120.0,110.0,0.5454545454545454,0.4761904761904761,0.5042594143962146,0.4957405856037853,-0.041195131058330836,0.019550109413309202,False,True,1,0,0,0,55.81788678422561,0,1162.682507417114,61.39967546264817,138.0,103.0
263,6484,2022-08-21,San Diego Padres,Washington Nationals,1,-263.0,237.0,0.7245179063360881,0.2967359050445103,0.9385362894982658,0.0614637105017343,0.2140183831621777,-0.235272194542776,True,False,1,0,0,0,55.81788678422561,0,1183.9060385137777,21.223531096663727,139.0,103.0
264,5924,2022-07-09,Arizona Diamondbacks,Colorado Rockies,1,-120.0,111.0,0.5454545454545454,0.4739336492890995,0.6032961464399873,0.3967038535600127,0.05784160098544189,-0.07722979572908678,True,False,1,0,0,0,55.81788678422561,0,1230.420944167299,46.51490565352134,140.0,103.0
265,2181,2021-04-29,Milwaukee Brewers,Los Angeles Dodgers,1,184.0,-200.0,0.352112676056338,0.6666666666666666,0.1438121167511877,0.8561878832488121,-0.2083005593051503,0.1895212165821455,False,True,0,1,0,0,61.521047208364955,0,1168.899896958934,0.0,140.0,104.0
266,5811,2022-07-01,Minnesota Twins,Baltimore Orioles,1,-213.0,196.0,0.6805111821086262,0.3378378378378378,0.846844553206561,0.1531554467934389,0.1663333710979349,-0.18468239104439887,True,False,1,0,0,0,61.521047208364955,0,1197.783017714035,28.88312075510092,141.0,104.0
267,8503,2023-06-02,Miami Marlins,Oakland Athletics,1,-191.0,175.0,0.6563573883161512,0.3636363636363636,0.9298733073664152,0.0701266926335844,0.27351591905026396,-0.2935096710027792,True,False,1,0,0,0,61.521047208364955,0,1229.9929900744355,32.2099723604005,142.0,104.0
268,2175,2021-04-29,Tampa Bay Rays,Oakland Athletics,0,100.0,-110.0,0.5,0.5238095238095238,0.4046467895134001,0.5953532104866001,-0.0953532104865999,0.07154368667707622,False,True,1,0,0,0,61.521047208364955,0,1285.9212148093127,55.92822473487723,143.0,104.0
269,2823,2021-06-15,Houston Astros,Texas Rangers,1,-172.0,159.0,0.6323529411764706,0.3861003861003861,0.8503977020751331,0.1496022979248669,0.21804476089866254,-0.2364980881755192,True,False,1,0,0,0,61.521047208364955,0,1321.6892655118504,35.768050702537764,144.0,104.0
270,6618,2022-08-31,Los Angeles Angels,New York Yankees,1,170.0,-185.0,0.3703703703703703,0.6491228070175439,0.1463984895012836,0.8536015104987162,-0.2239718808690867,0.20447870348117236,False,True,0,1,0,0,66.08446327559253,0,1255.604802236258,0.0,144.0,105.0
271,6828,2022-09-16,Atlanta Braves,Philadelphia Phillies,1,-179.0,165.0,0.6415770609318996,0.3773584905660377,0.7410799730089914,0.2589200269910085,0.09950291207709183,-0.11843846357502918,True,False,1,0,0,0,66.08446327559253,0,1292.523496803628,36.918694567370125,145.0,105.0
272,8204,2023-05-10,Philadelphia Phillies,Toronto Blue Jays,1,-105.0,-105.0,0.5121951219512195,0.5121951219512195,0.3557730028485016,0.6442269971514984,-0.15642211910271792,0.13203187520027893,False,True,0,1,0,0,66.08446327559253,0,1226.4390335280355,0.0,145.0,106.0
273,7806,2023-04-11,Atlanta Braves,Cincinnati Reds,1,-225.0,204.0,0.6923076923076923,0.3289473684210526,0.8717578421318125,0.1282421578681875,0.17945014982412022,-0.2007052105528651,True,False,1,0,0,0,66.08446327559253,0,1255.8099060949655,29.37087256693001,146.0,106.0
274,5199,2022-05-18,Milwaukee Brewers,Atlanta Braves,1,-133.0,123.0,0.5708154506437768,0.4484304932735426,0.6771040367083753,0.3228959632916247,0.10628858606459846,-0.12553452998191794,True,False,1,0,0,0,66.08446327559253,0,1305.4974724675915,49.68756637262596,147.0,106.0
275,5865,2022-07-05,Baltimore Orioles,Texas Rangers,1,-106.0,-104.0,0.5145631067961165,0.5098039215686274,0.4711477157625883,0.5288522842374115,-0.043415391033528206,0.01904836266878407,False,True,0,1,0,0,65.27487362337958,0,1240.222598844212,0.0,147.0,107.0
276,8250,2023-05-14,Baltimore Orioles,Pittsburgh Pirates,0,-123.0,113.0,0.5515695067264574,0.4694835680751174,0.5869583456606345,0.4130416543393655,0.0353888389341771,-0.05644191373575186,True,False,0,1,0,0,65.27487362337958,0,1174.9477252208324,0.0,147.0,108.0
277,7928,2023-04-20,Pittsburgh Pirates,Cincinnati Reds,1,-155.0,143.0,0.6078431372549019,0.411522633744856,0.814035133383347,0.185964866616653,0.20619199612844508,-0.22555776712820297,True,False,1,0,0,0,65.27487362337958,0,1217.0605469133352,42.112821692502955,148.0,108.0
278,3917,2021-09-05,Chicago Cubs,Pittsburgh Pirates,1,-145.0,134.0,0.5918367346938775,0.4273504273504273,0.742531770548486,0.257468229451514,0.15069503585460842,-0.1698821978989133,True,False,1,0,0,0,65.27487362337958,0,1262.0777011363557,45.0171542230204,149.0,108.0
279,2776,2021-06-12,Oakland Athletics,Kansas City Royals,1,-147.0,137.0,0.5951417004048583,0.4219409282700422,0.6883721142732845,0.3116278857267155,0.09323041386842623,-0.11031304254332669,True,False,1,0,0,0,65.27487362337958,0,1306.4823770706275,44.40467593427182,150.0,108.0
280,4804,2022-04-20,Colorado Rockies,Philadelphia Phillies,0,105.0,-115.0,0.4878048780487805,0.5348837209302325,0.6564866500686646,0.3435133499313354,0.1686817720198841,-0.1913703709988971,True,False,0,1,0,0,65.32411885353137,0,1241.158258217096,0.0,150.0,109.0
281,2010,2021-04-17,Chicago Cubs,Atlanta Braves,1,112.0,-122.0,0.4716981132075472,0.5495495495495496,0.3684460115615047,0.6315539884384955,-0.10325210164604248,0.08200443888894593,False,True,0,1,0,0,65.32411885353137,0,1175.8341393635646,0.0,150.0,110.0
282,2064,2021-04-21,Miami Marlins,Baltimore Orioles,1,-156.0,144.0,0.609375,0.4098360655737705,0.7019878273851028,0.2980121726148972,0.09261282738510279,-0.1118238929588733,True,False,1,0,0,0,65.32411885353137,0,1217.7085745260847,41.874435162520115,151.0,110.0
283,7869,2023-04-16,Toronto Blue Jays,Tampa Bay Rays,0,110.0,-120.0,0.4761904761904761,0.5454545454545454,0.1347151466104205,0.8652848533895788,-0.3414753295800556,0.3198303079350334,False,True,1,0,0,0,65.32411885353137,0,1272.1453402373609,54.436765711276145,152.0,110.0
284,5952,2022-07-11,Tampa Bay Rays,Boston Red Sox,1,105.0,-115.0,0.4878048780487805,0.5348837209302325,0.3930169949590416,0.6069830050409584,-0.0947878830897389,0.07209928411072586,False,True,0,1,0,0,65.32411885353137,0,1206.8212213838294,0.0,152.0,111.0
285,8048,2023-04-29,Washington Nationals,Pittsburgh Pirates,0,139.0,-150.0,0.4184100418410041,0.6,0.1715515232004529,0.8284484767995473,-0.24685851864055122,0.22844847679954727,False,True,1,0,0,0,60.341061069191475,0,1247.048595429957,40.22737404612765,153.0,111.0
286,2169,2021-04-28,Texas Rangers,Los Angeles Angels,0,113.0,-123.0,0.4694835680751174,0.5515695067264574,0.4131360307798038,0.5868639692201961,-0.056347537295313554,0.03529446249373869,False,True,1,0,0,0,60.341061069191475,0,1296.1063686569419,49.057773226984935,154.0,111.0
287,6910,2022-09-22,Oakland Athletics,Seattle Mariners,0,204.0,-225.0,0.3289473684210526,0.6923076923076923,0.124525817959855,0.8754741820401449,-0.2044215504611976,0.18316648973245264,False,True,1,0,0,0,60.341061069191475,0,1322.924618021027,26.818249364085098,155.0,111.0
288,2842,2021-06-16,Atlanta Braves,Boston Red Sox,0,-152.0,139.0,0.6031746031746031,0.4184100418410041,0.5760235207005187,0.4239764792994813,-0.027151082474084487,0.00556643745847718,False,False,0,0,0,0,0.0,0,1322.924618021027,0.0,155.0,111.0
289,2090,2021-04-23,New York Mets,Washington Nationals,1,-278.0,249.0,0.7354497354497355,0.2865329512893982,0.891445247807306,0.1085547521926942,0.1559955123575706,-0.177978199096704,True,False,1,0,0,0,60.341061069191475,0,1344.6300356718154,21.7054176507883,156.0,111.0
290,4838,2022-04-22,San Diego Padres,Los Angeles Dodgers,0,152.0,-164.0,0.3968253968253968,0.6212121212121212,0.1465033882558842,0.8534966117441158,-0.2503220085695126,0.23228449053199463,False,True,1,0,0,0,67.23150178359077,0,1385.6248538325415,40.994818160726076,157.0,111.0
291,1213,2020-09-20,Colorado Rockies,Los Angeles Dodgers,1,181.0,-196.0,0.3558718861209964,0.6621621621621622,0.0591829976164826,0.940817002383518,-0.2966888885045138,0.2786548402213558,False,True,0,1,0,0,67.23150178359077,0,1318.3933520489506,0.0,157.0,112.0
292,1071,2020-09-11,Washington Nationals,Atlanta Braves,1,130.0,-141.0,0.4347826086956521,0.5850622406639004,0.2192469981558755,0.7807530018441244,-0.2155356105397766,0.195690761180224,False,True,0,1,0,0,67.23150178359077,0,1251.1618502653598,0.0,157.0,113.0
293,1220,2020-09-21,Washington Nationals,Philadelphia Phillies,1,138.0,-149.0,0.4201680672268907,0.5983935742971888,0.2824962762747331,0.7175037237252667,-0.1376717909521576,0.11911014942807796,False,True,0,1,0,0,67.23150178359077,0,1183.930348481769,0.0,157.0,114.0
294,5680,2022-06-21,Los Angeles Angels,Kansas City Royals,0,-167.0,154.0,0.6254681647940075,0.3937007874015748,0.8269880853077765,0.1730119146922235,0.201519920513769,-0.22068887270935134,True,False,0,1,0,0,67.23150178359077,0,1116.6988466981782,0.0,157.0,115.0
295,2166,2021-04-28,Tampa Bay Rays,Oakland Athletics,1,-159.0,147.0,0.6138996138996139,0.4048582995951417,0.6191832570562622,0.3808167429437379,0.00528364315664831,-0.024041556651403784,False,False,0,0,0,0,0.0,0,1116.6988466981782,0.0,157.0,115.0
296,8383,2023-05-23,Los Angeles Angels,Boston Red Sox,1,-102.0,-108.0,0.504950495049505,0.5192307692307693,0.4372026222729993,0.5627973777270007,-0.06774787277650568,0.043566608496231396,False,True,0,1,0,0,55.83494233490891,0,1060.8639043632693,0.0,157.0,116.0
297,4846,2022-04-23,Chicago Cubs,Pittsburgh Pirates,1,-164.0,150.0,0.6212121212121212,0.4,0.7204602105666393,0.2795397894333607,0.09924808935451812,-0.1204602105666393,True,False,1,0,0,0,55.83494233490891,0,1094.9096009089455,34.045696545676165,158.0,116.0
298,6854,2022-09-18,Boston Red Sox,Kansas City Royals,1,-191.0,175.0,0.6563573883161512,0.3636363636363636,0.8236938670033156,0.1763061329966843,0.1673364786871644,-0.1873302306396793,True,False,1,0,0,0,55.83494233490891,0,1124.142555010992,29.23295410204655,159.0,116.0
299,504,2020-08-03,Colorado Rockies,San Francisco Giants,1,-133.0,124.0,0.5708154506437768,0.4464285714285714,0.7776764075656024,0.2223235924343975,0.2068609569218256,-0.2241049789941739,True,False,1,0,0,0,55.83494233490891,0,1166.1237146612996,41.98115965030745,160.0,116.0
300,7759,2023-04-08,Detroit Tigers,Boston Red Sox,0,139.0,-151.0,0.4184100418410041,0.601593625498008,0.1590576940219693,0.8409423059780299,-0.2593523478190348,0.2393486804800219,False,True,1,0,0,0,58.30618573306498,0,1204.737082696442,38.61336803514237,161.0,116.0
301,3960,2021-09-08,Chicago Cubs,Cincinnati Reds,1,116.0,-127.0,0.4629629629629629,0.5594713656387665,0.312662889910431,0.6873371100895689,-0.1503000730525319,0.12786574445080234,False,True,0,1,0,0,58.30618573306498,0,1146.430896963377,0.0,161.0,117.0
302,7039,2022-10-01,Los Angeles Angels,Texas Rangers,1,-144.0,133.0,0.5901639344262295,0.4291845493562232,0.6823119238105037,0.3176880761894964,0.09214798938427415,-0.11149647316672678,True,False,1,0,0,0,58.30618573306498,0,1186.92130372245,40.4904067590729,162.0,117.0
303,5929,2022-07-09,Milwaukee Brewers,Pittsburgh Pirates,0,-238.0,216.0,0.7041420118343196,0.3164556962025316,0.9096716096064013,0.0903283903935988,0.20552959777208168,-0.2261273058089328,True,False,0,1,0,0,58.30618573306498,0,1128.615117989385,0.0,162.0,118.0
304,6501,2022-08-23,Pittsburgh Pirates,Atlanta Braves,0,228.0,-256.0,0.3048780487804878,0.7191011235955056,0.0812278336710804,0.9187721663289196,-0.2236502151094074,0.19967104273341396,False,True,1,0,0,0,58.30618573306498,0,1151.3909717913634,22.775853801978506,163.0,118.0
305,3813,2021-08-29,Baltimore Orioles,Tampa Bay Rays,0,216.0,-238.0,0.3164556962025316,0.7041420118343196,0.0625843433549968,0.9374156566450034,-0.2538713528475348,0.2332736448106838,False,True,1,0,0,0,57.56954858956817,0,1175.579857753367,24.188885962003432,164.0,118.0
306,8065,2023-04-30,Toronto Blue Jays,Seattle Mariners,0,-179.0,165.0,0.6415770609318996,0.3773584905660377,0.7998931018679601,0.2001068981320398,0.15831604093606055,-0.1772515924339979,True,False,0,1,0,0,57.56954858956817,0,1118.0103091637989,0.0,164.0,119.0
307,6664,2022-09-04,Detroit Tigers,Kansas City Royals,0,-118.0,107.0,0.5412844036697247,0.4830917874396135,0.5990033239479047,0.4009966760520953,0.05771892027817993,-0.08209511138751818,True,False,0,1,0,0,57.56954858956817,0,1060.4407605742308,0.0,164.0,120.0
308,6614,2022-08-31,Detroit Tigers,Seattle Mariners,0,143.0,-154.0,0.411522633744856,0.6062992125984252,0.2224039424094692,0.7775960575905306,-0.18911869133538678,0.1712968449921054,False,True,1,0,0,0,57.56954858956817,0,1097.8235843336906,37.38282375945985,165.0,120.0
309,7011,2022-09-30,New York Yankees,Baltimore Orioles,0,-178.0,164.0,0.6402877697841727,0.3787878787878788,0.7912727382541933,0.2087272617458067,0.15098496847002063,-0.1700606170420721,True,False,0,1,0,0,57.56954858956817,0,1040.2540357441226,0.0,165.0,121.0
310,6119,2022-07-26,Detroit Tigers,San Diego Padres,0,166.0,-182.0,0.3759398496240601,0.6453900709219859,0.1798012246995843,0.8201987753004158,-0.19613862492447579,0.17480870437843,False,True,1,0,0,0,52.01270178720613,0,1068.8324433195105,28.57840757538799,166.0,121.0
311,954,2020-09-03,Houston Astros,Texas Rangers,1,-156.0,145.0,0.609375,0.4081632653061224,0.8295906792326129,0.170409320767387,0.22021567923261287,-0.2377539445387354,True,False,1,0,0,0,52.01270178720613,0,1102.1739188241297,33.34147550461932,167.0,121.0
312,1287,2020-09-25,Los Angeles Dodgers,Los Angeles Angels,1,-196.0,180.0,0.6621621621621622,0.3571428571428571,0.8744774553821328,0.1255225446178673,0.21231529321997067,-0.2316203125249898,True,False,1,0,0,0,52.01270178720613,0,1128.7110115727044,26.53709274857456,168.0,121.0
313,3950,2021-09-08,Houston Astros,Seattle Mariners,0,-200.0,185.0,0.6666666666666666,0.3508771929824561,0.8291434391102016,0.1708565608897982,0.16247677244353498,-0.18002063209265792,True,False,0,1,0,0,52.01270178720613,0,1076.6983097854982,0.0,168.0,122.0
314,5793,2022-06-30,Cleveland Guardians,Minnesota Twins,1,-143.0,132.0,0.588477366255144,0.4310344827586206,0.5884867838986819,0.4115132161013179,9.417643537901199e-06,-0.019521266657302694,False,False,0,0,0,0,0.0,0,1076.6983097854982,0.0,168.0,122.0
315,8522,2023-06-03,Washington Nationals,Philadelphia Phillies,0,107.0,-117.0,0.4830917874396135,0.5391705069124424,0.4689276618435736,0.5310723381564263,-0.014164125596039912,-0.0080981687560161,False,False,0,0,0,0,0.0,0,1076.6983097854982,0.0,168.0,122.0
316,2538,2021-05-25,Arizona Diamondbacks,San Francisco Giants,0,152.0,-164.0,0.3968253968253968,0.6212121212121212,0.1542542393352483,0.8457457606647517,-0.24257115749014851,0.2245336394526305,False,True,1,0,0,0,53.83491548927491,0,1109.5244777667633,32.82616798126519,169.0,122.0
317,2699,2021-06-05,Los Angeles Angels,Seattle Mariners,1,-133.0,124.0,0.5708154506437768,0.4464285714285714,0.5827312758621968,0.4172687241378032,0.01191582521841994,-0.029159847290768204,True,False,1,0,0,0,53.83491548927491,0,1150.0018578338872,40.477380067123995,170.0,122.0
318,8359,2023-05-22,Pittsburgh Pirates,Texas Rangers,1,123.0,-133.0,0.4484304932735426,0.5708154506437768,0.2334611576346086,0.7665388423653916,-0.21496933563893403,0.1957233917216148,False,True,0,1,0,0,53.83491548927491,0,1096.1669423446124,0.0,170.0,123.0
319,8531,2023-06-03,San Diego Padres,Chicago Cubs,1,-163.0,150.0,0.6197718631178707,0.4,0.7281964427601213,0.2718035572398787,0.10842457964225061,-0.12819644276012132,True,False,1,0,0,0,53.83491548927491,0,1129.194497859505,33.02755551489258,171.0,123.0
320,1038,2020-09-08,Texas Rangers,Los Angeles Angels,1,120.0,-130.0,0.4545454545454545,0.5652173913043478,0.3360280138441429,0.6639719861558574,-0.1185174407013116,0.09875459485150961,False,True,0,1,0,0,56.45972489297525,0,1072.7347729665298,0.0,171.0,124.0
321,7927,2023-04-20,New York Yankees,Los Angeles Angels,1,-158.0,146.0,0.6124031007751938,0.4065040650406504,0.7022675507164575,0.2977324492835423,0.08986444994126375,-0.10877161575710809,True,False,1,0,0,0,56.45972489297525,0,1108.4687760633497,35.734003096819784,172.0,124.0
322,6107,2022-07-25,Kansas City Royals,Los Angeles Angels,1,-110.0,100.0,0.5238095238095238,0.5,0.4780708932468251,0.5219291067531749,-0.04573863056269872,0.021929106753174943,False,True,0,1,0,0,56.45972489297525,0,1052.0090511703745,0.0,172.0,125.0
323,1179,2020-09-18,Boston Red Sox,New York Yankees,0,170.0,-185.0,0.3703703703703703,0.6491228070175439,0.1004945552624397,0.8995054447375601,-0.2698758151079306,0.25038263772001623,False,True,1,0,0,0,56.45972489297525,0,1082.5278213827935,30.518770212419057,173.0,125.0
324,8393,2023-05-24,New York Yankees,Baltimore Orioles,0,-129.0,119.0,0.5633187772925764,0.45662100456621,0.5122567410523046,0.4877432589476954,-0.051062036240271835,0.03112225438148536,False,True,1,0,0,0,56.45972489297525,0,1149.714894005434,67.18707262264054,174.0,125.0
325,5134,2022-05-13,Oakland Athletics,Los Angeles Angels,0,129.0,-139.0,0.4366812227074236,0.5815899581589958,0.2228733552733928,0.7771266447266072,-0.2138078674340308,0.19553668656761136,False,True,1,0,0,0,57.4857447002717,0,1191.0715448689389,41.35665086350482,175.0,125.0
326,6928,2022-09-23,Colorado Rockies,San Diego Padres,1,143.0,-155.0,0.411522633744856,0.6078431372549019,0.1987553849678124,0.8012446150321875,-0.2127672487770436,0.19340147777728556,False,True,0,1,0,0,57.4857447002717,0,1133.5858001686672,0.0,175.0,126.0
327,7019,2022-09-30,Los Angeles Angels,Texas Rangers,1,-151.0,139.0,0.601593625498008,0.4184100418410041,0.6988900712606408,0.3011099287393592,0.09729644576263285,-0.1173001131016449,True,False,1,0,0,0,57.4857447002717,0,1171.6558297714962,38.070029602828946,176.0,126.0
328,6697,2022-09-06,San Diego Padres,Arizona Diamondbacks,1,-161.0,148.0,0.6168582375478927,0.4032258064516129,0.7162630832728104,0.2837369167271896,0.0994048457249177,-0.11948888972442329,True,False,1,0,0,0,57.4857447002717,0,1207.361261262348,35.705431490851986,177.0,126.0
329,6972,2022-09-27,Washington Nationals,Atlanta Braves,0,206.0,-228.0,0.326797385620915,0.6951219512195121,0.0846724653135995,0.9153275346864008,-0.24212492030731547,0.22020558346688868,False,True,1,0,0,0,57.4857447002717,0,1232.57430718352,25.213045921171798,178.0,126.0
330,2545,2021-05-26,Washington Nationals,Cincinnati Reds,1,-132.0,121.0,0.5689655172413793,0.4524886877828054,0.6501418352338444,0.3498581647661555,0.08117631799246505,-0.10263052301664988,True,False,1,0,0,0,61.628715359176,0,1279.2627279101685,46.68842072664848,179.0,126.0
331,5010,2022-05-05,Milwaukee Brewers,Cincinnati Reds,1,-233.0,209.0,0.6996996996996997,0.3236245954692556,0.9765955700434242,0.0234044299565749,0.27689587034372454,-0.3002201655126807,True,False,1,0,0,0,61.628715359176,0,1305.7128203389993,26.450092428830903,180.0,126.0
332,1189,2020-09-19,Philadelphia Phillies,Toronto Blue Jays,1,124.0,-133.0,0.4464285714285714,0.5708154506437768,0.370583073088281,0.6294169269117188,-0.07584549834029042,0.05860147626794199,False,True,0,1,0,0,61.628715359176,0,1244.0841049798232,0.0,180.0,127.0
333,4142,2021-09-22,New York Yankees,Texas Rangers,1,-263.0,235.0,0.7245179063360881,0.2985074626865671,0.9213777577154464,0.0786222422845535,0.19685985137935824,-0.21988522040201358,True,False,1,0,0,0,61.628715359176,0,1267.5170765992818,23.432971619458552,181.0,127.0
334,7061,2022-10-03,Texas Rangers,New York Yankees,0,134.0,-145.0,0.4273504273504273,0.5918367346938775,0.2007147738971685,0.7992852261028315,-0.22663565345325878,0.20744849140895394,False,True,1,0,0,0,61.628715359176,0,1310.019638915955,42.50256231667311,182.0,127.0
335,7836,2023-04-14,Detroit Tigers,San Francisco Giants,1,134.0,-145.0,0.4273504273504273,0.5918367346938775,0.1645304865575473,0.8354695134424522,-0.26281994079287996,0.2436327787485747,False,True,0,1,0,0,65.50098194579776,0,1244.5186569701573,0.0,182.0,128.0
336,8197,2023-05-10,Pittsburgh Pirates,Colorado Rockies,0,-139.0,129.0,0.5815899581589958,0.4366812227074236,0.7344334992116731,0.2655665007883269,0.15284354105267728,-0.1711147219190967,True,False,0,1,0,0,65.50098194579776,0,1179.0176750243595,0.0,182.0,129.0
337,1252,2020-09-23,Cincinnati Reds,Milwaukee Brewers,1,-159.0,146.0,0.6138996138996139,0.4065040650406504,0.688757455804966,0.3112425441950341,0.07485784190535205,-0.09526152084561629,True,False,1,0,0,0,65.50098194579776,0,1220.213261153792,41.195586129432556,183.0,129.0
338,2264,2021-05-05,Philadelphia Phillies,Milwaukee Brewers,1,120.0,-130.0,0.4545454545454545,0.5652173913043478,0.3185204540730933,0.6814795459269067,-0.13602500047236116,0.11626215462255896,False,True,0,1,0,0,65.50098194579776,0,1154.7122792079942,0.0,183.0,130.0
339,3293,2021-07-21,Los Angeles Dodgers,San Francisco Giants,0,-154.0,141.0,0.6062992125984252,0.4149377593360996,0.6254906307286184,0.3745093692713815,0.019191418130193205,-0.0404283900647181,True,False,0,1,0,0,65.50098194579776,0,1089.2112972621965,0.0,183.0,131.0
340,6863,2022-09-18,Chicago Cubs,Colorado Rockies,0,-125.0,115.0,0.5555555555555556,0.4651162790697674,0.6245150399877174,0.3754849600122825,0.06895948443216182,-0.08963131905748489,True,False,0,1,0,0,54.46056486310982,0,1034.7507323990867,0.0,183.0,132.0
341,5156,2022-05-15,New York Mets,Seattle Mariners,0,-125.0,115.0,0.5555555555555556,0.4651162790697674,0.6632824365887631,0.3367175634112369,0.10772688103320749,-0.1283987156585305,True,False,0,1,0,0,54.46056486310982,0,980.2901675359769,0.0,183.0,133.0
342,1199,2020-09-19,Colorado Rockies,Los Angeles Dodgers,0,237.0,-263.0,0.2967359050445103,0.7245179063360881,0.0419243160556505,0.9580756839443492,-0.2548115889888598,0.23355777760826102,False,True,1,0,0,0,54.46056486310982,0,1000.9976066474255,20.7074391114486,184.0,133.0
343,5697,2022-06-22,Los Angeles Angels,Kansas City Royals,1,-213.0,193.0,0.6805111821086262,0.3412969283276451,0.882758059703433,0.1172419402965671,0.20224687759480686,-0.22405498803107798,True,False,1,0,0,0,54.46056486310982,0,1026.5659469587447,25.568340311319165,185.0,133.0
344,5477,2022-06-07,Miami Marlins,Washington Nationals,1,-179.0,163.0,0.6415770609318996,0.3802281368821292,0.8482197226599334,0.1517802773400665,0.2066426617280338,-0.2284478595420627,True,False,1,0,0,0,54.46056486310982,0,1056.9908435303144,30.424896571569732,186.0,133.0
345,8603,2023-06-09,New York Yankees,Boston Red Sox,0,-167.0,154.0,0.6254681647940075,0.3937007874015748,0.7547884885683295,0.2452115114316706,0.129320323774322,-0.14848927596990422,True,False,0,1,0,0,52.84954217651572,0,1004.1413013537987,0.0,186.0,134.0
346,8108,2023-05-03,Washington Nationals,Chicago Cubs,1,169.0,-184.0,0.3717472118959107,0.647887323943662,0.1508070449540705,0.8491929550459293,-0.2209401669418402,0.2013056311022673,False,True,0,1,0,0,52.84954217651572,0,951.291759177283,0.0,186.0,135.0
347,517,2020-08-04,San Diego Padres,Los Angeles Dodgers,0,112.0,-122.0,0.4716981132075472,0.5495495495495496,0.2522599522807645,0.7477400477192355,-0.2194381609267827,0.19819049816968592,False,True,1,0,0,0,52.84954217651572,0,994.6110560432795,43.31929686599649,187.0,135.0
348,4143,2021-09-22,Boston Red Sox,New York Mets,1,-185.0,169.0,0.6491228070175439,0.3717472118959107,0.772138670796605,0.2278613292033949,0.12301586377906115,-0.1438858826925158,True,False,1,0,0,0,52.84954217651572,0,1023.1783761386935,28.567320095413905,188.0,135.0
349,5708,2022-06-24,Miami Marlins,New York Mets,0,-133.0,123.0,0.5708154506437768,0.4484304932735426,0.5038666639370163,0.4961333360629837,-0.06694878670676052,0.04770284278944109,False,True,1,0,0,0,52.84954217651572,0,1088.1833130158077,65.00493687711433,189.0,135.0
350,8423,2023-05-26,Oakland Athletics,Houston Astros,0,237.0,-265.0,0.2967359050445103,0.726027397260274,0.0272090611215639,0.9727909388784366,-0.2695268439229464,0.2467635416181626,False,True,1,0,0,0,54.409165650790385,0,1108.7150736387475,20.53176062293977,190.0,135.0
351,6368,2022-08-13,Boston Red Sox,New York Yankees,0,130.0,-141.0,0.4347826086956521,0.5850622406639004,0.1899220586296492,0.8100779413703508,-0.2448605500660029,0.22501570070645038,False,True,1,0,0,0,54.409165650790385,0,1147.303134383989,38.58806074524141,191.0,135.0
352,2230,2021-05-03,Minnesota Twins,Texas Rangers,1,-161.0,148.0,0.6168582375478927,0.4032258064516129,0.7380490586177033,0.2619509413822967,0.1211908210698106,-0.1412748650693162,True,False,1,0,0,0,54.409165650790385,0,1181.0976472105667,33.79451282657788,192.0,135.0
353,1929,2021-04-11,Arizona Diamondbacks,Cincinnati Reds,1,101.0,-111.0,0.4975124378109453,0.5260663507109005,0.1358053627038602,0.8641946372961388,-0.3617070751070851,0.3381282865852383,False,True,0,1,0,0,54.409165650790385,0,1126.6884815597764,0.0,192.0,136.0
354,2738,2021-06-09,Pittsburgh Pirates,Los Angeles Dodgers,0,152.0,-164.0,0.3968253968253968,0.6212121212121212,0.1474206070351184,0.8525793929648818,-0.24940478979027841,0.23136727175276062,False,True,1,0,0,0,54.409165650790385,0,1159.864802078551,33.176320518774624,193.0,136.0
355,6820,2022-09-16,Chicago Cubs,Colorado Rockies,1,-133.0,124.0,0.5708154506437768,0.4464285714285714,0.6578921080227184,0.3421078919772816,0.08707665737894155,-0.10432067945128981,True,False,1,0,0,0,57.993240103927555,0,1203.4687420063162,43.603939927765076,194.0,136.0
356,531,2020-08-05,Kansas City Royals,Chicago Cubs,0,193.0,-213.0,0.3412969283276451,0.6805111821086262,0.0723557087834573,0.927644291216543,-0.26894121954418776,0.24713310910791686,False,True,1,0,0,0,57.993240103927555,0,1230.6956152945452,27.226873288228898,195.0,136.0
357,526,2020-08-05,Washington Nationals,New York Mets,0,-213.0,196.0,0.6805111821086262,0.3378378378378378,0.9051632732481074,0.0948367267518925,0.22465209113948126,-0.24300111108594527,True,False,0,1,0,0,57.993240103927555,0,1172.7023751906177,0.0,195.0,137.0
358,3909,2021-09-05,New York Yankees,Baltimore Orioles,0,-303.0,266.0,0.7518610421836228,0.273224043715847,0.9557821494519216,0.0442178505480782,0.20392110726829882,-0.22900619316776882,True,False,0,1,0,0,57.993240103927555,0,1114.7091350866901,0.0,195.0,138.0
359,8547,2023-06-04,Los Angeles Dodgers,New York Yankees,0,-146.0,135.0,0.5934959349593496,0.425531914893617,0.6163042236072763,0.3836957763927238,0.022808288647926722,-0.04183613850089324,True,False,0,1,0,0,57.993240103927555,0,1056.7158949827626,0.0,195.0,139.0
360,8508,2023-06-02,Houston Astros,Los Angeles Angels,1,-124.0,114.0,0.5535714285714286,0.4672897196261682,0.6084127296204838,0.3915872703795162,0.05484130104905516,-0.07570244924665204,True,False,1,0,0,0,52.83579474913813,0,1099.325406877229,42.60951189446623,196.0,139.0
361,5107,2022-05-11,Atlanta Braves,Boston Red Sox,1,-123.0,113.0,0.5515695067264574,0.4694835680751174,0.6483573896886223,0.3516426103113776,0.0967878829621649,-0.11784095776373976,True,False,1,0,0,0,52.83579474913813,0,1142.281337567585,42.955930690356205,197.0,139.0
362,2103,2021-04-24,Boston Red Sox,Seattle Mariners,0,-189.0,173.0,0.6539792387543253,0.3663003663003663,0.767023523919212,0.2329764760807879,0.11304428516488674,-0.13332389021957838,True,False,0,1,0,0,52.83579474913813,0,1089.445542818447,0.0,197.0,140.0
363,6839,2022-09-17,Chicago Cubs,Colorado Rockies,0,-137.0,127.0,0.5780590717299579,0.4405286343612334,0.6734282247022483,0.3265717752977518,0.09536915297229043,-0.11395685906348163,True,False,0,1,0,0,52.83579474913813,0,1036.6097480693088,0.0,197.0,141.0
364,8509,2023-06-02,Kansas City Royals,Colorado Rockies,0,-116.0,106.0,0.5370370370370371,0.4854368932038835,0.5569791719725011,0.4430208280274988,0.01994213493546404,-0.04241606517638469,True,False,0,1,0,0,52.83579474913813,0,983.7739533201707,0.0,197.0,142.0
365,7775,2023-04-09,Cleveland Guardians,Seattle Mariners,1,115.0,-125.0,0.4651162790697674,0.5555555555555556,0.4275097864311612,0.5724902135688388,-0.03760649263860616,0.0169346580132832,False,True,0,1,0,0,49.18869766600854,0,934.5852556541621,0.0,197.0,143.0
366,2765,2021-06-11,Boston Red Sox,Toronto Blue Jays,1,-123.0,113.0,0.5515695067264574,0.4694835680751174,0.5672417977536062,0.4327582022463937,0.015672291027148733,-0.036725365828723655,True,False,1,0,0,0,49.18869766600854,0,974.5760667647381,39.99081111057605,198.0,143.0
367,2006,2021-04-17,Washington Nationals,Arizona Diamondbacks,1,-111.0,101.0,0.5260663507109005,0.4975124378109453,0.547731996897289,0.452268003102711,0.021665646186388554,-0.045244434708234305,True,False,1,0,0,0,49.18869766600854,0,1018.8902088061873,44.31414204144913,199.0,143.0
368,4110,2021-09-19,Los Angeles Angels,Oakland Athletics,0,105.0,-115.0,0.4878048780487805,0.5348837209302325,0.3389724835365758,0.6610275164634242,-0.1488323945122047,0.12614379553319166,False,True,1,0,0,0,49.18869766600854,0,1061.662989385325,42.77278057913786,200.0,143.0
369,5513,2022-06-09,Minnesota Twins,New York Yankees,0,184.0,-200.0,0.352112676056338,0.6666666666666666,0.1232159306759214,0.8767840693240783,-0.2288967453804166,0.21011740265741163,False,True,1,0,0,0,49.18869766600854,0,1086.2573382183293,24.59434883300427,201.0,143.0
370,4921,2022-04-28,Atlanta Braves,Chicago Cubs,1,-175.0,161.0,0.6363636363636364,0.3831417624521073,0.6585455729711379,0.341454427028862,0.022181936607501562,-0.04168733542324532,True,False,1,0,0,0,54.31286691091647,0,1117.2932621674245,31.035923949095125,202.0,143.0
371,3650,2021-08-17,Washington Nationals,Toronto Blue Jays,1,179.0,-196.0,0.3584229390681003,0.6621621621621622,0.1561735040636599,0.8438264959363401,-0.2022494350044404,0.1816643337741779,False,True,0,1,0,0,54.31286691091647,0,1062.980395256508,0.0,202.0,144.0
372,3085,2021-07-04,Toronto Blue Jays,Tampa Bay Rays,0,-149.0,138.0,0.5983935742971888,0.4201680672268907,0.6365922388621996,0.3634077611378002,0.038198664565010865,-0.056760306089090495,True,False,0,1,0,0,54.31286691091647,0,1008.6675283455916,0.0,202.0,145.0
373,6739,2022-09-09,Seattle Mariners,Atlanta Braves,0,102.0,-112.0,0.495049504950495,0.5283018867924528,0.350304284741077,0.649695715258923,-0.144745220209418,0.12139382846647018,False,True,1,0,0,0,54.31286691091647,0,1057.1611595160527,48.493631170461136,203.0,145.0
374,5381,2022-05-31,Philadelphia Phillies,San Francisco Giants,0,-125.0,115.0,0.5555555555555556,0.4651162790697674,0.5297045274589044,0.4702954725410955,-0.025851028096651185,0.005179193471328114,False,False,0,0,0,0,0.0,0,1057.1611595160527,0.0,203.0,145.0
375,1193,2020-09-19,New York Mets,Atlanta Braves,1,130.0,-141.0,0.4347826086956521,0.5850622406639004,0.2358494836025067,0.7641505163974934,-0.1989331250931454,0.17908827573359298,False,True,0,1,0,0,52.85805797580264,0,1004.30310154025,0.0,203.0,146.0
376,8619,2023-06-10,Pittsburgh Pirates,New York Mets,0,117.0,-127.0,0.4608294930875576,0.5594713656387665,0.4308113157667699,0.5691886842332299,-0.03001817732078771,0.009717318594463342,False,False,0,0,0,0,0.0,0,1004.30310154025,0.0,203.0,146.0
377,8015,2023-04-26,New York Mets,Washington Nationals,0,-203.0,186.0,0.66996699669967,0.3496503496503496,0.8688809605043838,0.1311190394956163,0.19891396380471382,-0.2185313101547333,True,False,0,1,0,0,52.85805797580264,0,951.4450435644474,0.0,203.0,147.0
378,6336,2022-08-11,Detroit Tigers,Cleveland Guardians,0,152.0,-164.0,0.3968253968253968,0.6212121212121212,0.21925085108396,0.7807491489160401,-0.1775745457414368,0.15953702770391887,False,True,1,0,0,0,52.85805797580264,0,983.6755667204246,32.23052315597722,204.0,147.0
379,6290,2022-08-07,Chicago Cubs,Miami Marlins,0,-110.0,100.0,0.5238095238095238,0.5,0.4909636644190541,0.5090363355809459,-0.032845859390469745,0.009036335580945853,False,False,0,0,0,0,0.0,0,983.6755667204246,0.0,204.0,147.0
380,8496,2023-06-01,New York Mets,Philadelphia Phillies,1,-167.0,154.0,0.6254681647940075,0.3937007874015748,0.7567991709587494,0.2432008290412506,0.13133100616474191,-0.15049995836032423,True,False,1,0,0,0,49.183778336021234,0,1013.1269309934912,29.451364273066606,205.0,147.0
381,3531,2021-08-08,Cincinnati Reds,Pittsburgh Pirates,1,-233.0,209.0,0.6996996996996997,0.3236245954692556,0.9015057071137036,0.0984942928862963,0.2018060074140039,-0.2251303025829593,True,False,1,0,0,0,49.183778336021234,0,1034.2358487342728,21.108917740781646,206.0,147.0
382,6370,2022-08-13,Colorado Rockies,Arizona Diamondbacks,0,131.0,-143.0,0.4329004329004329,0.588477366255144,0.2956659518574777,0.7043340481425223,-0.13723448104295521,0.1158566818873783,False,True,1,0,0,0,49.183778336021234,0,1068.6300993189031,34.394250584630235,207.0,147.0
383,6384,2022-08-14,Colorado Rockies,Arizona Diamondbacks,0,-119.0,109.0,0.54337899543379,0.4784688995215311,0.4889200197018593,0.5110799802981408,-0.0544589757319307,0.032611080776609735,False,True,1,0,0,0,49.183778336021234,0,1122.2404177051662,53.61031838626315,208.0,147.0
384,7094,2022-10-05,Cincinnati Reds,Chicago Cubs,0,110.0,-120.0,0.4761904761904761,0.5454545454545454,0.3960671305006852,0.6039328694993147,-0.0801233456897909,0.05847832404476927,False,True,1,0,0,0,49.183778336021234,0,1163.2268996518505,40.986481946684364,209.0,147.0
385,8276,2023-05-16,Baltimore Orioles,Los Angeles Angels,1,-131.0,121.0,0.5670995670995671,0.4524886877828054,0.6093164036453419,0.3906835963546581,0.042216836545774794,-0.061805091428147274,True,False,1,0,0,0,58.16134498259253,0,1207.6248729210051,44.397973269154605,210.0,147.0
386,5203,2022-05-18,Boston Red Sox,Houston Astros,1,126.0,-135.0,0.4424778761061947,0.574468085106383,0.2142420973891958,0.7857579026108041,-0.2282357787169989,0.2112898175044211,False,True,0,1,0,0,58.16134498259253,0,1149.4635279384127,0.0,210.0,148.0
387,3160,2021-07-09,Minnesota Twins,Detroit Tigers,1,-213.0,196.0,0.6805111821086262,0.3378378378378378,0.7937754194279103,0.2062245805720897,0.11326423731928414,-0.13161325726574807,True,False,1,0,0,0,58.16134498259253,0,1176.769323704888,27.305795766475367,211.0,148.0
388,3012,2021-06-29,Toronto Blue Jays,Seattle Mariners,1,-192.0,176.0,0.6575342465753424,0.3623188405797101,0.8109143748232931,0.1890856251767069,0.15338012824795066,-0.17323321540300318,True,False,1,0,0,0,58.16134498259253,0,1207.0616908833215,30.29236717843361,212.0,148.0
389,4044,2021-09-15,Detroit Tigers,Milwaukee Brewers,1,200.0,-217.0,0.3333333333333333,0.6845425867507886,0.1232914044318284,0.8767085955681714,-0.21004192890150492,0.19216600881738277,False,True,0,1,0,0,58.16134498259253,0,1148.900345900729,0.0,212.0,149.0
390,6478,2022-08-21,Detroit Tigers,Los Angeles Angels,1,188.0,-204.0,0.3472222222222222,0.6710526315789473,0.2128172475383314,0.7871827524616686,-0.13440497468389082,0.11613012088272123,False,True,0,1,0,0,57.44501729503645,0,1091.4553286056926,0.0,212.0,150.0
391,4852,2022-04-23,Tampa Bay Rays,Boston Red Sox,1,-112.0,102.0,0.5283018867924528,0.495049504950495,0.5316284416992558,0.4683715583007443,0.003326554906803003,-0.026677946649750706,False,False,0,0,0,0,0.0,0,1091.4553286056926,0.0,212.0,150.0
392,8602,2023-06-09,Philadelphia Phillies,Los Angeles Dodgers,1,-105.0,-105.0,0.5121951219512195,0.5121951219512195,0.3692676766102973,0.6307323233897025,-0.14292744534092222,0.11853720143848301,False,True,0,1,0,0,57.44501729503645,0,1034.010311310656,0.0,212.0,151.0
393,6216,2022-08-02,Minnesota Twins,Detroit Tigers,0,-179.0,164.0,0.6415770609318996,0.3787878787878788,0.8305808774603789,0.169419122539621,0.1890038165284793,-0.2093687562482578,True,False,0,1,0,0,57.44501729503645,0,976.5652940156197,0.0,212.0,152.0
394,6223,2022-08-03,Tampa Bay Rays,Toronto Blue Jays,1,104.0,-114.0,0.4901960784313725,0.5327102803738317,0.3873783817253662,0.6126216182746337,-0.10281769670600627,0.07991133790080196,False,True,0,1,0,0,57.44501729503645,0,919.1202767205832,0.0,212.0,153.0
395,5965,2022-07-12,Atlanta Braves,New York Mets,1,-164.0,150.0,0.6212121212121212,0.4,0.6444352150853154,0.3555647849146846,0.02322309387319421,-0.04443521508531545,True,False,1,0,0,0,45.956013836029165,0,947.1422363766985,28.021959656115342,213.0,153.0
396,1134,2020-09-15,Houston Astros,Texas Rangers,1,-185.0,171.0,0.6491228070175439,0.3690036900369003,0.8551062869256096,0.1448937130743903,0.20598347990806576,-0.22410997696251,True,False,1,0,0,0,45.956013836029165,0,971.9833249367143,24.841088560015766,214.0,153.0
397,6373,2022-08-14,Washington Nationals,San Diego Padres,0,245.0,-278.0,0.2898550724637681,0.7354497354497355,0.0769202418173447,0.9230797581826556,-0.21293483064642343,0.18763002273292018,False,True,1,0,0,0,45.956013836029165,0,988.5142651655018,16.53094022878747,215.0,153.0
398,7825,2023-04-12,Toronto Blue Jays,Detroit Tigers,1,-265.0,237.0,0.726027397260274,0.2967359050445103,0.9700976492490534,0.0299023507509463,0.2440702519887794,-0.26683355429356403,True,False,1,0,0,0,45.956013836029165,0,1005.8561571790977,17.341892013595913,216.0,153.0
399,7772,2023-04-09,Tampa Bay Rays,Oakland Athletics,1,-285.0,253.0,0.7402597402597403,0.28328611898017,0.9920651164778445,0.0079348835221574,0.25180537621810417,-0.2753512354580126,True,False,1,0,0,0,45.956013836029165,0,1021.9810743145466,16.12491713544883,217.0,153.0
400,3362,2021-07-27,Tampa Bay Rays,New York Yankees,0,-143.0,131.0,0.588477366255144,0.4329004329004329,0.6693809455261088,0.3306190544738911,0.08090357927096481,-0.10228137842654178,True,False,0,1,0,0,51.09905371572734,0,970.8820205988193,0.0,217.0,154.0
401,7830,2023-04-13,Tampa Bay Rays,Boston Red Sox,1,-215.0,196.0,0.6825396825396826,0.3378378378378378,0.9313537442927524,0.0686462557072486,0.24881406175306986,-0.2691915821305892,True,False,1,0,0,0,51.09905371572734,0,994.6490223270646,23.767001728245273,218.0,154.0
402,6956,2022-09-25,Kansas City Royals,Seattle Mariners,1,165.0,-179.0,0.3773584905660377,0.6415770609318996,0.1666007543705565,0.8333992456294433,-0.21075773619548122,0.19182218469754375,False,True,0,1,0,0,51.09905371572734,0,943.5499686113372,0.0,218.0,155.0
403,7801,2023-04-11,Pittsburgh Pirates,Houston Astros,1,155.0,-168.0,0.392156862745098,0.6268656716417911,0.2267324588356377,0.7732675411643622,-0.16542440390946028,0.14640186952257117,False,True,0,1,0,0,51.09905371572734,0,892.4509148956099,0.0,218.0,156.0
404,5685,2022-06-22,Texas Rangers,Philadelphia Phillies,1,121.0,-132.0,0.4524886877828054,0.5689655172413793,0.341869547187153,0.658130452812847,-0.11061914059565237,0.08916493557146765,False,True,0,1,0,0,51.09905371572734,0,841.3518611798826,0.0,218.0,157.0
405,694,2020-08-16,Colorado Rockies,Texas Rangers,1,-143.0,132.0,0.588477366255144,0.4310344827586206,0.6934887069990116,0.3065112930009885,0.10501134074386753,-0.1245231897576321,True,False,1,0,0,0,42.067593058994134,0,870.7697584239344,29.41789724405184,219.0,157.0
406,5465,2022-06-05,Oakland Athletics,Boston Red Sox,0,-109.0,-101.0,0.5215311004784688,0.5024875621890548,0.4108198115734827,0.5891801884265173,-0.11071128890498616,0.08669262623746254,False,True,1,0,0,0,42.067593058994134,0,912.4208406605622,41.65108223662786,220.0,157.0
407,6392,2022-08-15,Washington Nationals,Chicago Cubs,1,131.0,-143.0,0.4329004329004329,0.588477366255144,0.2782056882218769,0.7217943117781233,-0.15469474467855598,0.13331694552297924,False,True,0,1,0,0,42.067593058994134,0,870.3532476015681,0.0,220.0,158.0
408,2489,2021-05-22,Texas Rangers,Houston Astros,1,169.0,-185.0,0.3717472118959107,0.6491228070175439,0.1539583824748631,0.8460416175251366,-0.2177888294210476,0.19691881050759275,False,True,0,1,0,0,42.067593058994134,0,828.285654542574,0.0,220.0,159.0
409,5457,2022-06-05,Toronto Blue Jays,Minnesota Twins,0,-196.0,181.0,0.6621621621621622,0.3558718861209964,0.7391647712744832,0.2608352287255168,0.07700260911232104,-0.09503665739547962,True,False,0,1,0,0,42.067593058994134,0,786.2180614835798,0.0,220.0,160.0
410,566,2020-08-07,Seattle Mariners,Colorado Rockies,0,-105.0,-105.0,0.5121951219512195,0.5121951219512195,0.1230835679802587,0.8769164320197412,-0.3891115539709608,0.3647213100685217,False,True,1,0,0,0,39.310903074178995,0,823.6570167923218,37.438955308741896,221.0,160.0
411,8633,2023-06-11,Atlanta Braves,Washington Nationals,0,-251.0,225.0,0.7150997150997151,0.3076923076923077,0.9171208176850169,0.0828791823149832,0.2020211025853017,-0.2248131253773245,True,False,0,1,0,0,39.310903074178995,0,784.3461137181428,0.0,221.0,161.0
412,2756,2021-06-10,Minnesota Twins,New York Yankees,1,118.0,-128.0,0.4587155963302752,0.5614035087719298,0.2894397542991834,0.7105602457008167,-0.1692758420310918,0.14915673692888687,False,True,0,1,0,0,39.310903074178995,0,745.0352106439638,0.0,221.0,162.0
413,5829,2022-07-02,Cincinnati Reds,Atlanta Braves,0,157.0,-172.0,0.3891050583657587,0.6323529411764706,0.1407150482391043,0.8592849517608956,-0.2483900101266544,0.22693201058442503,False,True,1,0,0,0,39.310903074178995,0,767.8903868498818,22.85517620591802,222.0,162.0
414,5496,2022-06-08,Cleveland Guardians,Texas Rangers,1,-154.0,143.0,0.6062992125984252,0.411522633744856,0.7036700207295012,0.2963299792704987,0.09737080813107601,-0.11519265447435728,True,False,1,0,0,0,39.310903074178995,0,793.4169472876604,25.526560437778567,223.0,162.0
415,4161,2021-09-23,Cincinnati Reds,Washington Nationals,0,-196.0,179.0,0.6621621621621622,0.3584229390681003,0.8254665067868977,0.1745334932131022,0.16330434462473553,-0.1838894458549981,True,False,0,1,0,0,39.67084736438302,0,753.7460999232774,0.0,223.0,163.0
416,6343,2022-08-12,Miami Marlins,Atlanta Braves,0,134.0,-145.0,0.4273504273504273,0.5918367346938775,0.2445305225785965,0.7554694774214036,-0.18281990477183077,0.16363274272752604,False,True,1,0,0,0,39.67084736438302,0,781.1053050021623,27.359205078884845,224.0,163.0
417,776,2020-08-22,Pittsburgh Pirates,Milwaukee Brewers,1,147.0,-159.0,0.4048582995951417,0.6138996138996139,0.2247885521610744,0.7752114478389257,-0.18006974743406728,0.1613118339393118,False,True,0,1,0,0,39.67084736438302,0,741.4344576377792,0.0,224.0,164.0
418,6573,2022-08-28,Houston Astros,Baltimore Orioles,1,-250.0,226.0,0.7142857142857143,0.3067484662576687,0.8644629749429696,0.1355370250570304,0.15017726065725534,-0.1712114412006383,True,False,1,0,0,0,39.67084736438302,0,757.3027965835324,15.868338945753209,225.0,164.0
419,5587,2022-06-14,Seattle Mariners,Minnesota Twins,1,-110.0,100.0,0.5238095238095238,0.5,0.4296953746972793,0.5703046253027206,-0.09411414911224453,0.07030462530272064,False,True,0,1,0,0,39.67084736438302,0,717.6319492191494,0.0,225.0,165.0
420,3181,2021-07-10,San Diego Padres,Colorado Rockies,0,-179.0,164.0,0.6415770609318996,0.3787878787878788,0.8272315349299191,0.1727684650700809,0.1856544739980195,-0.2060194137177979,True,False,0,1,0,0,35.88159746095747,0,681.750351758192,0.0,225.0,166.0
421,5905,2022-07-08,Baltimore Orioles,Los Angeles Angels,1,-137.0,127.0,0.5780590717299579,0.4405286343612334,0.636813881194753,0.3631861188052471,0.058754809464795166,-0.07734251555598631,True,False,1,0,0,0,35.88159746095747,0,707.9412988099857,26.190947051793774,226.0,166.0
422,3654,2021-08-17,Miami Marlins,Atlanta Braves,0,117.0,-127.0,0.4608294930875576,0.5594713656387665,0.3320760545287197,0.6679239454712803,-0.12875343855883792,0.10845257983251377,False,True,1,0,0,0,35.88159746095747,0,736.1945251571963,28.25322634721061,227.0,166.0
423,2107,2021-04-24,New York Mets,Washington Nationals,0,-189.0,172.0,0.6539792387543253,0.3676470588235294,0.8290651651553789,0.1709348348446213,0.17508592640105358,-0.19671222397890809,True,False,0,1,0,0,35.88159746095747,0,700.3129276962388,0.0,227.0,167.0
424,8465,2023-05-29,Seattle Mariners,New York Yankees,0,-134.0,124.0,0.5726495726495726,0.4464285714285714,0.5798437694446991,0.4201562305553009,0.007194196795126451,-0.026272340873270517,False,False,0,0,0,0,0.0,0,700.3129276962388,0.0,227.0,167.0
425,8551,2023-06-05,Pittsburgh Pirates,Oakland Athletics,1,-185.0,170.0,0.6491228070175439,0.3703703703703703,0.9455402582685584,0.0544597417314416,0.2964174512510145,-0.3159106286389287,True,False,1,0,0,0,35.015646384811944,0,719.2403041204615,18.927376424222675,228.0,167.0
426,8114,2023-05-03,Colorado Rockies,Milwaukee Brewers,1,108.0,-118.0,0.4807692307692308,0.5412844036697247,0.190067507135611,0.8099324928643888,-0.2907017236336198,0.2686480891946641,False,True,0,1,0,0,35.015646384811944,0,684.2246577356495,0.0,228.0,168.0
427,2119,2021-04-25,New York Mets,Washington Nationals,1,-152.0,139.0,0.6031746031746031,0.4184100418410041,0.7057847461928692,0.2942152538071306,0.1026101430182661,-0.12419478803387352,True,False,1,0,0,0,35.015646384811944,0,707.2612671993417,23.03660946369207,229.0,168.0
428,3348,2021-07-26,New York Mets,Atlanta Braves,0,-156.0,145.0,0.609375,0.4081632653061224,0.6810282354754003,0.3189717645245997,0.07165323547540026,-0.08919150078152271,True,False,0,1,0,0,35.015646384811944,0,672.2456208145297,0.0,229.0,169.0
429,5692,2022-06-22,Tampa Bay Rays,New York Yankees,0,127.0,-137.0,0.4405286343612334,0.5780590717299579,0.1857719688472705,0.8142280311527292,-0.2547566655139629,0.23616895942277139,False,True,1,0,0,0,35.015646384811944,0,697.804486788845,25.55886597431529,230.0,169.0
430,4992,2022-05-04,Miami Marlins,Arizona Diamondbacks,0,-143.0,132.0,0.588477366255144,0.4310344827586206,0.6887735549091146,0.3112264450908852,0.10029618865397061,-0.1198080376677354,True,False,0,1,0,0,34.89022433944225,0,662.9142624494027,0.0,230.0,170.0
431,1201,2020-09-19,Seattle Mariners,San Diego Padres,1,168.0,-182.0,0.373134328358209,0.6453900709219859,0.1072039220391094,0.8927960779608908,-0.2659304063190996,0.24740600703890492,False,True,0,1,0,0,34.89022433944225,0,628.0240381099604,0.0,230.0,171.0
432,8130,2023-05-05,Philadelphia Phillies,Boston Red Sox,0,-156.0,144.0,0.609375,0.4098360655737705,0.5462975157315187,0.4537024842684809,-0.06307748426848125,0.04386641869471042,False,True,1,0,0,0,34.89022433944225,0,678.2659611587572,50.241923048796835,231.0,171.0
433,1021,2020-09-07,Toronto Blue Jays,New York Yankees,1,-137.0,127.0,0.5780590717299579,0.4405286343612334,0.6179012924683377,0.3820987075316623,0.03984222073837984,-0.0584299268295711,True,False,1,0,0,0,34.89022433944225,0,703.7332781948464,25.46731703608923,232.0,171.0
434,5443,2022-06-04,Texas Rangers,Seattle Mariners,1,-120.0,111.0,0.5454545454545454,0.4739336492890995,0.6085810807743299,0.3914189192256702,0.06312653531978452,-0.0825147300634293,True,False,1,0,0,0,34.89022433944225,0,732.8084651443817,29.075186949535208,233.0,171.0
435,7961,2023-04-22,Arizona Diamondbacks,San Diego Padres,0,132.0,-143.0,0.4310344827586206,0.588477366255144,0.378282545135591,0.6217174548644089,-0.0527519376230296,0.03324008860926486,False,True,1,0,0,0,36.64042325721908,0,758.4311387508286,25.62267360644691,234.0,171.0
436,8247,2023-05-13,Colorado Rockies,Philadelphia Phillies,0,133.0,-144.0,0.4291845493562232,0.5901639344262295,0.3040079099976682,0.6959920900023319,-0.125176639358555,0.10582815557610237,False,True,1,0,0,0,36.64042325721908,0,783.8758771238975,25.44473837306881,235.0,171.0
437,2798,2021-06-13,Minnesota Twins,Houston Astros,0,130.0,-141.0,0.4347826086956521,0.5850622406639004,0.2125381819301523,0.7874618180698477,-0.2222444267654998,0.20239957740594727,False,True,1,0,0,0,36.64042325721908,0,809.8619929091592,25.986115785261763,236.0,171.0
438,3958,2021-09-08,Boston Red Sox,Tampa Bay Rays,1,-106.0,-104.0,0.5145631067961165,0.5098039215686274,0.362003655465956,0.6379963445340441,-0.15255945133016052,0.12819242296541666,False,True,0,1,0,0,36.64042325721908,0,773.2215696519402,0.0,236.0,172.0
439,702,2020-08-17,New York Yankees,Boston Red Sox,1,-154.0,141.0,0.6062992125984252,0.4149377593360996,0.8996048532699787,0.1003951467300215,0.2933056406715535,-0.3145426126060781,True,False,1,0,0,0,36.64042325721908,0,797.014052286498,23.792482634557846,237.0,172.0
440,8292,2023-05-17,Colorado Rockies,Cincinnati Reds,1,-111.0,101.0,0.5260663507109005,0.4975124378109453,0.5165899963687112,0.4834100036312889,-0.009476354342189297,-0.014102434179656398,False,False,0,0,0,0,0.0,0,797.014052286498,0.0,237.0,172.0
441,6439,2022-08-18,New York Yankees,Toronto Blue Jays,0,-139.0,129.0,0.5815899581589958,0.4366812227074236,0.6720960893690485,0.3279039106309515,0.09050613121005269,-0.10877731207647212,True,False,0,1,0,0,39.8507026143249,0,757.1633496721731,0.0,237.0,173.0
442,8424,2023-05-26,Seattle Mariners,Pittsburgh Pirates,0,-152.0,140.0,0.6031746031746031,0.4166666666666667,0.6824289299720705,0.3175710700279295,0.07925432679746736,-0.09909559663873718,True,False,0,1,0,0,39.8507026143249,0,717.3126470578483,0.0,237.0,174.0
443,6945,2022-09-24,Minnesota Twins,Los Angeles Angels,1,-130.0,120.0,0.5652173913043478,0.4545454545454545,0.6437241574711379,0.3562758425288621,0.07850676616679009,-0.0982696120165924,True,False,1,0,0,0,39.8507026143249,0,747.967033684252,30.654386626403774,238.0,174.0
444,7842,2023-04-14,Boston Red Sox,Los Angeles Angels,1,106.0,-116.0,0.4854368932038835,0.5370370370370371,0.2643116691805853,0.7356883308194146,-0.2211252240232982,0.19865129378237756,False,True,0,1,0,0,39.8507026143249,0,708.1163310699271,0.0,238.0,175.0
445,2269,2021-05-05,San Diego Padres,Pittsburgh Pirates,1,-227.0,204.0,0.6941896024464832,0.3289473684210526,0.872846141773919,0.1271538582260813,0.17865653932743575,-0.2017935101949713,True,False,1,0,0,0,35.40581655349636,0,723.7136070846832,15.597276014756105,239.0,175.0
446,7005,2022-09-29,Los Angeles Angels,Oakland Athletics,1,-243.0,218.0,0.7084548104956269,0.3144654088050314,0.9010234342803454,0.0989765657196548,0.1925686237847185,-0.21548884308537658,True,False,1,0,0,0,35.40581655349636,0,738.2839019626653,14.570294877982041,240.0,175.0
447,2693,2021-06-05,Kansas City Royals,Minnesota Twins,0,-102.0,-108.0,0.504950495049505,0.5192307692307693,0.5694813935874181,0.430518606412582,0.06453089853791316,-0.08871216281818728,True,False,0,1,0,0,35.40581655349636,0,702.8780854091689,0.0,240.0,176.0
448,6179,2022-07-30,Colorado Rockies,Los Angeles Dodgers,1,203.0,-222.0,0.33003300330033,0.6894409937888198,0.0735201605319866,0.9264798394680128,-0.2565128427683434,0.23703884567919298,False,True,0,1,0,0,35.40581655349636,0,667.4722688556725,0.0,240.0,177.0
449,4948,2022-04-30,New York Mets,Philadelphia Phillies,0,-115.0,105.0,0.5348837209302325,0.4878048780487805,0.5922008806296801,0.4077991193703198,0.05731715969944762,-0.08000575867846066,True,False,0,1,0,0,35.40581655349636,0,632.0664523021761,0.0,240.0,178.0
450,5946,2022-07-10,San Diego Padres,San Francisco Giants,0,-116.0,106.0,0.5370370370370371,0.4854368932038835,0.5536405793173708,0.4463594206826293,0.016603542280333672,-0.03907747252125421,True,False,0,1,0,0,31.60332261510881,0,600.4631296870673,0.0,240.0,179.0
451,5863,2022-07-05,Cincinnati Reds,New York Mets,1,181.0,-196.0,0.3558718861209964,0.6621621621621622,0.1049594979370849,0.895040502062915,-0.2509123881839115,0.2328783399007528,False,True,0,1,0,0,31.60332261510881,0,568.8598070719585,0.0,240.0,180.0
452,7980,2023-04-24,Baltimore Orioles,Boston Red Sox,1,-101.0,-109.0,0.5024875621890548,0.5215311004784688,0.4899695957882977,0.5100304042117022,-0.012517966400757086,-0.011500696266766641,False,False,0,0,0,0,0.0,0,568.8598070719585,0.0,240.0,180.0
453,8558,2023-06-06,Miami Marlins,Kansas City Royals,1,-151.0,139.0,0.601593625498008,0.4184100418410041,0.7949921736233385,0.2050078263766615,0.19339854812533053,-0.2134022154643426,True,False,1,0,0,0,31.60332261510881,0,589.7891597971961,20.929352725237624,241.0,180.0
454,2527,2021-05-25,New York Yankees,Toronto Blue Jays,0,-164.0,150.0,0.6212121212121212,0.4,0.7019572561816981,0.2980427438183017,0.08074513496957691,-0.10195725618169832,True,False,0,1,0,0,31.60332261510881,0,558.1858371820873,0.0,241.0,181.0
455,7920,2023-04-19,San Diego Padres,Atlanta Braves,1,106.0,-116.0,0.4854368932038835,0.5370370370370371,0.2097920122736233,0.7902079877263769,-0.2756448809302602,0.2531709506893398,False,True,0,1,0,0,27.909291859104368,0,530.276545322983,0.0,241.0,182.0
456,4739,2022-04-15,Colorado Rockies,Chicago Cubs,1,-115.0,105.0,0.5348837209302325,0.4878048780487805,0.4084217491010596,0.5915782508989403,-0.1264619718291729,0.10377337285015986,False,True,0,1,0,0,27.909291859104368,0,502.3672534638786,0.0,241.0,183.0
457,8433,2023-05-27,Atlanta Braves,Philadelphia Phillies,0,-132.0,122.0,0.5689655172413793,0.4504504504504504,0.7086672948856593,0.2913327051143407,0.13970177764427993,-0.15911774533610973,True,False,0,1,0,0,27.909291859104368,0,474.45796160477425,0.0,241.0,184.0
458,6512,2022-08-23,Seattle Mariners,Washington Nationals,1,-256.0,230.0,0.7191011235955056,0.303030303030303,0.9340678118124108,0.0659321881875889,0.21496668821690523,-0.2370981148427141,True,False,1,0,0,0,27.909291859104368,0,485.3600287372369,10.902067132462644,242.0,184.0
459,580,2020-08-08,Milwaukee Brewers,Cincinnati Reds,0,-105.0,-105.0,0.5121951219512195,0.5121951219512195,0.523109864166584,0.476890135833416,0.010914742215364481,-0.03530498611780353,True,False,0,1,0,0,27.909291859104368,0,457.45073687813255,0.0,242.0,185.0
460,5663,2022-06-20,Atlanta Braves,San Francisco Giants,1,-147.0,137.0,0.5951417004048583,0.4219409282700422,0.6260163592990882,0.3739836407009118,0.03087465889422991,-0.047957287569130425,True,False,1,0,0,0,22.87253684390663,0,473.0102857515384,15.55954887340587,243.0,185.0
461,6999,2022-09-29,Detroit Tigers,Kansas City Royals,1,-133.0,123.0,0.5708154506437768,0.4484304932735426,0.6614935549362655,0.3385064450637345,0.09067810429248868,-0.10992404820980811,True,False,1,0,0,0,22.87253684390663,0,490.2076818747765,17.197396123238068,244.0,185.0
462,8495,2023-06-01,Toronto Blue Jays,Milwaukee Brewers,1,-189.0,174.0,0.6539792387543253,0.364963503649635,0.7816012523710685,0.2183987476289315,0.1276220136167432,-0.14656475602070348,True,False,1,0,0,0,22.87253684390663,0,502.3095532207588,12.101871345982344,245.0,185.0
463,5648,2022-06-19,Toronto Blue Jays,New York Yankees,1,157.0,-172.0,0.3891050583657587,0.6323529411764706,0.130443326472993,0.8695566735270066,-0.2586617318927657,0.23720373235053605,False,True,0,1,0,0,22.87253684390663,0,479.43701637685217,0.0,245.0,186.0
464,8025,2023-04-27,Los Angeles Angels,Oakland Athletics,1,-300.0,266.0,0.75,0.273224043715847,0.9856666757302478,0.0143333242697538,0.2356666757302478,-0.2588907194460932,True,False,1,0,0,0,22.87253684390663,0,487.061195324821,7.624178947968876,246.0,186.0
465,4814,2022-04-20,Boston Red Sox,Toronto Blue Jays,0,117.0,-127.0,0.4608294930875576,0.5594713656387665,0.3965024434691181,0.6034975565308819,-0.06432704961843949,0.04402619089211535,False,True,1,0,0,0,24.353059766241053,0,506.23683293603443,19.17563761121343,247.0,186.0
466,5515,2022-06-09,Los Angeles Angels,Boston Red Sox,1,-123.0,113.0,0.5515695067264574,0.4694835680751174,0.5162389332545927,0.4837610667454073,-0.035330573471864746,0.014277498670289934,False,True,0,1,0,0,24.353059766241053,0,481.88377316979336,0.0,247.0,187.0
467,6608,2022-08-31,Cleveland Guardians,Baltimore Orioles,0,-161.0,149.0,0.6168582375478927,0.4016064257028112,0.6951353017795835,0.3048646982204165,0.07827706423169078,-0.09674172748239468,True,False,0,1,0,0,24.353059766241053,0,457.5307134035523,0.0,247.0,188.0
468,6560,2022-08-27,Kansas City Royals,San Diego Padres,0,184.0,-200.0,0.352112676056338,0.6666666666666666,0.141945587053607,0.8580544129463933,-0.210167089002731,0.19138774627972666,False,True,1,0,0,0,24.353059766241053,0,469.7072432866728,12.176529883120526,248.0,188.0
469,5910,2022-07-08,Kansas City Royals,Cleveland Guardians,1,-110.0,100.0,0.5238095238095238,0.5,0.4152515457130285,0.5847484542869714,-0.10855797809649531,0.08474845428697142,False,True,0,1,0,0,24.353059766241053,0,445.3541835204317,0.0,248.0,189.0
470,1090,2020-09-12,Kansas City Royals,Pittsburgh Pirates,1,-118.0,107.0,0.5412844036697247,0.4830917874396135,0.6656014468090478,0.3343985531909522,0.12431704313932301,-0.14869323424866132,True,False,1,0,0,0,22.267709176021587,0,464.225123500111,18.87093997967931,249.0,189.0
471,2132,2021-04-25,Los Angeles Dodgers,San Diego Padres,0,-120.0,111.0,0.5454545454545454,0.4739336492890995,0.5900698691233841,0.4099301308766157,0.04461532366883869,-0.0640035184124838,True,False,0,1,0,0,22.267709176021587,0,441.9574143240894,0.0,249.0,190.0
472,5723,2022-06-25,New York Yankees,Houston Astros,0,-164.0,150.0,0.6212121212121212,0.4,0.6809895247307147,0.3190104752692852,0.05977740351859351,-0.0809895247307148,True,False,0,1,0,0,22.267709176021587,0,419.68970514806784,0.0,249.0,191.0
473,5617,2022-06-17,Pittsburgh Pirates,San Francisco Giants,0,177.0,-192.0,0.3610108303249097,0.6575342465753424,0.1303818186629693,0.8696181813370308,-0.23062901166194041,0.2120839347616884,False,True,1,0,0,0,22.267709176021587,0,431.28747034391245,11.597765195844577,250.0,191.0
474,5795,2022-06-30,Houston Astros,New York Yankees,1,109.0,-119.0,0.4784688995215311,0.54337899543379,0.2607980982766272,0.7392019017233725,-0.2176708012449039,0.19582290628958254,False,True,0,1,0,0,22.267709176021587,0,409.01976116789086,0.0,250.0,192.0
475,4130,2021-09-21,Boston Red Sox,New York Mets,1,-135.0,126.0,0.574468085106383,0.4424778761061947,0.6376352019278756,0.3623647980721243,0.06316711682149256,-0.08011307803407042,True,False,1,0,0,0,20.450988058394543,0,424.16864121114605,15.148880043255216,251.0,192.0
476,3679,2021-08-19,Detroit Tigers,Los Angeles Angels,0,105.0,-115.0,0.4878048780487805,0.5348837209302325,0.4191436002303632,0.5808563997696367,-0.0686612778184173,0.045972678839404146,False,True,1,0,0,0,20.450988058394543,0,441.95210908801084,17.78346787686482,252.0,192.0
477,5788,2022-06-29,Cleveland Guardians,Minnesota Twins,1,-106.0,-104.0,0.5145631067961165,0.5098039215686274,0.4257325883379745,0.5742674116620256,-0.088830518458142,0.06446349009339813,False,True,0,1,0,0,20.450988058394543,0,421.5011210296163,0.0,252.0,193.0
478,3472,2021-08-04,Washington Nationals,Philadelphia Phillies,0,-111.0,101.0,0.5260663507109005,0.4975124378109453,0.4957762282360917,0.5042237717639082,-0.03029012247480878,0.006711333952962917,False,False,0,0,0,0,0.0,0,421.5011210296163,0.0,252.0,193.0
479,8279,2023-05-16,Toronto Blue Jays,New York Yankees,0,-181.0,166.0,0.6441281138790036,0.3759398496240601,0.7179312095296637,0.2820687904703362,0.07380309565066012,-0.0938710591537239,True,False,0,1,0,0,20.450988058394543,0,401.05013297122173,0.0,252.0,194.0
480,827,2020-08-25,San Diego Padres,Seattle Mariners,0,-179.0,163.0,0.6415770609318996,0.3802281368821292,0.8646411105537692,0.1353588894462307,0.22306404962186965,-0.2448692474358985,True,False,0,1,0,0,20.05250664856109,0,380.99762632266066,0.0,252.0,195.0
481,6258,2022-08-05,Kansas City Royals,Boston Red Sox,0,100.0,-110.0,0.5,0.5238095238095238,0.3874857638359787,0.6125142361640212,-0.11251423616402129,0.0887047123544974,False,True,1,0,0,0,20.05250664856109,0,399.22717782135254,18.229551498691897,253.0,195.0
482,2347,2021-05-11,Los Angeles Dodgers,Seattle Mariners,1,-217.0,197.0,0.6845425867507886,0.3367003367003367,0.8454136340050408,0.1545863659949593,0.16087104725425216,-0.1821139707053774,True,False,1,0,0,0,20.05250664856109,0,408.46796429534385,9.240786473991285,254.0,195.0
483,5540,2022-06-11,Detroit Tigers,Toronto Blue Jays,1,208.0,-227.0,0.3246753246753247,0.6941896024464832,0.1211745384660325,0.8788254615339672,-0.20350078620929218,0.18463585908748403,False,True,0,1,0,0,20.05250664856109,0,388.4154576467828,0.0,254.0,196.0
484,6332,2022-08-10,Arizona Diamondbacks,Pittsburgh Pirates,0,-154.0,142.0,0.6062992125984252,0.4132231404958678,0.7694059139051668,0.2305940860948333,0.16310670130674154,-0.18262905440103447,True,False,0,1,0,0,20.05250664856109,0,368.3629509982217,0.0,254.0,197.0
485,8628,2023-06-11,Detroit Tigers,Arizona Diamondbacks,0,194.0,-213.0,0.3401360544217687,0.6805111821086262,0.1206122819144961,0.8793877180855035,-0.2195237725072726,0.19887653597687738,False,True,1,0,0,0,18.418147549911087,0,377.00996862728795,8.647017629066237,255.0,197.0
486,6951,2022-09-25,Philadelphia Phillies,Atlanta Braves,0,109.0,-119.0,0.4784688995215311,0.54337899543379,0.3254432549009264,0.6745567450990736,-0.1530256446206047,0.13117774966528362,False,True,1,0,0,0,18.418147549911087,0,392.4874035431796,15.477434915891669,256.0,197.0
487,4956,2022-05-01,Toronto Blue Jays,Houston Astros,1,-143.0,132.0,0.588477366255144,0.4310344827586206,0.63188973875235,0.3681102612476499,0.043412372497205975,-0.06292422151097071,True,False,1,0,0,0,18.418147549911087,0,405.3672270046559,12.879823461476283,257.0,197.0
488,722,2020-08-18,Boston Red Sox,Philadelphia Phillies,0,116.0,-127.0,0.4629629629629629,0.5594713656387665,0.2413701887635081,0.7586298112364918,-0.2215927741994548,0.19915844559772522,False,True,1,0,0,0,18.418147549911087,0,419.86970539041266,14.502478385756762,258.0,197.0
489,6104,2022-07-25,Boston Red Sox,Cleveland Guardians,1,-105.0,-105.0,0.5121951219512195,0.5121951219512195,0.4488759872775914,0.5511240127224086,-0.0633191346736281,0.038928890771189106,False,True,0,1,0,0,18.418147549911087,0,401.45155784050155,0.0,258.0,198.0
490,2835,2021-06-16,Milwaukee Brewers,Cincinnati Reds,0,-145.0,133.0,0.5918367346938775,0.4291845493562232,0.6522805849789253,0.3477194150210747,0.06044385028504773,-0.08146513433514851,True,False,0,1,0,0,20.07257789202508,0,381.37897994847646,0.0,258.0,199.0
491,8160,2023-05-07,Cleveland Guardians,Minnesota Twins,1,120.0,-130.0,0.4545454545454545,0.5652173913043478,0.2764072565546215,0.7235927434453784,-0.17813819799083297,0.1583753521410306,False,True,0,1,0,0,20.07257789202508,0,361.30640205645136,0.0,258.0,200.0
492,8452,2023-05-28,Arizona Diamondbacks,Boston Red Sox,1,-111.0,101.0,0.5260663507109005,0.4975124378109453,0.47964053443543,0.5203594655645701,-0.04642581627547049,0.02284702775362485,False,True,0,1,0,0,20.07257789202508,0,341.23382416442627,0.0,258.0,201.0
493,3476,2021-08-04,Miami Marlins,New York Mets,0,135.0,-145.0,0.425531914893617,0.5918367346938775,0.323331791316373,0.676668208683627,-0.102200123577244,0.08483147398974944,False,True,1,0,0,0,20.07257789202508,0,355.0769813313401,13.84315716691385,259.0,201.0
494,4858,2022-04-24,Detroit Tigers,Colorado Rockies,0,-127.0,116.0,0.5594713656387665,0.4629629629629629,0.5299236600461888,0.4700763399538112,-0.02954770559257769,0.007113376990848297,False,False,0,0,0,0,0.0,0,355.0769813313401,0.0,259.0,201.0
495,8313,2023-05-19,Cincinnati Reds,New York Yankees,0,145.0,-157.0,0.4081632653061224,0.6108949416342413,0.200230618485567,0.799769381514433,-0.2079326468205554,0.1888744398801917,False,True,1,0,0,0,17.753849066567007,0,366.3851654501726,11.308184118832488,260.0,201.0
496,8262,2023-05-14,Washington Nationals,New York Mets,0,171.0,-186.0,0.3690036900369003,0.6503496503496503,0.2377782276520267,0.7622217723479732,-0.13122546238487362,0.11187212199832286,False,True,1,0,0,0,17.753849066567007,0,375.9302455934882,9.545080143315595,261.0,201.0
497,6645,2022-09-03,Detroit Tigers,Kansas City Royals,0,-106.0,-103.0,0.5145631067961165,0.5073891625615764,0.559628398030884,0.440371601969116,0.045065291234767546,-0.06701756059246039,True,False,0,1,0,0,17.753849066567007,0,358.1763965269212,0.0,261.0,202.0
498,5595,2022-06-15,New York Yankees,Tampa Bay Rays,1,-135.0,125.0,0.574468085106383,0.4444444444444444,0.6477783772411855,0.3522216227588144,0.07331029213480245,-0.09222282168563001,True,False,1,0,0,0,17.753849066567007,0,371.32739583548937,13.150999308568153,262.0,202.0
499,8371,2023-05-23,Pittsburgh Pirates,Texas Rangers,0,144.0,-156.0,0.4098360655737705,0.609375,0.1948048929225751,0.8051951070774253,-0.2150311726511954,0.19582010707742525,False,True,1,0,0,0,17.753849066567007,0,382.708068314058,11.380672478568595,263.0,202.0
500,6397,2022-08-15,Texas Rangers,Oakland Athletics,1,-152.0,139.0,0.6031746031746031,0.4184100418410041,0.7782814560997466,0.2217185439002534,0.1751068529251435,-0.19669149794075072,True,False,1,0,0,0,19.1354034157029,0,395.2971495085994,12.589081194541382,264.0,202.0
501,4140,2021-09-22,Miami Marlins,Washington Nationals,0,-127.0,116.0,0.5594713656387665,0.4629629629629629,0.6465777392461062,0.3534222607538937,0.08710637360733964,-0.1095407022090692,True,False,0,1,0,0,19.1354034157029,0,376.16174609289646,0.0,264.0,203.0
502,7026,2022-10-01,Washington Nationals,Philadelphia Phillies,0,168.0,-183.0,0.373134328358209,0.6466431095406361,0.1500603723582066,0.8499396276417934,-0.22307395600000238,0.20329651810115734,False,True,1,0,0,0,19.1354034157029,0,386.6182506916412,10.456504598744756,265.0,203.0
503,7900,2023-04-18,Washington Nationals,Baltimore Orioles,0,130.0,-141.0,0.4347826086956521,0.5850622406639004,0.2369284230159553,0.7630715769840446,-0.19785418567969681,0.17800933632014415,False,True,1,0,0,0,19.1354034157029,0,400.1894587878844,13.571208096243192,266.0,203.0
504,2477,2021-05-21,Atlanta Braves,Pittsburgh Pirates,1,-175.0,162.0,0.6363636363636364,0.3816793893129771,0.7764741511243264,0.2235258488756736,0.14011051476069003,-0.15815354043730354,True,False,1,0,0,0,19.1354034157029,0,411.12397502542893,10.934516237544514,267.0,203.0
505,5834,2022-07-03,Washington Nationals,Miami Marlins,0,120.0,-130.0,0.4545454545454545,0.5652173913043478,0.2707004040703558,0.7292995959296442,-0.1838450504750987,0.16408220462529644,False,True,1,0,0,0,20.55619875127145,0,426.93643560333004,15.812460577901115,268.0,203.0
506,6491,2022-08-22,Pittsburgh Pirates,Atlanta Braves,0,171.0,-185.0,0.3690036900369003,0.6491228070175439,0.1218024861004145,0.8781975138995854,-0.2472012039364858,0.22907470688204157,False,True,1,0,0,0,20.55619875127145,0,438.0478943878011,11.111458784471054,269.0,203.0
507,6574,2022-08-28,Kansas City Royals,San Diego Padres,1,165.0,-179.0,0.3773584905660377,0.6415770609318996,0.163130461401626,0.8368695385983741,-0.21422802916441172,0.1952924776664745,False,True,0,1,0,0,20.55619875127145,0,417.49169563652964,0.0,269.0,204.0
508,5705,2022-06-23,New York Yankees,Houston Astros,1,-130.0,120.0,0.5652173913043478,0.4545454545454545,0.5714964222808779,0.4285035777191217,0.006279030976530153,-0.0260418768263328,False,False,0,0,0,0,0.0,0,417.49169563652964,0.0,269.0,204.0
509,5231,2022-05-20,Milwaukee Brewers,Washington Nationals,1,-192.0,175.0,0.6575342465753424,0.3636363636363636,0.8846100372906169,0.115389962709383,0.2270757907152745,-0.24824640092698058,True,False,1,0,0,0,20.55619875127145,0,428.19804915281685,10.706353516287214,270.0,204.0
510,3327,2021-07-24,New York Mets,Toronto Blue Jays,0,106.0,-116.0,0.4854368932038835,0.5370370370370371,0.3934403827120532,0.6065596172879467,-0.09199651049183027,0.06952258025090963,False,True,1,0,0,0,21.409902457640843,0,446.6548616163003,18.456812463483484,271.0,204.0
511,4971,2022-05-02,Baltimore Orioles,Minnesota Twins,0,140.0,-152.0,0.4166666666666667,0.6031746031746031,0.1897114453874253,0.8102885546125745,-0.2269552212792414,0.2071139514379714,False,True,1,0,0,0,21.409902457640843,0,460.7403237594851,14.085462143184767,272.0,204.0
512,623,2020-08-11,Texas Rangers,Seattle Mariners,1,-127.0,117.0,0.5594713656387665,0.4608294930875576,0.6762605445107074,0.3237394554892923,0.11678917887194085,-0.13709003759826532,True,False,1,0,0,0,21.409902457640843,0,477.5985146710133,16.858190911528222,273.0,204.0
513,2722,2021-06-08,Boston Red Sox,Houston Astros,0,115.0,-125.0,0.4651162790697674,0.5555555555555556,0.354480635641174,0.645519364358826,-0.11063564342859339,0.08996380880327037,False,True,1,0,0,0,21.409902457640843,0,494.72643663712597,17.127921966112677,274.0,204.0
514,4839,2022-04-22,Seattle Mariners,Kansas City Royals,1,-132.0,122.0,0.5689655172413793,0.4504504504504504,0.7115999246074393,0.2884000753925604,0.14263440736605992,-0.16205037505789,True,False,1,0,0,0,21.409902457640843,0,510.9460597110963,16.219623073970336,275.0,204.0
515,939,2020-09-02,Baltimore Orioles,New York Mets,0,120.0,-130.0,0.4545454545454545,0.5652173913043478,0.4069958232483844,0.5930041767516155,-0.04754963129707007,0.02778678544726776,False,True,1,0,0,0,25.54730298555482,0,530.5978312384461,19.65177152734986,276.0,204.0
516,5013,2022-05-05,Philadelphia Phillies,New York Mets,0,-145.0,135.0,0.5918367346938775,0.425531914893617,0.5100309357696796,0.4899690642303204,-0.08180579892419793,0.06443714933670336,False,True,1,0,0,0,25.54730298555482,0,565.0866902689452,34.48885903049901,277.0,204.0
517,3189,2021-07-11,Houston Astros,New York Yankees,1,-132.0,122.0,0.5689655172413793,0.4504504504504504,0.661931246710515,0.338068753289485,0.09296572946913562,-0.11238169716096541,True,False,1,0,0,0,25.54730298555482,0,584.4407076822442,19.354017413299104,278.0,204.0
518,1200,2020-09-19,Chicago Cubs,Minnesota Twins,0,115.0,-125.0,0.4651162790697674,0.5555555555555556,0.3380822324763503,0.6619177675236497,-0.1270340465934171,0.10636221196809414,False,True,1,0,0,0,25.54730298555482,0,604.8785500706881,20.437842388443855,279.0,204.0
519,5144,2022-05-14,Washington Nationals,Houston Astros,1,153.0,-167.0,0.3952569169960474,0.6254681647940075,0.1284284166723476,0.8715715833276526,-0.2668285003236998,0.24610341853364515,False,True,0,1,0,0,25.54730298555482,0,579.3312470851333,0.0,279.0,205.0
520,549,2020-08-06,Kansas City Royals,Chicago Cubs,1,154.0,-167.0,0.3937007874015748,0.6254681647940075,0.086804640586319,0.9131953594136806,-0.30689614681525584,0.2877271946196731,False,True,0,1,0,0,28.966562354256666,0,550.3646847308767,0.0,279.0,206.0
521,6319,2022-08-09,Seattle Mariners,New York Yankees,1,117.0,-127.0,0.4608294930875576,0.5594713656387665,0.2429826086845347,0.7570173913154653,-0.2178468844030229,0.19754602567669877,False,True,0,1,0,0,28.966562354256666,0,521.39812237662,0.0,279.0,207.0
522,672,2020-08-15,Philadelphia Phillies,New York Mets,1,-169.0,157.0,0.6282527881040892,0.3891050583657587,0.682162224637899,0.317837775362101,0.05390943653380975,-0.0712672830036577,True,False,1,0,0,0,28.966562354256666,0,538.5381001010322,17.13997772441223,280.0,207.0
523,5825,2022-07-02,Houston Astros,Los Angeles Angels,1,-135.0,126.0,0.574468085106383,0.4424778761061947,0.6788794110512699,0.32112058894873,0.10441132594488689,-0.12135728715746469,True,False,1,0,0,0,28.966562354256666,0,559.9948129560372,21.456712855004938,281.0,207.0
524,3527,2021-08-08,Philadelphia Phillies,New York Mets,1,-167.0,153.0,0.6254681647940075,0.3952569169960474,0.6920275259424653,0.3079724740575346,0.06655936114845784,-0.08728444293851284,True,False,1,0,0,0,28.966562354256666,0,577.3400598747538,17.345246918716565,282.0,207.0
525,8117,2023-05-04,Detroit Tigers,New York Mets,1,157.0,-171.0,0.3891050583657587,0.6309963099630996,0.2025103589010061,0.7974896410989939,-0.1865946994647526,0.16649333113589426,False,True,0,1,0,0,28.867002993737692,0,548.4730568810161,0.0,282.0,208.0
526,6276,2022-08-06,Kansas City Royals,Boston Red Sox,1,125.0,-135.0,0.4444444444444444,0.574468085106383,0.2912244441110915,0.7087755558889085,-0.15322000033335292,0.13430747078252547,False,True,0,1,0,0,28.867002993737692,0,519.6060538872783,0.0,282.0,209.0
527,8583,2023-06-07,Los Angeles Angels,Chicago Cubs,1,-130.0,120.0,0.5652173913043478,0.4545454545454545,0.6219120498829221,0.3780879501170779,0.056694658578574364,-0.07645750442837657,True,False,1,0,0,0,28.867002993737692,0,541.8114408055382,22.205386918259766,283.0,209.0
528,8427,2023-05-27,Minnesota Twins,Toronto Blue Jays,1,-110.0,100.0,0.5238095238095238,0.5,0.5242297570271192,0.4757702429728808,0.00042023321759532273,-0.024229757027119214,False,False,0,0,0,0,0.0,0,541.8114408055382,0.0,283.0,209.0
529,3630,2021-08-15,Minnesota Twins,Tampa Bay Rays,1,157.0,-169.0,0.3891050583657587,0.6282527881040892,0.15547051250657,0.84452948749343,-0.2336345458591887,0.2162766993893408,False,True,0,1,0,0,28.867002993737692,0,512.9444378118004,0.0,283.0,210.0
530,7800,2023-04-11,Baltimore Orioles,Oakland Athletics,1,-188.0,173.0,0.6527777777777778,0.3663003663003663,0.9587289709200552,0.0412710290799457,0.30595119314227737,-0.3250293372204206,True,False,1,0,0,0,25.64722189059002,0,526.5865771153058,13.64213930350533,284.0,210.0
531,2723,2021-06-08,Detroit Tigers,Seattle Mariners,1,-112.0,102.0,0.5283018867924528,0.495049504950495,0.5081956667955063,0.4918043332044937,-0.020106219996946506,-0.0032451717460013074,False,False,0,0,0,0,0.0,0,526.5865771153058,0.0,284.0,210.0
532,6167,2022-07-30,Tampa Bay Rays,Cleveland Guardians,1,-122.0,112.0,0.5495495495495496,0.4716981132075472,0.5553735821499394,0.4446264178500606,0.0058240326003897724,-0.027071695357486603,False,False,0,0,0,0,0.0,0,526.5865771153058,0.0,284.0,210.0
533,8038,2023-04-28,Houston Astros,Philadelphia Phillies,0,-143.0,132.0,0.588477366255144,0.4310344827586206,0.7183467026435202,0.2816532973564798,0.12986933638837617,-0.1493811854021408,True,False,0,1,0,0,25.64722189059002,0,500.93935522471577,0.0,284.0,211.0
534,8027,2023-04-27,New York Mets,Washington Nationals,1,-227.0,205.0,0.6941896024464832,0.3278688524590163,0.8771444292317487,0.1228555707682512,0.18295482678526553,-0.2050132816907651,True,False,1,0,0,0,25.64722189059002,0,512.2376908593369,11.298335634621154,285.0,211.0
535,2536,2021-05-25,Los Angeles Angels,Texas Rangers,1,-147.0,136.0,0.5951417004048583,0.423728813559322,0.5932701688190453,0.4067298311809547,-0.001871531585812991,-0.016998982378367333,False,False,0,0,0,0,0.0,0,512.2376908593369,0.0,285.0,211.0
536,6327,2022-08-10,Detroit Tigers,Cleveland Guardians,0,148.0,-161.0,0.4032258064516129,0.6168582375478927,0.2272103147387779,0.7727896852612222,-0.17601549171283498,0.15593144771332945,False,True,1,0,0,0,25.61188454296685,0,528.1456936810555,15.908002821718538,286.0,211.0
537,4973,2022-05-02,New York Mets,Atlanta Braves,0,-105.0,-105.0,0.5121951219512195,0.5121951219512195,0.6254790348806712,0.3745209651193288,0.11328391292945172,-0.13767415683189071,True,False,0,1,0,0,25.61188454296685,0,502.53380913808866,0.0,286.0,212.0
538,7811,2023-04-11,Los Angeles Angels,Washington Nationals,1,-290.0,258.0,0.7435897435897436,0.2793296089385474,0.9480959204508056,0.0519040795491945,0.20450617686106198,-0.2274255293893529,True,False,1,0,0,0,25.61188454296685,0,511.36549346324966,8.831684325160984,287.0,212.0
539,2537,2021-05-25,Oakland Athletics,Seattle Mariners,0,-164.0,151.0,0.6212121212121212,0.398406374501992,0.7535041798840693,0.2464958201159308,0.13229205867194804,-0.15191055438606121,True,False,0,1,0,0,25.61188454296685,0,485.75360892028283,0.0,287.0,213.0
540,979,2020-09-04,Los Angeles Dodgers,Colorado Rockies,1,-238.0,216.0,0.7041420118343196,0.3164556962025316,0.9217312072540228,0.078268792745977,0.21758919541970323,-0.2381869034565546,True,False,1,0,0,0,24.287680446014143,0,495.95851667070895,10.204907750426111,288.0,213.0
541,6932,2022-09-23,Oakland Athletics,New York Mets,0,198.0,-218.0,0.3355704697986577,0.6855345911949685,0.1018098301512691,0.8981901698487311,-0.23376063964738858,0.2126555786537626,False,True,1,0,0,0,24.287680446014143,0,507.0996544899815,11.141137819272544,289.0,213.0
542,2089,2021-04-23,Detroit Tigers,Kansas City Royals,0,101.0,-111.0,0.4975124378109453,0.5260663507109005,0.3477063816011668,0.6522936183988333,-0.1498060562097785,0.1262272676879328,False,True,1,0,0,0,24.287680446014143,0,528.9804476845889,21.880793194607335,290.0,213.0
543,5508,2022-06-09,Milwaukee Brewers,Philadelphia Phillies,0,-156.0,145.0,0.609375,0.4081632653061224,0.6823368189870197,0.3176631810129803,0.0729618189870197,-0.0905000842931421,True,False,0,1,0,0,24.287680446014143,0,504.69276723857473,0.0,290.0,214.0
544,6720,2022-09-08,Chicago Cubs,Cincinnati Reds,0,-137.0,128.0,0.5780590717299579,0.4385964912280701,0.6704380972055528,0.3295619027944471,0.09237902547559496,-0.10903458843362301,True,False,0,1,0,0,24.287680446014143,0,480.4050867925606,0.0,290.0,215.0
545,2706,2021-06-06,Kansas City Royals,Minnesota Twins,0,-125.0,115.0,0.5555555555555556,0.4651162790697674,0.660552205880722,0.3394477941192778,0.10499665032516647,-0.1256684849504896,True,False,0,1,0,0,24.020254339628032,0,456.3848324529326,0.0,290.0,216.0
546,5668,2022-06-21,Cincinnati Reds,Los Angeles Dodgers,0,171.0,-185.0,0.3690036900369003,0.6491228070175439,0.1045988658207204,0.8954011341792796,-0.26440482421617995,0.2462783271617357,False,True,1,0,0,0,24.020254339628032,0,469.3687537175964,12.983921264663802,291.0,216.0
547,3930,2021-09-06,Colorado Rockies,San Francisco Giants,0,140.0,-152.0,0.4166666666666667,0.6031746031746031,0.1921203473180437,0.8078796526819564,-0.22454631934862299,0.20470504950735324,False,True,1,0,0,0,24.020254339628032,0,485.1715526252464,15.802798907650022,292.0,216.0
548,5267,2022-05-22,Los Angeles Angels,Oakland Athletics,1,-182.0,166.0,0.6453900709219859,0.3759398496240601,0.8398598102422025,0.1601401897577976,0.1944697393202166,-0.21579965986626248,True,False,1,0,0,0,24.020254339628032,0,498.369494570097,13.197941944850568,293.0,216.0
549,3470,2021-08-04,Milwaukee Brewers,Pittsburgh Pirates,1,-263.0,237.0,0.7245179063360881,0.2967359050445103,0.9315135193234771,0.0684864806765226,0.206995612987389,-0.2282494243679877,True,False,1,0,0,0,24.020254339628032,0,507.5026711250886,9.133176554991646,294.0,216.0
550,5060,2022-05-08,Cincinnati Reds,Pittsburgh Pirates,1,-118.0,108.0,0.5412844036697247,0.4807692307692308,0.3764917938788732,0.6235082061211266,-0.16479260979085153,0.14273897535189578,False,True,0,1,0,0,25.375133556254433,0,482.1275375688342,0.0,294.0,217.0
551,3311,2021-07-23,Kansas City Royals,Detroit Tigers,1,-118.0,108.0,0.5412844036697247,0.4807692307692308,0.4997530106360716,0.5002469893639284,-0.04153139303365316,0.019477758594697636,False,True,0,1,0,0,25.375133556254433,0,456.7524040125798,0.0,294.0,218.0
552,8236,2023-05-13,Minnesota Twins,Chicago Cubs,1,-163.0,150.0,0.6197718631178707,0.4,0.6577237578113645,0.3422762421886354,0.037951894693493804,-0.05772375781136463,True,False,1,0,0,0,25.375133556254433,0,472.3199706115089,15.5675665989291,295.0,218.0
553,909,2020-08-30,Los Angeles Angels,Seattle Mariners,0,-175.0,162.0,0.6363636363636364,0.3816793893129771,0.7858098029501248,0.2141901970498752,0.14944616658648846,-0.16748919226310194,True,False,0,1,0,0,25.375133556254433,0,446.9448370552545,0.0,295.0,219.0
554,5721,2022-06-24,San Diego Padres,Philadelphia Phillies,1,121.0,-132.0,0.4524886877828054,0.5689655172413793,0.3901680668892425,0.6098319331107575,-0.062320620893562884,0.040866415869378114,False,True,0,1,0,0,25.375133556254433,0,421.56970349900007,0.0,295.0,220.0
555,1268,2020-09-24,Kansas City Royals,Detroit Tigers,1,-152.0,140.0,0.6031746031746031,0.4166666666666667,0.7535389887958637,0.2464610112041363,0.15036438562126053,-0.1702056554625304,True,False,1,0,0,0,21.078485174950004,0,435.437127956204,13.867424457203951,296.0,220.0
556,6881,2022-09-20,Philadelphia Phillies,Toronto Blue Jays,0,107.0,-117.0,0.4830917874396135,0.5391705069124424,0.3930591274762677,0.6069408725237322,-0.0900326599633458,0.0677703656112898,False,True,1,0,0,0,21.078485174950004,0,453.45292725103303,18.015799294829062,297.0,220.0
557,5645,2022-06-19,Pittsburgh Pirates,San Francisco Giants,1,166.0,-182.0,0.3759398496240601,0.6453900709219859,0.136842613380389,0.863157386619611,-0.23909723624367107,0.21776731569762509,False,True,0,1,0,0,21.078485174950004,0,432.374442076083,0.0,297.0,221.0
558,5167,2022-05-16,Tampa Bay Rays,Detroit Tigers,0,-192.0,175.0,0.6575342465753424,0.3636363636363636,0.8472410420600437,0.1527589579399565,0.18970679548470126,-0.2108774056964071,True,False,0,1,0,0,21.078485174950004,0,411.295956901133,0.0,297.0,222.0
559,8224,2023-05-12,Cleveland Guardians,Los Angeles Angels,0,-122.0,112.0,0.5495495495495496,0.4716981132075472,0.509256572001143,0.490743427998857,-0.04029297754840655,0.01904531479130983,False,True,1,0,0,0,21.078485174950004,0,434.903860297077,23.607903395944007,298.0,222.0
560,5468,2022-06-06,Cincinnati Reds,Arizona Diamondbacks,1,-109.0,-101.0,0.5215311004784688,0.5024875621890548,0.4444952576087965,0.5555047423912035,-0.07703584286967236,0.05301718020214874,False,True,0,1,0,0,21.745193014853854,0,413.1586672822232,0.0,298.0,223.0
561,5552,2022-06-12,Detroit Tigers,Toronto Blue Jays,0,129.0,-139.0,0.4366812227074236,0.5815899581589958,0.2397695249580169,0.7602304750419829,-0.1969116977494067,0.1786405168829871,False,True,1,0,0,0,21.745193014853854,0,428.8026910339166,15.64402375169342,299.0,223.0
562,3070,2021-07-03,Pittsburgh Pirates,Milwaukee Brewers,0,148.0,-161.0,0.4032258064516129,0.6168582375478927,0.1726022343427891,0.8273977656572108,-0.23062357210882378,0.21053952810931809,False,True,1,0,0,0,21.745193014853854,0,442.3090220990432,13.506331065126616,300.0,223.0
563,3955,2021-09-08,Miami Marlins,New York Mets,1,102.0,-112.0,0.495049504950495,0.5283018867924528,0.4288748237847103,0.5711251762152897,-0.06617468116578468,0.04282328942283686,False,True,0,1,0,0,21.745193014853854,0,420.56382908418936,0.0,300.0,224.0
564,5250,2022-05-21,Los Angeles Angels,Oakland Athletics,1,-152.0,139.0,0.6031746031746031,0.4184100418410041,0.7762731601896441,0.2237268398103558,0.17309855701504095,-0.19468320203064832,True,False,1,0,0,0,21.745193014853854,0,434.8698771202774,14.306048036088063,301.0,224.0
565,3485,2021-08-05,Texas Rangers,Los Angeles Angels,0,-109.0,-101.0,0.5215311004784688,0.5024875621890548,0.4480651633015061,0.5519348366984939,-0.07346593717696276,0.04944727450943909,False,True,1,0,0,0,21.74349385601387,0,456.398088858905,21.528211738627594,302.0,224.0
566,2336,2021-05-11,Washington Nationals,Philadelphia Phillies,0,-128.0,118.0,0.5614035087719298,0.4587155963302752,0.5613466403495806,0.4386533596504194,-5.6868422349198866e-05,-0.020062236679855794,False,False,0,0,0,0,0.0,0,456.398088858905,0.0,302.0,224.0
567,4759,2022-04-17,Pittsburgh Pirates,Washington Nationals,1,-105.0,-105.0,0.5121951219512195,0.5121951219512195,0.5958986456831171,0.4041013543168828,0.0837035237318976,-0.1080937676343367,True,False,1,0,0,0,21.74349385601387,0,477.1061782455849,20.708089386679877,303.0,224.0
568,4826,2022-04-21,Seattle Mariners,Texas Rangers,0,-137.0,128.0,0.5780590717299579,0.4385964912280701,0.8736985778410687,0.1263014221589315,0.2956395061111109,-0.3122950690691386,True,False,0,1,0,0,21.74349385601387,0,455.36268438957103,0.0,303.0,225.0
569,5523,2022-06-10,Minnesota Twins,Tampa Bay Rays,1,-103.0,-106.0,0.5073891625615764,0.5145631067961165,0.4223980749440483,0.5776019250559516,-0.0849910876175281,0.06303881825983515,False,True,0,1,0,0,21.74349385601387,0,433.6191905335572,0.0,303.0,226.0
570,6288,2022-08-07,Milwaukee Brewers,Cincinnati Reds,0,-270.0,240.0,0.7297297297297297,0.2941176470588235,0.9145542015526535,0.0854457984473461,0.18482447182292383,-0.2086718486114774,True,False,0,1,0,0,21.68095952667786,0,411.93823100687933,0.0,303.0,227.0
571,5841,2022-07-03,Minnesota Twins,Baltimore Orioles,0,-164.0,152.0,0.6212121212121212,0.3968253968253968,0.7690418278054905,0.2309581721945094,0.14782970659336925,-0.1658672246308874,True,False,0,1,0,0,21.68095952667786,0,390.2572714802015,0.0,303.0,228.0
572,8286,2023-05-16,Colorado Rockies,Cincinnati Reds,0,-125.0,115.0,0.5555555555555556,0.4651162790697674,0.5905673530069498,0.4094326469930502,0.035011797451394266,-0.05568363207671717,True,False,0,1,0,0,21.68095952667786,0,368.57631195352366,0.0,303.0,229.0
573,4807,2022-04-20,Oakland Athletics,Baltimore Orioles,0,-127.0,117.0,0.5594713656387665,0.4608294930875576,0.7997825009876409,0.2002174990123583,0.24031113534887438,-0.2606119940751993,True,False,0,1,0,0,21.68095952667786,0,346.8953524268458,0.0,303.0,230.0
574,6784,2022-09-13,Cleveland Guardians,Los Angeles Angels,1,-127.0,117.0,0.5594713656387665,0.4608294930875576,0.645300981219762,0.3546990187802379,0.08582961558099544,-0.1061304743073197,True,False,1,0,0,0,21.68095952667786,0,363.9669741013953,17.071621674549498,304.0,230.0
575,6376,2022-08-14,Tampa Bay Rays,Baltimore Orioles,1,-161.0,148.0,0.6168582375478927,0.4032258064516129,0.6888261852214969,0.3111738147785031,0.07196794767360415,-0.09205199167310979,True,False,1,0,0,0,18.198348705069765,0,375.27029627845724,11.303322177061965,305.0,230.0
576,5957,2022-07-11,Colorado Rockies,San Diego Padres,0,129.0,-139.0,0.4366812227074236,0.5815899581589958,0.2219989882287469,0.778001011771253,-0.2146822344786767,0.1964110536122572,False,True,1,0,0,0,18.198348705069765,0,388.3626334763492,13.092337197891917,306.0,230.0
577,946,2020-09-02,Milwaukee Brewers,Detroit Tigers,1,-156.0,145.0,0.609375,0.4081632653061224,0.629766592429024,0.370233407570976,0.020391592429023997,-0.0379298577351464,True,False,1,0,0,0,18.198348705069765,0,400.02824162062467,11.665608144275492,307.0,230.0
578,8621,2023-06-10,Tampa Bay Rays,Texas Rangers,0,-110.0,100.0,0.5238095238095238,0.5,0.4258929768325104,0.5741070231674896,-0.09791654697701346,0.07410702316748963,False,True,1,0,0,0,18.198348705069765,0,418.2265903256944,18.198348705069765,308.0,230.0
579,2071,2021-04-21,San Diego Padres,Milwaukee Brewers,0,-196.0,179.0,0.6621621621621622,0.3584229390681003,0.684856745167379,0.3151432548326211,0.022694583005216873,-0.04327968423547918,True,False,0,1,0,0,18.198348705069765,0,400.02824162062467,0.0,308.0,231.0
580,466,2020-08-01,Los Angeles Angels,Houston Astros,1,144.0,-156.0,0.4098360655737705,0.609375,0.1463988039055611,0.8536011960944392,-0.2634372616682094,0.24422619609443919,False,True,0,1,0,0,20.001412081031233,0,380.02682953959345,0.0,308.0,232.0
581,972,2020-09-04,Tampa Bay Rays,Miami Marlins,1,-127.0,116.0,0.5594713656387665,0.4629629629629629,0.6548249265197952,0.3451750734802047,0.09535356088102864,-0.1177878894827582,True,False,1,0,0,0,20.001412081031233,0,395.7759729104842,15.749143370890735,309.0,232.0
582,2866,2021-06-18,Colorado Rockies,Milwaukee Brewers,1,166.0,-179.0,0.3759398496240601,0.6415770609318996,0.1836648120915193,0.8163351879084807,-0.19227503753254077,0.1747581269765811,False,True,0,1,0,0,20.001412081031233,0,375.774560829453,0.0,309.0,233.0
583,6808,2022-09-14,Minnesota Twins,Kansas City Royals,1,-192.0,176.0,0.6575342465753424,0.3623188405797101,0.8472064299773722,0.1527935700226277,0.18967218340202974,-0.2095252705570824,True,False,1,0,0,0,20.001412081031233,0,386.19196295499006,10.417402125537102,310.0,233.0
584,4916,2022-04-28,Minnesota Twins,Detroit Tigers,1,-135.0,125.0,0.574468085106383,0.4444444444444444,0.7327634863201187,0.2672365136798812,0.15829540121373564,-0.1772079307645632,True,False,1,0,0,0,20.001412081031233,0,401.0078237557539,14.815860800763875,311.0,233.0
585,3675,2021-08-18,Kansas City Royals,Houston Astros,1,148.0,-161.0,0.4032258064516129,0.6168582375478927,0.1604245142794208,0.8395754857205792,-0.24280129217219207,0.22271724817268646,False,True,0,1,0,0,20.050391187787696,0,380.95743256796624,0.0,311.0,234.0
586,6280,2022-08-06,Arizona Diamondbacks,Colorado Rockies,0,-164.0,152.0,0.6212121212121212,0.3968253968253968,0.7657599700945327,0.2342400299054673,0.14454784888241146,-0.1625853669199295,True,False,0,1,0,0,20.050391187787696,0,360.90704138017855,0.0,311.0,235.0
587,1166,2020-09-17,New York Yankees,Toronto Blue Jays,1,-192.0,175.0,0.6575342465753424,0.3636363636363636,0.8104731971593768,0.1895268028406231,0.1529389505840344,-0.1741095607957405,True,False,1,0,0,0,20.050391187787696,0,371.3499534571513,10.442912076972759,312.0,235.0
588,5806,2022-07-01,Pittsburgh Pirates,Milwaukee Brewers,0,175.0,-189.0,0.3636363636363636,0.6539792387543253,0.149966525525577,0.8500334744744229,-0.2136698381107866,0.1960542357200976,False,True,1,0,0,0,20.050391187787696,0,381.9586260432823,10.608672586131055,313.0,235.0
589,2151,2021-04-27,Milwaukee Brewers,Miami Marlins,1,-154.0,142.0,0.6062992125984252,0.4132231404958678,0.6951808904837276,0.3048191095162724,0.08888167788530232,-0.10840403097959539,True,False,1,0,0,0,20.050391187787696,0,394.9783605808068,13.019734537524478,314.0,235.0
590,3188,2021-07-11,Minnesota Twins,Detroit Tigers,1,-213.0,196.0,0.6805111821086262,0.3378378378378378,0.8055781765628952,0.1944218234371046,0.12506699445426905,-0.14341601440073318,True,False,1,0,0,0,19.74891802904034,0,404.25015308270366,9.271792501896874,315.0,235.0
591,5936,2022-07-10,Cincinnati Reds,Tampa Bay Rays,1,131.0,-143.0,0.4329004329004329,0.588477366255144,0.2168020628441898,0.7831979371558103,-0.2160983700562431,0.1947205709006663,False,True,0,1,0,0,19.74891802904034,0,384.5012350536633,0.0,315.0,236.0
592,6307,2022-08-09,Philadelphia Phillies,Miami Marlins,1,-227.0,205.0,0.6941896024464832,0.3278688524590163,0.8612207964817886,0.1387792035182115,0.16703119403530542,-0.18908964894080482,True,False,1,0,0,0,19.74891802904034,0,393.2011989431084,8.699963889445083,316.0,236.0
593,6603,2022-08-30,Arizona Diamondbacks,Philadelphia Phillies,1,124.0,-133.0,0.4464285714285714,0.5708154506437768,0.2978902315446623,0.7021097684553378,-0.14853833988390908,0.13129431781156098,False,True,0,1,0,0,19.74891802904034,0,373.45228091406807,0.0,316.0,237.0
594,5597,2022-06-15,Boston Red Sox,Oakland Athletics,1,-192.0,175.0,0.6575342465753424,0.3636363636363636,0.8839432023908994,0.1160567976091005,0.22640895581555698,-0.2475795660272631,True,False,1,0,0,0,19.74891802904034,0,383.7381757208599,10.285894806791845,317.0,237.0
595,2735,2021-06-09,Oakland Athletics,Arizona Diamondbacks,1,-200.0,182.0,0.6666666666666666,0.3546099290780142,0.8816420603069135,0.1183579396930865,0.21497539364024687,-0.2362519893849277,True,False,1,0,0,0,19.186908786042995,0,393.3316301138814,9.593454393021497,318.0,237.0
596,8154,2023-05-06,Los Angeles Angels,Texas Rangers,0,-115.0,105.0,0.5348837209302325,0.4878048780487805,0.4203966585414577,0.5796033414585419,-0.11448706238877482,0.09179846340976139,False,True,1,0,0,0,19.186908786042995,0,413.47788433922653,20.146254225345146,319.0,237.0
597,6843,2022-09-17,Tampa Bay Rays,Texas Rangers,1,-135.0,125.0,0.574468085106383,0.4444444444444444,0.6793460897423758,0.3206539102576241,0.10487800463599273,-0.12379053418682034,True,False,1,0,0,0,19.186908786042995,0,427.69040936592506,14.212525026698515,320.0,237.0
598,6256,2022-08-05,New York Mets,Atlanta Braves,0,-130.0,119.0,0.5652173913043478,0.45662100456621,0.5512917840081967,0.4487082159918034,-0.01392560729615111,-0.007912788574406637,False,False,0,0,0,0,0.0,0,427.69040936592506,0.0,320.0,237.0
599,7043,2022-10-02,New York Yankees,Baltimore Orioles,0,-152.0,140.0,0.6031746031746031,0.4166666666666667,0.7337295937708695,0.2662704062291305,0.1305549905962664,-0.15039626043753618,True,False,0,1,0,0,19.186908786042995,0,408.5035005798821,0.0,320.0,238.0
600,992,2020-09-05,Atlanta Braves,Washington Nationals,0,-227.0,208.0,0.6941896024464832,0.3246753246753247,0.9068325513201888,0.0931674486798112,0.2126429488737056,-0.23150787599551348,True,False,0,1,0,0,20.425175028994104,0,388.078325550888,0.0,320.0,239.0
601,2328,2021-05-10,Baltimore Orioles,Boston Red Sox,1,123.0,-133.0,0.4484304932735426,0.5708154506437768,0.246328412292637,0.753671587707363,-0.20210208098090562,0.18285613706358617,False,True,0,1,0,0,20.425175028994104,0,367.6531505218939,0.0,320.0,240.0
602,5421,2022-06-02,Los Angeles Dodgers,New York Mets,1,-164.0,152.0,0.6212121212121212,0.3968253968253968,0.6597815212594959,0.3402184787405043,0.038569400047374636,-0.05660691808489249,True,False,1,0,0,0,20.425175028994104,0,380.10752553957326,12.454375017679332,321.0,240.0
603,8261,2023-05-14,Arizona Diamondbacks,San Francisco Giants,1,130.0,-141.0,0.4347826086956521,0.5850622406639004,0.414277992202042,0.5857220077979581,-0.02050461649361013,0.0006597671340576872,False,False,0,0,0,0,0.0,0,380.10752553957326,0.0,321.0,240.0
604,3767,2021-08-25,Miami Marlins,Washington Nationals,1,101.0,-111.0,0.4975124378109453,0.5260663507109005,0.4989219475723151,0.5010780524276849,0.0014095097613698315,-0.024988298283215582,False,False,0,0,0,0,0.0,0,380.10752553957326,0.0,321.0,240.0
605,2906,2021-06-21,Baltimore Orioles,Houston Astros,0,150.0,-164.0,0.4,0.6212121212121212,0.1348182750331067,0.865181724966893,-0.2651817249668933,0.24396960375477184,False,True,1,0,0,0,19.005376276978662,0,391.69616961090173,11.588644071328453,322.0,240.0
606,2795,2021-06-13,Boston Red Sox,Toronto Blue Jays,0,103.0,-112.0,0.4926108374384236,0.5283018867924528,0.4409495602844109,0.559050439715589,-0.0516612771540127,0.030748552923136163,False,True,1,0,0,0,19.005376276978662,0,408.66525557248985,16.969085961588092,323.0,240.0
607,5568,2022-06-13,Texas Rangers,Houston Astros,1,145.0,-156.0,0.4081632653061224,0.609375,0.2204016920107218,0.779598307989278,-0.1877615732954006,0.17022330798927798,False,True,0,1,0,0,19.005376276978662,0,389.6598792955112,0.0,323.0,241.0
608,6374,2022-08-14,Toronto Blue Jays,Cleveland Guardians,0,-133.0,124.0,0.5708154506437768,0.4464285714285714,0.6025370097816478,0.397462990218352,0.031721559137871,-0.04896558121021938,True,False,0,1,0,0,19.005376276978662,0,370.6545030185325,0.0,323.0,242.0
609,6270,2022-08-06,Baltimore Orioles,Pittsburgh Pirates,1,-147.0,137.0,0.5951417004048583,0.4219409282700422,0.7725152334985148,0.2274847665014851,0.17737353309365655,-0.1944561617685571,True,False,1,0,0,0,19.005376276978662,0,383.5833304178377,12.928827399305211,324.0,242.0
610,2508,2021-05-23,Atlanta Braves,Pittsburgh Pirates,1,-182.0,167.0,0.6453900709219859,0.3745318352059925,0.837117276886749,0.1628827231132511,0.19172720596476311,-0.21164911209274137,True,False,1,0,0,0,19.179166520891886,0,394.1213340007453,10.538003582907631,325.0,242.0
611,6678,2022-09-05,Colorado Rockies,Milwaukee Brewers,0,117.0,-127.0,0.4608294930875576,0.5594713656387665,0.2725095116099099,0.7274904883900901,-0.18831998147764772,0.16801912275132358,False,True,1,0,0,0,19.179166520891886,0,409.2230399227074,15.101705921962116,326.0,242.0
612,2670,2021-06-03,San Diego Padres,New York Mets,1,-175.0,160.0,0.6363636363636364,0.3846153846153846,0.7439112075291142,0.2560887924708858,0.10754757116547786,-0.1285265921444988,True,False,1,0,0,0,19.179166520891886,0,420.18256364893136,10.959523726223935,327.0,242.0
613,2368,2021-05-13,Pittsburgh Pirates,San Francisco Giants,0,139.0,-149.0,0.4184100418410041,0.5983935742971888,0.1829981665795965,0.8170018334204034,-0.2354118752614076,0.2186082591232147,False,True,1,0,0,0,19.179166520891886,0,433.0544874884561,12.871923839524756,328.0,242.0
614,2224,2021-05-02,Oakland Athletics,Baltimore Orioles,1,-196.0,179.0,0.6621621621621622,0.3584229390681003,0.7765826301157014,0.2234173698842985,0.11442046795353922,-0.1350055691838018,True,False,1,0,0,0,19.179166520891886,0,442.8397765297275,9.785289041271371,329.0,242.0
615,8342,2023-05-21,Cincinnati Reds,New York Yankees,0,134.0,-145.0,0.4273504273504273,0.5918367346938775,0.2056636219396505,0.7943363780603493,-0.2216868054107768,0.20249964336647175,False,True,1,0,0,0,22.141988826486376,0,458.11011365144225,15.270337121714743,330.0,242.0
616,5108,2022-05-11,Minnesota Twins,Houston Astros,0,108.0,-118.0,0.4807692307692308,0.5412844036697247,0.341280827714135,0.6587191722858652,-0.1394884030550958,0.11743476861614044,False,True,1,0,0,0,22.141988826486376,0,476.8745109620239,18.764397310581675,331.0,242.0
617,5908,2022-07-08,Atlanta Braves,Washington Nationals,1,-270.0,241.0,0.7297297297297297,0.2932551319648094,0.9400791257522608,0.0599208742477391,0.2103493960225311,-0.2333342577170703,True,False,1,0,0,0,22.141988826486376,0,485.07524756442626,8.200736602402362,332.0,242.0
618,8379,2023-05-23,Chicago Cubs,New York Mets,1,-109.0,-101.0,0.5215311004784688,0.5024875621890548,0.5295713452093519,0.470428654790648,0.00804024473088305,-0.03205890739840678,False,False,0,0,0,0,0.0,0,485.07524756442626,0.0,332.0,242.0
619,607,2020-08-10,Colorado Rockies,Arizona Diamondbacks,0,-130.0,120.0,0.5652173913043478,0.4545454545454545,0.8230156004614552,0.176984399538545,0.2577982091571074,-0.2775610550069095,True,False,0,1,0,0,22.141988826486376,0,462.93325873793987,0.0,332.0,243.0
620,5321,2022-05-27,New York Mets,Philadelphia Phillies,1,-135.0,125.0,0.574468085106383,0.4444444444444444,0.6652288980103008,0.3347711019896992,0.0907608129039178,-0.10967334245474519,True,False,1,0,0,0,23.146662936896995,0,480.0789349874932,17.14567624955333,333.0,243.0
621,6493,2022-08-22,Tampa Bay Rays,Los Angeles Angels,1,-204.0,188.0,0.6710526315789473,0.3472222222222222,0.8359117097365316,0.1640882902634684,0.16485907815758427,-0.1831339319587538,True,False,1,0,0,0,23.146662936896995,0,491.4253383879329,11.346403400439703,334.0,243.0
622,8300,2023-05-17,Boston Red Sox,Seattle Mariners,1,-120.0,110.0,0.5454545454545454,0.4761904761904761,0.4732960077760682,0.5267039922239318,-0.07215853767847724,0.05051351603345572,False,True,0,1,0,0,23.146662936896995,0,468.27867545103595,0.0,334.0,244.0
623,6540,2022-08-26,Toronto Blue Jays,Los Angeles Angels,0,-185.0,169.0,0.6491228070175439,0.3717472118959107,0.8194693897619445,0.1805306102380555,0.17034658274440062,-0.1912166016578552,True,False,0,1,0,0,23.146662936896995,0,445.132012514139,0.0,334.0,245.0
624,6872,2022-09-19,Atlanta Braves,Washington Nationals,1,-325.0,287.0,0.7647058823529411,0.2583979328165374,0.959658922486988,0.0403410775130118,0.1949530401340469,-0.2180568553035256,True,False,1,0,0,0,23.146662936896995,0,452.25406264856883,7.122050134429845,335.0,245.0
625,3757,2021-08-25,Houston Astros,Kansas City Royals,1,-217.0,200.0,0.6845425867507886,0.3333333333333333,0.8877077818654867,0.1122922181345133,0.2031651951146981,-0.22104111519882003,True,False,1,0,0,0,22.612703132428443,0,462.6746631704253,10.420600521856425,336.0,245.0
626,7100,2022-10-05,Houston Astros,Philadelphia Phillies,1,-173.0,159.0,0.6336996336996337,0.3861003861003861,0.7449508339575679,0.2550491660424321,0.11125120025793422,-0.131051220057954,True,False,1,0,0,0,22.612703132428443,0,475.7455898365689,13.07092666614361,337.0,245.0
627,5361,2022-05-29,Arizona Diamondbacks,Los Angeles Dodgers,0,188.0,-204.0,0.3472222222222222,0.6710526315789473,0.0839372447518683,0.9160627552481316,-0.2632849774703539,0.2450101236691843,False,True,1,0,0,0,22.612703132428443,0,486.83024823481816,11.084658398249235,338.0,245.0
628,2628,2021-05-31,Atlanta Braves,Washington Nationals,1,-169.0,157.0,0.6282527881040892,0.3891050583657587,0.7493753983119477,0.2506246016880522,0.12112261020785842,-0.13848045667770653,True,False,1,0,0,0,22.612703132428443,0,500.21054594631426,13.380297711496121,339.0,245.0
629,7028,2022-10-01,Chicago Cubs,Cincinnati Reds,1,-133.0,123.0,0.5708154506437768,0.4484304932735426,0.6860612036849286,0.3139387963150714,0.11524575304115181,-0.13449169695847124,True,False,1,0,0,0,22.612703132428443,0,517.2125783767116,17.002032430397325,340.0,245.0
630,5854,2022-07-04,Milwaukee Brewers,Chicago Cubs,1,-147.0,137.0,0.5951417004048583,0.4219409282700422,0.7677209771979123,0.2322790228020877,0.17257927679305407,-0.1896619054679545,True,False,1,0,0,0,25.86062891883558,0,534.804842947348,17.59226457063645,341.0,245.0
631,8212,2023-05-11,Cincinnati Reds,New York Mets,1,170.0,-185.0,0.3703703703703703,0.6491228070175439,0.2008500377771353,0.7991499622228647,-0.16952033259323498,0.15002715520532084,False,True,0,1,0,0,25.86062891883558,0,508.9442140285124,0.0,341.0,246.0
632,3518,2021-08-07,Cincinnati Reds,Pittsburgh Pirates,1,-175.0,160.0,0.6363636363636364,0.3846153846153846,0.8318492818574107,0.1681507181425892,0.19548564549377434,-0.2164646664727954,True,False,1,0,0,0,25.86062891883558,0,523.721716267847,14.777502239334616,342.0,246.0
633,2044,2021-04-19,Seattle Mariners,Los Angeles Dodgers,1,170.0,-185.0,0.3703703703703703,0.6491228070175439,0.0934514410845775,0.9065485589154229,-0.2769189292857928,0.257425751897879,False,True,0,1,0,0,25.86062891883558,0,497.8610873490114,0.0,342.0,247.0
634,943,2020-09-02,Philadelphia Phillies,Washington Nationals,1,108.0,-118.0,0.4807692307692308,0.5412844036697247,0.5025959622328011,0.4974040377671987,0.021826731463570337,-0.04388036590252603,True,False,1,0,0,0,25.86062891883558,0,525.7905665813538,27.929479232342427,343.0,247.0
635,4822,2022-04-21,Oakland Athletics,Baltimore Orioles,1,-130.0,120.0,0.5652173913043478,0.4545454545454545,0.7660231293597158,0.2339768706402832,0.20080573805536805,-0.22056858390517128,True,False,1,0,0,0,26.289528329067693,0,546.0132806806366,20.222714099282843,344.0,247.0
636,2734,2021-06-09,Texas Rangers,San Francisco Giants,1,-105.0,-105.0,0.5121951219512195,0.5121951219512195,0.2915072190604419,0.7084927809395581,-0.2206879028907776,0.19629765898833862,False,True,0,1,0,0,26.289528329067693,0,519.7237523515689,0.0,344.0,248.0
637,5696,2022-06-22,Oakland Athletics,Seattle Mariners,0,122.0,-132.0,0.4504504504504504,0.5689655172413793,0.3313020197010062,0.6686979802989939,-0.1191484307494442,0.09973246305761452,False,True,1,0,0,0,26.289528329067693,0,539.6400616917717,19.916309340202798,345.0,248.0
638,3564,2021-08-11,Houston Astros,Colorado Rockies,1,-233.0,210.0,0.6996996996996997,0.3225806451612903,0.8885118230943407,0.1114881769056593,0.18881212339464104,-0.211092468255631,True,False,1,0,0,0,26.289528329067693,0,550.9231210604703,11.28305936869858,346.0,248.0
639,5276,2022-05-23,Arizona Diamondbacks,Kansas City Royals,1,-108.0,-102.0,0.5192307692307693,0.504950495049505,0.634654209294579,0.3653457907054209,0.11542344006380978,-0.13960470434408406,True,False,1,0,0,0,26.289528329067693,0,575.2652769207182,24.342155860247864,347.0,248.0
640,8578,2023-06-07,Cincinnati Reds,Los Angeles Dodgers,1,147.0,-159.0,0.4048582995951417,0.6138996138996139,0.1948465486219728,0.8051534513780273,-0.2100117509731689,0.1912538374784134,False,True,0,1,0,0,28.763263846035912,0,546.5020130746823,0.0,347.0,249.0
641,1015,2020-09-07,Atlanta Braves,Miami Marlins,0,-185.0,170.0,0.6491228070175439,0.3703703703703703,0.8009784372380787,0.1990215627619213,0.15185563022053483,-0.171348807608449,True,False,0,1,0,0,28.763263846035912,0,517.7387492286464,0.0,347.0,250.0
642,8233,2023-05-13,New York Yankees,Tampa Bay Rays,1,121.0,-131.0,0.4524886877828054,0.5670995670995671,0.175679212694095,0.8243207873059046,-0.27680947508871034,0.25722122020633753,False,True,0,1,0,0,28.763263846035912,0,488.9754853826105,0.0,347.0,251.0
643,2619,2021-05-31,New York Yankees,Tampa Bay Rays,0,-109.0,-101.0,0.5215311004784688,0.5024875621890548,0.3863657909796161,0.6136342090203839,-0.13516530949885275,0.11114664683132913,False,True,1,0,0,0,28.763263846035912,0,517.4539644380916,28.4784790554811,348.0,251.0
644,6140,2022-07-27,Boston Red Sox,Cleveland Guardians,0,-123.0,113.0,0.5515695067264574,0.4694835680751174,0.5295691449790313,0.4704308550209687,-0.022000361747426145,0.0009472869458513333,False,False,0,0,0,0,0.0,0,517.4539644380916,0.0,348.0,251.0
645,8563,2023-06-06,Cleveland Guardians,Boston Red Sox,0,-116.0,106.0,0.5370370370370371,0.4854368932038835,0.5117316817472658,0.4882683182527342,-0.025305355289771292,0.0028314250488507,False,False,0,0,0,0,0.0,0,517.4539644380916,0.0,348.0,251.0
646,6267,2022-08-06,Chicago Cubs,Miami Marlins,1,-109.0,-101.0,0.5215311004784688,0.5024875621890548,0.4785693944685908,0.5214306055314093,-0.04296170600987803,0.018943043342354526,False,True,0,1,0,0,25.87269822190458,0,491.58126621618703,0.0,348.0,252.0
647,4720,2022-04-14,Pittsburgh Pirates,Washington Nationals,1,-123.0,113.0,0.5515695067264574,0.4694835680751174,0.6471956993032202,0.3528043006967798,0.09562619257676275,-0.11667926737833756,True,False,1,0,0,0,25.87269822190458,0,512.6159802177355,21.03471400154844,349.0,252.0
648,5296,2022-05-25,Minnesota Twins,Detroit Tigers,0,-179.0,166.0,0.6415770609318996,0.3759398496240601,0.8638106586177189,0.1361893413822811,0.2222335976858193,-0.239750508241779,True,False,0,1,0,0,25.87269822190458,0,486.7432819958309,0.0,349.0,253.0
649,4149,2021-09-22,Arizona Diamondbacks,Atlanta Braves,0,158.0,-172.0,0.3875968992248062,0.6323529411764706,0.1455243857579341,0.8544756142420658,-0.2420725134668721,0.2221226730655952,False,True,1,0,0,0,25.87269822190458,0,501.78554840391496,15.04226640808406,350.0,253.0
650,760,2020-08-21,Tampa Bay Rays,Toronto Blue Jays,0,-145.0,134.0,0.5918367346938775,0.4273504273504273,0.6822983202815291,0.3177016797184708,0.0904615855876516,-0.10964874763195648,True,False,0,1,0,0,25.08927742019575,0,476.6962709837192,0.0,350.0,254.0
651,5517,2022-06-10,New York Yankees,Chicago Cubs,1,-256.0,227.0,0.7191011235955056,0.3058103975535168,0.916265927437064,0.0837340725629358,0.19716480384155843,-0.222076324990581,True,False,1,0,0,0,25.08927742019575,0,486.49676997598317,9.800498992263964,351.0,254.0
652,6867,2022-09-19,Cleveland Guardians,Minnesota Twins,1,-111.0,101.0,0.5260663507109005,0.4975124378109453,0.5148860823058812,0.4851139176941188,-0.011180268405019289,-0.012398520116826461,False,False,0,0,0,0,0.0,0,486.49676997598317,0.0,351.0,254.0
653,2218,2021-05-02,Cincinnati Reds,Chicago Cubs,1,-141.0,130.0,0.5850622406639004,0.4347826086956521,0.6785040953840239,0.321495904615976,0.09344185472012345,-0.11328670407967611,True,False,1,0,0,0,25.08927742019575,0,504.2905837491717,17.793813773188475,352.0,254.0
654,2868,2021-06-18,Arizona Diamondbacks,Los Angeles Dodgers,0,205.0,-227.0,0.3278688524590163,0.6941896024464832,0.0771317292660512,0.9228682707339486,-0.2507371231929651,0.22867866828746541,False,True,1,0,0,0,25.08927742019575,0,515.3431288682007,11.052545119028965,353.0,254.0
655,5520,2022-06-10,Detroit Tigers,Toronto Blue Jays,0,190.0,-208.0,0.3448275862068966,0.6753246753246753,0.1456588558846686,0.854341144115331,-0.19916873032222798,0.1790164687906557,False,True,1,0,0,0,25.767156443410034,0,527.7311848506093,12.388055982408671,354.0,254.0
656,4930,2022-04-29,Texas Rangers,Atlanta Braves,0,130.0,-141.0,0.4347826086956521,0.5850622406639004,0.3554744896542297,0.6445255103457702,-0.07930811904142243,0.05946326968186977,False,True,1,0,0,0,25.767156443410034,0,546.0057638884888,18.27457903787946,355.0,254.0
657,7075,2022-10-04,Cleveland Guardians,Kansas City Royals,1,-174.0,160.0,0.635036496350365,0.3846153846153846,0.8229870857643289,0.1770129142356711,0.18795058941396392,-0.2076024703797135,True,False,1,0,0,0,25.767156443410034,0,560.8144744881497,14.808710599660937,356.0,254.0
658,809,2020-08-24,Texas Rangers,Oakland Athletics,1,128.0,-137.0,0.4385964912280701,0.5780590717299579,0.141339895394474,0.8586601046055259,-0.2972565958335961,0.28060103287556803,False,True,0,1,0,0,25.767156443410034,0,535.0473180447397,0.0,356.0,255.0
659,6516,2022-08-24,Colorado Rockies,Texas Rangers,0,117.0,-127.0,0.4608294930875576,0.5594713656387665,0.3171960524550417,0.6828039475449583,-0.14363344063251593,0.12333258190619178,False,True,1,0,0,0,25.767156443410034,0,555.3364176064798,20.289099561740187,357.0,255.0
660,8210,2023-05-10,Minnesota Twins,San Diego Padres,1,-127.0,117.0,0.5594713656387665,0.4608294930875576,0.5956160840006725,0.4043839159993275,0.036144718361905914,-0.056445577088230114,True,False,1,0,0,0,27.76682088032399,0,577.2000560949239,21.86363848844409,358.0,255.0
661,8340,2023-05-20,San Diego Padres,Boston Red Sox,0,-125.0,115.0,0.5555555555555556,0.4651162790697674,0.5253587771889778,0.4746412228110221,-0.030196778366577748,0.009524943741254732,False,False,0,0,0,0,0.0,0,577.2000560949239,0.0,358.0,255.0
662,8489,2023-05-31,Toronto Blue Jays,Milwaukee Brewers,0,-183.0,168.0,0.6466431095406361,0.373134328358209,0.7755435731407279,0.2244564268592721,0.12890046360009177,-0.14867790149893687,True,False,0,1,0,0,27.76682088032399,0,549.4332352145999,0.0,358.0,256.0
663,6005,2022-07-15,Washington Nationals,Atlanta Braves,0,157.0,-172.0,0.3891050583657587,0.6323529411764706,0.1298198495992365,0.8701801504007634,-0.25928520876652217,0.2378272092242928,False,True,1,0,0,0,27.76682088032399,0,565.5767357264161,16.143500511816274,359.0,256.0
664,8456,2023-05-29,Detroit Tigers,Texas Rangers,0,154.0,-167.0,0.3937007874015748,0.6254681647940075,0.1235767297525762,0.8764232702474242,-0.2701240576489986,0.2509551054534167,False,True,1,0,0,0,27.76682088032399,0,582.2035745769095,16.626838850493407,360.0,256.0
665,1078,2020-09-11,Milwaukee Brewers,Chicago Cubs,1,-152.0,139.0,0.6031746031746031,0.4184100418410041,0.5702485144926399,0.42975148550736,-0.03292608868196323,0.011341443666355866,False,True,0,1,0,0,29.11017872884548,0,553.0933958480641,0.0,360.0,257.0
666,4908,2022-04-27,Los Angeles Angels,Cleveland Guardians,1,-196.0,179.0,0.6621621621621622,0.3584229390681003,0.8151882620807148,0.1848117379192852,0.15302609991855265,-0.1736112011488151,True,False,1,0,0,0,29.11017872884548,0,567.9455278525771,14.852132004513,361.0,257.0
667,5605,2022-06-16,Toronto Blue Jays,Baltimore Orioles,0,-244.0,220.0,0.7093023255813954,0.3125,0.8988467385199578,0.1011532614800424,0.1895444129385624,-0.2113467385199576,True,False,0,1,0,0,29.11017872884548,0,538.8353491237317,0.0,361.0,258.0
668,8079,2023-05-01,Washington Nationals,Chicago Cubs,0,126.0,-136.0,0.4424778761061947,0.576271186440678,0.2217070364295099,0.7782929635704902,-0.22077083967668482,0.20202177712981217,False,True,1,0,0,0,29.11017872884548,0,560.2398923067063,21.404543182974617,362.0,258.0
669,2656,2021-06-02,Seattle Mariners,Oakland Athletics,0,131.0,-143.0,0.4329004329004329,0.588477366255144,0.266770587300912,0.7332294126990879,-0.16612984559952088,0.1447520464439439,False,True,1,0,0,0,29.11017872884548,0,580.5966606485563,20.356768341849985,363.0,258.0
670,2483,2021-05-21,Los Angeles Angels,Oakland Athletics,0,103.0,-112.0,0.4926108374384236,0.5283018867924528,0.3318745908231837,0.6681254091768162,-0.16073624661523989,0.13982352238436335,False,True,1,0,0,0,29.029833032427817,0,606.5161544275097,25.91949377895341,364.0,258.0
671,8228,2023-05-12,Milwaukee Brewers,Kansas City Royals,1,-217.0,197.0,0.6845425867507886,0.3367003367003367,0.911168974884622,0.0888310251153778,0.2266263881338334,-0.24786931158495892,True,False,1,0,0,0,29.029833032427817,0,619.8939576682599,13.377803240750145,365.0,258.0
672,8506,2023-06-02,New York Mets,Toronto Blue Jays,0,-132.0,122.0,0.5689655172413793,0.4504504504504504,0.5525267010513887,0.4474732989486114,-0.016438816189990657,-0.002977151501839026,False,False,0,0,0,0,0.0,0,619.8939576682599,0.0,365.0,258.0
673,6568,2022-08-28,Washington Nationals,Cincinnati Reds,1,112.0,-122.0,0.4716981132075472,0.5495495495495496,0.3824746842901746,0.6175253157098253,-0.08922342891737256,0.06797576616027567,False,True,0,1,0,0,29.029833032427817,0,590.864124635832,0.0,365.0,259.0
674,2690,2021-06-05,Texas Rangers,Tampa Bay Rays,0,144.0,-156.0,0.4098360655737705,0.609375,0.1806786599829606,0.8193213400170393,-0.2291574055908099,0.20994634001703927,False,True,1,0,0,0,29.029833032427817,0,609.4729919643114,18.60886732847937,366.0,259.0
675,6684,2022-09-05,Los Angeles Angels,Detroit Tigers,1,-175.0,161.0,0.6363636363636364,0.3831417624521073,0.8070430582750395,0.1929569417249605,0.17067942191140317,-0.1901848207271468,True,False,1,0,0,0,30.473649598215573,0,626.8865060204346,17.413514056123184,367.0,259.0
676,3910,2021-09-05,Toronto Blue Jays,Oakland Athletics,1,-208.0,190.0,0.6753246753246753,0.3448275862068966,0.7921430413094831,0.2078569586905169,0.11681836598480777,-0.13697062751637967,True,False,1,0,0,0,30.473649598215573,0,641.5372990964997,14.65079307606518,368.0,259.0
677,8103,2023-05-03,Houston Astros,San Francisco Giants,0,-162.0,149.0,0.6183206106870229,0.4016064257028112,0.8047480008124415,0.1952519991875586,0.18642739012541854,-0.2063544265152526,True,False,0,1,0,0,30.473649598215573,0,611.0636494982841,0.0,368.0,260.0
678,5262,2022-05-22,Chicago Cubs,Arizona Diamondbacks,1,-123.0,113.0,0.5515695067264574,0.4694835680751174,0.5848604958195908,0.4151395041804092,0.03329098909313333,-0.054344063894708194,True,False,1,0,0,0,30.473649598215573,0,635.8389743748821,24.775324876598027,369.0,260.0
679,2226,2021-05-02,Seattle Mariners,Los Angeles Angels,1,127.0,-137.0,0.4405286343612334,0.5780590717299579,0.3836775126010698,0.6163224873989301,-0.0568511217601636,0.03826341566897229,False,True,0,1,0,0,30.473649598215573,0,605.3653247766665,0.0,369.0,261.0
680,6146,2022-07-28,Toronto Blue Jays,Detroit Tigers,1,-213.0,194.0,0.6805111821086262,0.3401360544217687,0.8782714200000286,0.1217285799999713,0.1977602378914024,-0.2184074744217974,True,False,1,0,0,0,30.268266238833327,0,619.5757784099216,14.210453633255083,370.0,261.0
681,6546,2022-08-26,Minnesota Twins,San Francisco Giants,1,-130.0,120.0,0.5652173913043478,0.4545454545454545,0.597493530321166,0.4025064696788338,0.03227613901681825,-0.052038984866620674,True,False,1,0,0,0,30.268266238833327,0,642.859060132101,23.283281722179485,371.0,261.0
682,6944,2022-09-24,Kansas City Royals,Seattle Mariners,0,152.0,-165.0,0.3968253968253968,0.6226415094339622,0.1876683441114181,0.8123316558885817,-0.2091570527139787,0.18969014645461946,False,True,1,0,0,0,30.268266238833327,0,661.2034639132121,18.344403781111108,372.0,261.0
683,3429,2021-07-31,San Diego Padres,Colorado Rockies,0,-189.0,175.0,0.6539792387543253,0.3636363636363636,0.8377211150436107,0.1622788849563892,0.1837418762892854,-0.2013574786799744,True,False,0,1,0,0,30.268266238833327,0,630.9351976743787,0.0,372.0,262.0
684,8315,2023-05-19,Washington Nationals,Detroit Tigers,0,-104.0,-106.0,0.5098039215686274,0.5145631067961165,0.5255762416825009,0.4744237583174991,0.015772320113873528,-0.04013934847861739,True,False,0,1,0,0,30.268266238833327,0,600.6669314355454,0.0,372.0,263.0
685,6955,2022-09-25,Cincinnati Reds,Milwaukee Brewers,1,138.0,-149.0,0.4201680672268907,0.5983935742971888,0.2324100774508263,0.7675899225491737,-0.1877579897760644,0.16919634825198493,False,True,0,1,0,0,30.033346571777273,0,570.6335848637681,0.0,372.0,264.0
686,2778,2021-06-12,Cincinnati Reds,Colorado Rockies,1,-135.0,125.0,0.574468085106383,0.4444444444444444,0.6675013783124091,0.3324986216875911,0.09303329320602605,-0.11194582275685333,True,False,1,0,0,0,30.033346571777273,0,592.8805082502697,22.24692338650168,373.0,264.0
687,610,2020-08-10,Los Angeles Angels,Oakland Athletics,1,118.0,-128.0,0.4587155963302752,0.5614035087719298,0.1807886745602973,0.8192113254397029,-0.2779269217699779,0.2578078166677731,False,True,0,1,0,0,30.033346571777273,0,562.8471616784924,0.0,373.0,265.0
688,6346,2022-08-12,Tampa Bay Rays,Baltimore Orioles,0,-145.0,133.0,0.5918367346938775,0.4291845493562232,0.6401832716824813,0.3598167283175188,0.048346536988603805,-0.06936782103870437,True,False,0,1,0,0,30.033346571777273,0,532.8138151067151,0.0,373.0,266.0
689,8017,2023-04-26,Chicago Cubs,San Diego Padres,0,-106.0,-104.0,0.5145631067961165,0.5098039215686274,0.6452159516454653,0.3547840483545348,0.1306528448493488,-0.1550198732140926,True,False,0,1,0,0,30.033346571777273,0,502.7804685349378,0.0,373.0,267.0
690,534,2020-08-05,Arizona Diamondbacks,Houston Astros,1,145.0,-156.0,0.4081632653061224,0.609375,0.1027692586927031,0.8972307413072964,-0.3053940066134193,0.2878557413072964,False,True,0,1,0,0,25.139023426746892,0,477.6414451081909,0.0,373.0,268.0
691,6265,2022-08-06,New York Mets,Atlanta Braves,1,-130.0,120.0,0.5652173913043478,0.4545454545454545,0.5488825150537952,0.4511174849462048,-0.016334876250552632,-0.0034279695992496806,False,False,0,0,0,0,0.0,0,477.6414451081909,0.0,373.0,268.0
692,575,2020-08-08,Washington Nationals,Baltimore Orioles,0,-185.0,171.0,0.6491228070175439,0.3690036900369003,0.7372650976859639,0.2627349023140362,0.08814229066842005,-0.10626878772286413,True,False,0,1,0,0,25.139023426746892,0,452.502421681444,0.0,373.0,269.0
693,3680,2021-08-19,Tampa Bay Rays,Baltimore Orioles,1,-345.0,310.0,0.7752808988764045,0.2439024390243902,0.9705691135512716,0.0294308864487282,0.19528821467486712,-0.214471552575662,True,False,1,0,0,0,25.139023426746892,0,459.7890951384721,7.286673457028085,374.0,269.0
694,4010,2021-09-12,Houston Astros,Los Angeles Angels,1,-250.0,224.0,0.7142857142857143,0.3086419753086419,0.8948418282032449,0.1051581717967553,0.18055611391753057,-0.2034838035118866,True,False,1,0,0,0,25.139023426746892,0,469.8447045091708,10.055609370698757,375.0,269.0
695,6756,2022-09-11,Baltimore Orioles,Boston Red Sox,0,-123.0,113.0,0.5515695067264574,0.4694835680751174,0.5939195953346623,0.4060804046653376,0.04235008860820488,-0.06340316340977975,True,False,0,1,0,0,23.492235225458543,0,446.35246928371225,0.0,375.0,270.0
696,5293,2022-05-24,San Diego Padres,Milwaukee Brewers,0,119.0,-130.0,0.45662100456621,0.5652173913043478,0.3210575114402541,0.6789424885597458,-0.13556349312595595,0.11372509725539803,False,True,1,0,0,0,23.492235225458543,0,464.4234194571419,18.07095017342965,376.0,270.0
697,691,2020-08-16,Minnesota Twins,Kansas City Royals,1,-179.0,165.0,0.6415770609318996,0.3773584905660377,0.8312117477125378,0.1687882522874621,0.18963468678063822,-0.2085702382785756,True,False,1,0,0,0,23.492235225458543,0,477.5475732143813,13.124153757239409,377.0,270.0
698,2045,2021-04-19,San Diego Padres,Milwaukee Brewers,0,-152.0,139.0,0.6031746031746031,0.4184100418410041,0.6317258815637153,0.3682741184362846,0.0285512783891122,-0.05013592340471951,True,False,0,1,0,0,23.492235225458543,0,454.05533798892276,0.0,377.0,271.0
699,8110,2023-05-03,Boston Red Sox,Toronto Blue Jays,1,130.0,-141.0,0.4347826086956521,0.5850622406639004,0.2706741115213634,0.7293258884786366,-0.16410849717428871,0.1442636478147361,False,True,0,1,0,0,23.492235225458543,0,430.5631027634642,0.0,377.0,272.0
700,3780,2021-08-26,Oakland Athletics,New York Yankees,0,-101.0,-109.0,0.5024875621890548,0.5215311004784688,0.4228304231215031,0.5771695768784967,-0.07965713906755167,0.055638476400027836,False,True,1,0,0,0,21.52815513817321,0,450.3137038076598,19.75060104419561,378.0,272.0
701,598,2020-08-09,Seattle Mariners,Colorado Rockies,1,158.0,-172.0,0.3875968992248062,0.6323529411764706,0.04384598780136,0.9561540121986396,-0.3437509114234462,0.32380107102216904,False,True,0,1,0,0,21.52815513817321,0,428.7855486694866,0.0,378.0,273.0
702,5221,2022-05-20,Chicago Cubs,Arizona Diamondbacks,0,-137.0,128.0,0.5780590717299579,0.4385964912280701,0.6696584465650733,0.3303415534349266,0.09159937483511549,-0.10825493779314349,True,False,0,1,0,0,21.52815513817321,0,407.2573935313134,0.0,378.0,274.0
703,2020,2021-04-17,San Diego Padres,Los Angeles Dodgers,0,116.0,-127.0,0.4629629629629629,0.5594713656387665,0.1836439221708467,0.816356077829154,-0.2793190407921162,0.25688471219038744,False,True,1,0,0,0,21.52815513817321,0,424.2086967897175,16.951303258404103,379.0,274.0
704,2729,2021-06-08,Minnesota Twins,New York Yankees,0,103.0,-112.0,0.4926108374384236,0.5283018867924528,0.3681636182471828,0.6318363817528171,-0.1244472191912408,0.10353449496036427,False,True,1,0,0,0,21.52815513817321,0,443.43026387737217,19.221567087654655,380.0,274.0
705,8391,2023-05-24,Tampa Bay Rays,Toronto Blue Jays,1,-199.0,183.0,0.6655518394648829,0.3533568904593639,0.8285681605663268,0.1714318394336733,0.16301632110144382,-0.18192505102569062,True,False,1,0,0,0,22.17151319386861,0,454.57172779388907,11.141463916516887,381.0,274.0
706,839,2020-08-26,New York Mets,Miami Marlins,1,-250.0,224.0,0.7142857142857143,0.3086419753086419,0.8037329644155337,0.1962670355844662,0.08944725012981936,-0.1123749397241757,True,False,1,0,0,0,22.17151319386861,0,463.4403330714365,8.868605277547443,382.0,274.0
707,5446,2022-06-04,Cincinnati Reds,Washington Nationals,0,-132.0,121.0,0.5689655172413793,0.4524886877828054,0.6751413764943895,0.3248586235056105,0.10617585925301021,-0.12763006427719487,True,False,0,1,0,0,22.17151319386861,0,441.26881987756786,0.0,382.0,275.0
708,4866,2022-04-24,Chicago Cubs,Pittsburgh Pirates,0,-161.0,148.0,0.6168582375478927,0.4032258064516129,0.8416017776303526,0.1583982223696474,0.2247435400824599,-0.24482758408196548,True,False,0,1,0,0,22.17151319386861,0,419.09730668369923,0.0,382.0,276.0
709,5399,2022-06-01,Oakland Athletics,Houston Astros,0,196.0,-213.0,0.3378378378378378,0.6805111821086262,0.1160694330580538,0.8839305669419463,-0.221768404779784,0.20341938483332012,False,True,1,0,0,0,22.17151319386861,0,429.5064678075812,10.409161123881976,383.0,276.0
710,5868,2022-07-05,Detroit Tigers,Cleveland Guardians,1,134.0,-145.0,0.4273504273504273,0.5918367346938775,0.2735083555161443,0.7264916444838557,-0.153842071834283,0.13465490978997818,False,True,0,1,0,0,21.47532339037906,0,408.03114441720214,0.0,383.0,277.0
711,6337,2022-08-11,Houston Astros,Texas Rangers,1,-294.0,262.0,0.7461928934010152,0.2762430939226519,0.914546535844553,0.0854534641554469,0.1683536424435378,-0.19078962976720498,True,False,1,0,0,0,21.47532339037906,0,415.3356761826372,7.304531765435054,384.0,277.0
712,6126,2022-07-26,Los Angeles Dodgers,Washington Nationals,0,-244.0,217.0,0.7093023255813954,0.3154574132492113,0.944443143768069,0.0555568562319309,0.23514081818667365,-0.2599005570172804,True,False,0,1,0,0,21.47532339037906,0,393.86035279225814,0.0,384.0,278.0
713,6490,2022-08-22,Philadelphia Phillies,Cincinnati Reds,1,-227.0,208.0,0.6941896024464832,0.3246753246753247,0.8925488557989143,0.1074511442010858,0.1983592533524311,-0.21722418047423886,True,False,1,0,0,0,21.47532339037906,0,403.3208476778877,9.460494885629542,385.0,278.0
714,6623,2022-09-01,New York Mets,Los Angeles Dodgers,1,129.0,-139.0,0.4366812227074236,0.5815899581589958,0.2132420915681178,0.7867579084318823,-0.2234391311393058,0.20516795027288648,False,True,0,1,0,0,21.47532339037906,0,381.8455242875086,0.0,385.0,279.0
715,6737,2022-09-09,Colorado Rockies,Arizona Diamondbacks,1,-106.0,-104.0,0.5145631067961165,0.5098039215686274,0.4046051976676396,0.5953948023323605,-0.10995790912847692,0.08559088076373311,False,True,0,1,0,0,19.09227621437543,0,362.7532480731332,0.0,385.0,280.0
716,6789,2022-09-13,Boston Red Sox,New York Yankees,0,145.0,-156.0,0.4081632653061224,0.609375,0.1808421784537196,0.8191578215462804,-0.2273210868524028,0.20978282154628036,False,True,1,0,0,0,19.09227621437543,0,374.9918866720918,12.23863859895861,386.0,280.0
717,6594,2022-08-30,Toronto Blue Jays,Chicago Cubs,1,-200.0,185.0,0.6666666666666666,0.3508771929824561,0.8453032236331468,0.1546967763668531,0.17863655696648018,-0.196180416615603,True,False,1,0,0,0,19.09227621437543,0,384.53802477927957,9.546138107187716,387.0,280.0
718,5377,2022-05-30,Los Angeles Dodgers,Pittsburgh Pirates,0,-312.0,275.0,0.7572815533980582,0.2666666666666666,0.9628718351294449,0.0371281648705551,0.2055902817313866,-0.22953850179611152,True,False,0,1,0,0,19.09227621437543,0,365.44574856490414,0.0,387.0,281.0
719,4048,2021-09-15,Philadelphia Phillies,Chicago Cubs,1,-185.0,170.0,0.6491228070175439,0.3703703703703703,0.7912767337118624,0.2087232662881377,0.14215392669431848,-0.1616471040822326,True,False,1,0,0,0,19.09227621437543,0,375.7658978699719,10.320149305067801,388.0,281.0
720,5202,2022-05-18,Los Angeles Dodgers,Arizona Diamondbacks,1,-270.0,241.0,0.7297297297297297,0.2932551319648094,0.9248899285684152,0.0751100714315849,0.19516019883868552,-0.21814506053322452,True,False,1,0,0,0,18.7882948934986,0,382.72452560830476,6.9586277383328135,389.0,281.0
721,2867,2021-06-18,Los Angeles Angels,Detroit Tigers,1,-196.0,178.0,0.6621621621621622,0.3597122302158273,0.8035091033148454,0.1964908966851546,0.1413469411526832,-0.16322133353067272,True,False,1,0,0,0,18.7882948934986,0,392.31039034988567,9.585864741580918,390.0,281.0
722,8310,2023-05-18,Toronto Blue Jays,New York Yankees,0,-125.0,115.0,0.5555555555555556,0.4651162790697674,0.5411670862211809,0.4588329137788191,-0.014388469334374654,-0.006283365290948306,False,False,0,0,0,0,0.0,0,392.31039034988567,0.0,390.0,281.0
723,2556,2021-05-27,Miami Marlins,Philadelphia Phillies,0,-132.0,122.0,0.5689655172413793,0.4504504504504504,0.648600739288595,0.351399260711405,0.07963522204721563,-0.09905118973904542,True,False,0,1,0,0,18.7882948934986,0,373.5220954563871,0.0,390.0,282.0
724,6810,2022-09-14,Texas Rangers,Oakland Athletics,0,-154.0,143.0,0.6062992125984252,0.411522633744856,0.7846096532536684,0.2153903467463315,0.17831044065524315,-0.19613228699852447,True,False,0,1,0,0,18.7882948934986,0,354.7338005628885,0.0,390.0,283.0
725,5095,2022-05-10,Arizona Diamondbacks,Miami Marlins,1,123.0,-133.0,0.4484304932735426,0.5708154506437768,0.3587103774153006,0.6412896225846995,-0.08972011585824202,0.07047417194092265,False,True,0,1,0,0,17.736690028144427,0,336.9971105347441,0.0,390.0,284.0
726,5463,2022-06-05,Texas Rangers,Seattle Mariners,0,-120.0,111.0,0.5454545454545454,0.4739336492890995,0.6150633283550816,0.3849366716449183,0.06960878290053618,-0.08899697764418119,True,False,0,1,0,0,17.736690028144427,0,319.26042050659964,0.0,390.0,285.0
727,7850,2023-04-14,Seattle Mariners,Colorado Rockies,1,-173.0,159.0,0.6336996336996337,0.3861003861003861,0.8227472798599323,0.1772527201400676,0.18904764616029868,-0.2088476659603185,True,False,1,0,0,0,17.736690028144427,0,329.51284248818604,10.252421981586375,391.0,285.0
728,4998,2022-05-04,New York Mets,Atlanta Braves,0,-132.0,122.0,0.5689655172413793,0.4504504504504504,0.7271586526262638,0.2728413473737362,0.15819313538488444,-0.17760910307671418,True,False,0,1,0,0,17.736690028144427,0,311.7761524600416,0.0,391.0,286.0
729,3625,2021-08-15,Pittsburgh Pirates,Milwaukee Brewers,0,188.0,-204.0,0.3472222222222222,0.6710526315789473,0.1030147307332924,0.8969852692667073,-0.2442074914889298,0.22593263768775995,False,True,1,0,0,0,17.736690028144427,0,320.47060835619084,8.694455896149229,392.0,286.0
730,8056,2023-04-29,Texas Rangers,New York Yankees,1,-144.0,133.0,0.5901639344262295,0.4291845493562232,0.6866903137889062,0.3133096862110939,0.09652637936267672,-0.11587486314512929,True,False,1,0,0,0,16.023530417809543,0,331.5980600352252,11.127451679034404,393.0,286.0
731,8294,2023-05-17,Oakland Athletics,Arizona Diamondbacks,0,139.0,-151.0,0.4184100418410041,0.601593625498008,0.057447888916939,0.942552111083061,-0.3609621529240651,0.34095848558505304,False,True,1,0,0,0,16.023530417809543,0,342.20966958344343,10.61160954821824,394.0,286.0
732,3106,2021-07-05,Kansas City Royals,Cincinnati Reds,0,-120.0,110.0,0.5454545454545454,0.4761904761904761,0.4698454622244996,0.5301545377755004,-0.07560908323004584,0.05396406158502426,False,True,1,0,0,0,16.023530417809543,0,359.83555304303394,17.625883459590497,395.0,286.0
733,6006,2022-07-15,New York Yankees,Boston Red Sox,0,-154.0,143.0,0.6062992125984252,0.411522633744856,0.7309049795811046,0.2690950204188954,0.12460576698267933,-0.1424276133259606,True,False,0,1,0,0,16.023530417809543,0,343.8120226252244,0.0,395.0,287.0
734,5838,2022-07-03,Cincinnati Reds,Atlanta Braves,1,143.0,-154.0,0.411522633744856,0.6062992125984252,0.1613877416749975,0.8386122583250024,-0.2501348920698585,0.23231304572657718,False,True,0,1,0,0,16.023530417809543,0,327.7884922074149,0.0,395.0,288.0
735,3623,2021-08-15,Philadelphia Phillies,Cincinnati Reds,0,-133.0,124.0,0.5708154506437768,0.4464285714285714,0.5722403589678,0.4277596410321999,0.0014249083240231997,-0.01866893039637152,False,False,0,0,0,0,0.0,0,327.7884922074149,0.0,395.0,288.0
736,5197,2022-05-17,Oakland Athletics,Minnesota Twins,1,115.0,-125.0,0.4651162790697674,0.5555555555555556,0.3050793511796744,0.6949206488203254,-0.160036927890093,0.13936509326476987,False,True,0,1,0,0,16.389424610370746,0,311.39906759704417,0.0,395.0,289.0
737,3242,2021-07-18,Kansas City Royals,Baltimore Orioles,0,-130.0,120.0,0.5652173913043478,0.4545454545454545,0.7019882624785241,0.2980117375214758,0.1367708711741763,-0.15653371702397867,True,False,0,1,0,0,16.389424610370746,0,295.00964298667344,0.0,395.0,290.0
