,id,game_date,home_team,away_team,home_is_winner,home_odds,away_odds,home_implied_prob,away_implied_prob,model_home_win_prob,model_away_win_prob,homediff,awaydiff,bethome,betaway,game_won,game_lost,win,loss,bet_amount,bet_win,bankroll,net_bet_win,total_won_games,total_lost_games
0,3887,2021-09-03,Colorado Rockies,Atlanta Braves,1,128.0,-147.0,0.4385964912280701,0.5951417004048583,0.417813257182416,0.582186742817584,-0.020783234045654075,-0.012954957587274274,False,False,0,0,0,0,0.0,0,2500.0,0.0,0.0,0.0
1,5666,2022-06-20,Los Angeles Angels,Kansas City Royals,0,-189.0,156.0,0.6539792387543253,0.390625,0.6191971383147854,0.3808028616852146,-0.03478210043953989,-0.0098221383147854,False,False,0,0,0,0,0.0,0,2500.0,0.0,0.0,0.0
2,2368,2021-05-13,Pittsburgh Pirates,San Francisco Giants,0,140.0,-161.0,0.4166666666666667,0.6168582375478927,0.417813257182416,0.582186742817584,0.001146590515749335,-0.03467149473030873,False,False,0,0,0,0,0.0,0,2500.0,0.0,0.0,0.0
3,8179,2023-05-08,Seattle Mariners,Texas Rangers,0,-165.0,139.0,0.6226415094339622,0.4184100418410041,0.5705515297906603,0.4294484702093397,-0.052089979643301976,0.011038428368335573,False,True,1,0,0,0,125.0,0,2673.75,173.75,1.0,0.0
4,8223,2023-05-12,Toronto Blue Jays,Atlanta Braves,1,136.0,-162.0,0.423728813559322,0.6183206106870229,0.417813257182416,0.582186742817584,-0.005915556376905995,-0.03613386786943895,False,False,0,0,0,0,0.0,0,2673.75,0.0,1.0,0.0
5,2416,2021-05-16,Colorado Rockies,Cincinnati Reds,0,-102.0,-118.0,0.504950495049505,0.5412844036697247,0.4967330239374694,0.5032669760625306,-0.00821747111203558,-0.038017427607194176,False,False,0,0,0,0,0.0,0,2673.75,0.0,1.0,0.0
6,2195,2021-04-30,Arizona Diamondbacks,Colorado Rockies,1,-125.0,105.0,0.5555555555555556,0.4878048780487805,0.544608854331958,0.4553911456680419,-0.010946701223597533,-0.03241373238073858,False,False,0,0,0,0,0.0,0,2673.75,0.0,1.0,0.0
7,4799,2022-04-19,Los Angeles Dodgers,Atlanta Braves,0,-161.0,134.0,0.6168582375478927,0.4273504273504273,0.5705515297906603,0.4294484702093397,-0.046306707757232446,0.002098042858912408,False,False,0,0,0,0,0.0,0,2673.75,0.0,1.0,0.0
8,5644,2022-06-19,Washington Nationals,Philadelphia Phillies,1,153.0,-185.0,0.3952569169960474,0.6491228070175439,0.4082059988681381,0.591794001131862,0.012949081872090651,-0.0573288058856819,True,False,1,0,0,0,133.6875,0,2878.291875,204.541875,2.0,0.0
9,2467,2021-05-20,Philadelphia Phillies,Miami Marlins,0,-120.0,100.0,0.5454545454545454,0.5,0.5235869565217391,0.4764130434782608,-0.02186758893280627,-0.0235869565217392,False,False,0,0,0,0,0.0,0,2878.291875,0.0,2.0,0.0
10,5876,2022-07-05,Los Angeles Dodgers,Colorado Rockies,1,-233.0,190.0,0.6996996996996997,0.3448275862068966,0.732438227486216,0.2675617725137839,0.032738527786516314,-0.0772658136931127,True,False,1,0,0,0,143.91459375,0,2940.0577950643774,61.76592006437768,3.0,0.0
11,2559,2021-05-27,Milwaukee Brewers,San Diego Padres,1,107.0,-127.0,0.4830917874396135,0.5594713656387665,0.441292093161252,0.5587079068387479,-0.0417996942783615,-0.0007634588000186016,False,False,0,0,0,0,0.0,0,2940.0577950643774,0.0,3.0,0.0
12,2386,2021-05-14,Colorado Rockies,Cincinnati Reds,1,-110.0,-110.0,0.5238095238095238,0.5238095238095238,0.4967330239374694,0.5032669760625306,-0.02707649987205446,-0.020542547746993267,False,False,0,0,0,0,0.0,0,2940.0577950643774,0.0,3.0,0.0
13,1953,2021-04-13,Pittsburgh Pirates,San Diego Padres,1,205.0,-238.0,0.3278688524590163,0.7041420118343196,0.3064516129032258,0.6935483870967742,-0.0214172395557905,-0.010593624737545326,False,False,0,0,0,0,0.0,0,2940.0577950643774,0.0,3.0,0.0
14,2521,2021-05-24,Milwaukee Brewers,San Diego Padres,1,-110.0,-110.0,0.5238095238095238,0.5238095238095238,0.4967330239374694,0.5032669760625306,-0.02707649987205446,-0.020542547746993267,False,False,0,0,0,0,0.0,0,2940.0577950643774,0.0,3.0,0.0
15,6851,2022-09-17,Los Angeles Angels,Seattle Mariners,1,-105.0,-115.0,0.5121951219512195,0.5348837209302325,0.4967330239374694,0.5032669760625306,-0.015462098013750147,-0.03161674486770194,False,False,0,0,0,0,0.0,0,2940.0577950643774,0.0,3.0,0.0
16,685,2020-08-16,Philadelphia Phillies,New York Mets,1,-141.0,120.0,0.5850622406639004,0.4545454545454545,0.5679347826086957,0.4320652173913043,-0.01712745805520477,-0.02248023715415015,False,False,0,0,0,0,0.0,0,2940.0577950643774,0.0,3.0,0.0
17,6062,2022-07-22,Atlanta Braves,Los Angeles Angels,1,-154.0,128.0,0.6062992125984252,0.4385964912280701,0.5705515297906603,0.4294484702093397,-0.03574768280776497,-0.009148021018730412,False,False,0,0,0,0,0.0,0,2940.0577950643774,0.0,3.0,0.0
18,2870,2021-06-18,San Diego Padres,Cincinnati Reds,1,-200.0,170.0,0.6666666666666666,0.3703703703703703,0.6191971383147854,0.3808028616852146,-0.04746952835188123,0.010432491314844305,False,True,0,1,0,0,147.00288975321888,0,2793.0549053111586,0.0,3.0,1.0
19,4157,2021-09-23,Colorado Rockies,Los Angeles Dodgers,0,210.0,-263.0,0.3225806451612903,0.7245179063360881,0.2666666666666666,0.7333333333333334,-0.055913978494623706,0.008815426997245246,False,False,0,0,0,0,0.0,0,2793.0549053111586,0.0,3.0,1.0
20,2167,2021-04-28,Atlanta Braves,Chicago Cubs,1,-130.0,110.0,0.5652173913043478,0.4761904761904761,0.544608854331958,0.4553911456680419,-0.020608536972389735,-0.020799330522434212,False,False,0,0,0,0,0.0,0,2793.0549053111586,0.0,3.0,1.0
21,1269,2020-09-24,Texas Rangers,Houston Astros,0,115.0,-135.0,0.4651162790697674,0.574468085106383,0.417813257182416,0.582186742817584,-0.04730302188735136,0.007718657711200949,False,False,0,0,0,0,0.0,0,2793.0549053111586,0.0,3.0,1.0
22,3780,2021-08-26,Oakland Athletics,New York Yankees,0,-103.0,-118.0,0.5073891625615764,0.5412844036697247,0.4967330239374694,0.5032669760625306,-0.010656138624107026,-0.038017427607194176,False,False,0,0,0,0,0.0,0,2793.0549053111586,0.0,3.0,1.0
23,5177,2022-05-16,Oakland Athletics,Minnesota Twins,0,108.0,-130.0,0.4807692307692308,0.5652173913043478,0.441292093161252,0.5587079068387479,-0.039477137607978774,-0.006509484465599846,False,False,0,0,0,0,0.0,0,2793.0549053111586,0.0,3.0,1.0
24,6178,2022-07-30,Atlanta Braves,Arizona Diamondbacks,1,-233.0,190.0,0.6996996996996997,0.3448275862068966,0.732438227486216,0.2675617725137839,0.032738527786516314,-0.0772658136931127,True,False,1,0,0,0,139.65274526555794,0,2852.9917058543165,59.936800543157915,4.0,1.0
25,900,2020-08-30,Detroit Tigers,Minnesota Twins,1,190.0,-222.0,0.3448275862068966,0.6894409937888198,0.3595128373930217,0.6404871626069784,0.014685251186125126,-0.04895383118184149,True,False,1,0,0,0,142.64958529271584,0,3124.0259179104764,271.0342120561601,5.0,1.0
26,595,2020-08-09,Texas Rangers,Los Angeles Angels,1,106.0,-127.0,0.4854368932038835,0.5594713656387665,0.441292093161252,0.5587079068387479,-0.044144800042631493,-0.0007634588000186016,False,False,0,0,0,0,0.0,0,3124.0259179104764,0.0,5.0,1.0
27,8742,2023-06-19,Cincinnati Reds,Colorado Rockies,1,-165.0,139.0,0.6226415094339622,0.4184100418410041,0.5705515297906603,0.4294484702093397,-0.052089979643301976,0.011038428368335573,False,True,0,1,0,0,142.64958529271584,0,2981.3763326177605,0.0,5.0,2.0
28,8348,2023-05-21,New York Mets,Cleveland Guardians,1,-150.0,126.0,0.6,0.4424778761061947,0.5705515297906603,0.4294484702093397,-0.029448470209339717,-0.013029405896855029,False,False,0,0,0,0,0.0,0,2981.3763326177605,0.0,5.0,2.0
29,8359,2023-05-22,Pittsburgh Pirates,Texas Rangers,1,117.0,-140.0,0.4608294930875576,0.5833333333333334,0.417813257182416,0.582186742817584,-0.04301623590514159,-0.0011465905157493905,False,False,0,0,0,0,0.0,0,2981.3763326177605,0.0,5.0,2.0
30,6033,2022-07-16,San Diego Padres,Arizona Diamondbacks,1,-189.0,156.0,0.6539792387543253,0.390625,0.6191971383147854,0.3808028616852146,-0.03478210043953989,-0.0098221383147854,False,False,0,0,0,0,0.0,0,2981.3763326177605,0.0,5.0,2.0
31,8801,2023-06-24,Baltimore Orioles,Seattle Mariners,1,-112.0,-108.0,0.5283018867924528,0.5192307692307693,0.4967330239374694,0.5032669760625306,-0.03156886285498345,-0.015963793168238705,False,False,0,0,0,0,0.0,0,2981.3763326177605,0.0,5.0,2.0
32,7027,2022-10-01,New York Yankees,Baltimore Orioles,1,-210.0,170.0,0.6774193548387096,0.3703703703703703,0.6633646358222629,0.336635364177737,-0.014054719016446726,-0.03373500619263331,False,False,0,0,0,0,0.0,0,2981.3763326177605,0.0,5.0,2.0
33,6810,2022-09-14,Texas Rangers,Oakland Athletics,0,-161.0,134.0,0.6168582375478927,0.4273504273504273,0.5705515297906603,0.4294484702093397,-0.046306707757232446,0.002098042858912408,False,False,0,0,0,0,0.0,0,2981.3763326177605,0.0,5.0,2.0
34,2294,2021-05-07,Los Angeles Angels,Los Angeles Dodgers,1,143.0,-167.0,0.411522633744856,0.6254681647940075,0.4136167219374937,0.5863832780625063,0.002094088192637733,-0.03908488673150112,False,False,0,0,0,0,0.0,0,2981.3763326177605,0.0,5.0,2.0
35,1954,2021-04-13,Toronto Blue Jays,New York Yankees,1,-120.0,100.0,0.5454545454545454,0.5,0.5235869565217391,0.4764130434782608,-0.02186758893280627,-0.0235869565217392,False,False,0,0,0,0,0.0,0,2981.3763326177605,0.0,5.0,2.0
36,5921,2022-07-09,Baltimore Orioles,Los Angeles Angels,1,105.0,-125.0,0.4878048780487805,0.5555555555555556,0.4672730515427145,0.5327269484572856,-0.020531826506065998,-0.02282860709826995,False,False,0,0,0,0,0.0,0,2981.3763326177605,0.0,5.0,2.0
37,6308,2022-08-09,Detroit Tigers,Cleveland Guardians,0,156.0,-189.0,0.390625,0.6539792387543253,0.4082059988681381,0.591794001131862,0.017580998868138076,-0.06218523762246331,True,False,0,1,0,0,149.06881663088802,0,2832.307515986872,0.0,5.0,3.0
38,5470,2022-06-06,Kansas City Royals,Toronto Blue Jays,0,141.0,-169.0,0.4149377593360996,0.6282527881040892,0.4136167219374937,0.5863832780625063,-0.0013210373986058954,-0.0418695100415829,False,False,0,0,0,0,0.0,0,2832.307515986872,0.0,5.0,3.0
39,2421,2021-05-17,Cincinnati Reds,San Francisco Giants,0,-137.0,118.0,0.5780590717299579,0.4587155963302752,0.5476778656126482,0.4523221343873517,-0.030381206117309656,-0.006393461942923506,False,False,0,0,0,0,0.0,0,2832.307515986872,0.0,5.0,3.0
40,4041,2021-09-14,Los Angeles Dodgers,Arizona Diamondbacks,1,-238.0,195.0,0.7041420118343196,0.3389830508474576,0.732438227486216,0.2675617725137839,0.02829621565189644,-0.07142127833367373,True,False,1,0,0,0,141.6153757993436,0,2891.809774726092,59.502258739220004,6.0,3.0
41,8505,2023-06-02,Washington Nationals,Philadelphia Phillies,1,148.0,-180.0,0.4032258064516129,0.6428571428571429,0.4136167219374937,0.5863832780625063,0.010390915485880836,-0.056473864794636564,True,False,1,0,0,0,141.6153757993436,0,3101.400530909121,209.59075618302853,7.0,3.0
42,2833,2021-06-16,Kansas City Royals,Detroit Tigers,0,-145.0,125.0,0.5918367346938775,0.4444444444444444,0.5705515297906603,0.4294484702093397,-0.02128520490321728,-0.014995974235104736,False,False,0,0,0,0,0.0,0,3101.400530909121,0.0,7.0,3.0
43,5132,2022-05-13,Colorado Rockies,Kansas City Royals,0,-141.0,117.0,0.5850622406639004,0.4608294930875576,0.5476778656126482,0.4523221343873517,-0.03738437505125225,-0.008507358700205914,False,False,0,0,0,0,0.0,0,3101.400530909121,0.0,7.0,3.0
44,574,2020-08-08,Oakland Athletics,Houston Astros,1,-137.0,118.0,0.5780590717299579,0.4587155963302752,0.5476778656126482,0.4523221343873517,-0.030381206117309656,-0.006393461942923506,False,False,0,0,0,0,0.0,0,3101.400530909121,0.0,7.0,3.0
45,2265,2021-05-05,Boston Red Sox,Detroit Tigers,0,-189.0,162.0,0.6539792387543253,0.3816793893129771,0.6191971383147854,0.3808028616852146,-0.03478210043953989,-0.0008765276277625245,False,False,0,0,0,0,0.0,0,3101.400530909121,0.0,7.0,3.0
46,6276,2022-08-06,Kansas City Royals,Boston Red Sox,1,117.0,-141.0,0.4608294930875576,0.5850622406639004,0.417813257182416,0.582186742817584,-0.04301623590514159,-0.002875497846316466,False,False,0,0,0,0,0.0,0,3101.400530909121,0.0,7.0,3.0
47,7752,2023-04-07,Colorado Rockies,Washington Nationals,0,-125.0,105.0,0.5555555555555556,0.4878048780487805,0.544608854331958,0.4553911456680419,-0.010946701223597533,-0.03241373238073858,False,False,0,0,0,0,0.0,0,3101.400530909121,0.0,7.0,3.0
48,5370,2022-05-30,Oakland Athletics,Houston Astros,0,144.0,-175.0,0.4098360655737705,0.6363636363636364,0.4136167219374937,0.5863832780625063,0.0037806563637232116,-0.04998035830113001,False,False,0,0,0,0,0.0,0,3101.400530909121,0.0,7.0,3.0
49,973,2020-09-04,New York Mets,Philadelphia Phillies,0,-125.0,105.0,0.5555555555555556,0.4878048780487805,0.544608854331958,0.4553911456680419,-0.010946701223597533,-0.03241373238073858,False,False,0,0,0,0,0.0,0,3101.400530909121,0.0,7.0,3.0
50,6477,2022-08-21,New York Yankees,Toronto Blue Jays,1,-122.0,102.0,0.5495495495495496,0.495049504950495,0.5235869565217391,0.4764130434782608,-0.025962593027810454,-0.01863646147223419,False,False,0,0,0,0,0.0,0,3101.400530909121,0.0,7.0,3.0
51,2668,2021-06-03,Los Angeles Angels,Seattle Mariners,0,-152.0,132.0,0.6031746031746031,0.4310344827586206,0.5705515297906603,0.4294484702093397,-0.03262307338394288,-0.001586012549280924,False,False,0,0,0,0,0.0,0,3101.400530909121,0.0,7.0,3.0
52,904,2020-08-30,Milwaukee Brewers,Pittsburgh Pirates,0,-238.0,205.0,0.7041420118343196,0.3278688524590163,0.732438227486216,0.2675617725137839,0.02829621565189644,-0.060307079945232434,True,False,0,1,0,0,155.07002654545605,0,2946.3305043636647,0.0,7.0,4.0
53,5265,2022-05-22,Colorado Rockies,New York Mets,0,105.0,-125.0,0.4878048780487805,0.5555555555555556,0.4672730515427145,0.5327269484572856,-0.020531826506065998,-0.02282860709826995,False,False,0,0,0,0,0.0,0,2946.3305043636647,0.0,7.0,4.0
54,8260,2023-05-14,Los Angeles Dodgers,San Diego Padres,1,-175.0,144.0,0.6363636363636364,0.4098360655737705,0.6057176891006552,0.3942823108993448,-0.0306459472629812,-0.015553754674425713,False,False,0,0,0,0,0.0,0,2946.3305043636647,0.0,7.0,4.0
55,5322,2022-05-27,Tampa Bay Rays,New York Yankees,0,-125.0,105.0,0.5555555555555556,0.4878048780487805,0.544608854331958,0.4553911456680419,-0.010946701223597533,-0.03241373238073858,False,False,0,0,0,0,0.0,0,2946.3305043636647,0.0,7.0,4.0
56,3508,2021-08-06,Los Angeles Dodgers,Los Angeles Angels,0,-200.0,169.0,0.6666666666666666,0.3717472118959107,0.6191971383147854,0.3808028616852146,-0.04746952835188123,0.009055649789303899,False,False,0,0,0,0,0.0,0,2946.3305043636647,0.0,7.0,4.0
57,1996,2021-04-16,Miami Marlins,San Francisco Giants,1,120.0,-141.0,0.4545454545454545,0.5850622406639004,0.417813257182416,0.582186742817584,-0.036732197363038455,-0.002875497846316466,False,False,0,0,0,0,0.0,0,2946.3305043636647,0.0,7.0,4.0
58,6260,2022-08-05,Milwaukee Brewers,Cincinnati Reds,1,-222.0,180.0,0.6894409937888198,0.3571428571428571,0.732438227486216,0.2675617725137839,0.042997233697396164,-0.08958108462907322,True,False,1,0,0,0,147.31652521818324,0,3012.6892995069907,66.35879514332579,8.0,4.0
59,615,2020-08-11,Philadelphia Phillies,Baltimore Orioles,0,-185.0,160.0,0.6491228070175439,0.3846153846153846,0.611780258519389,0.388219741480611,-0.03734254849815488,0.0036043568652264213,False,False,0,0,0,0,0.0,0,3012.6892995069907,0.0,8.0,4.0
60,2497,2021-05-22,Philadelphia Phillies,Boston Red Sox,0,115.0,-135.0,0.4651162790697674,0.574468085106383,0.417813257182416,0.582186742817584,-0.04730302188735136,0.007718657711200949,False,False,0,0,0,0,0.0,0,3012.6892995069907,0.0,8.0,4.0
61,5812,2022-07-01,Los Angeles Dodgers,San Diego Padres,1,-179.0,146.0,0.6415770609318996,0.4065040650406504,0.6057176891006552,0.3942823108993448,-0.035859371831244435,-0.012221754141305607,False,False,0,0,0,0,0.0,0,3012.6892995069907,0.0,8.0,4.0
62,3527,2021-08-08,Philadelphia Phillies,New York Mets,1,-167.0,143.0,0.6254681647940075,0.411522633744856,0.6043478260869566,0.3956521739130434,-0.02112033870705088,-0.015870459831812567,False,False,0,0,0,0,0.0,0,3012.6892995069907,0.0,8.0,4.0
63,8634,2023-06-11,Toronto Blue Jays,Minnesota Twins,1,-210.0,170.0,0.6774193548387096,0.3703703703703703,0.6633646358222629,0.336635364177737,-0.014054719016446726,-0.03373500619263331,False,False,0,0,0,0,0.0,0,3012.6892995069907,0.0,8.0,4.0
64,2412,2021-05-16,Houston Astros,Texas Rangers,1,-189.0,165.0,0.6539792387543253,0.3773584905660377,0.6191971383147854,0.3808028616852146,-0.03478210043953989,0.003444371119176892,False,False,0,0,0,0,0.0,0,3012.6892995069907,0.0,8.0,4.0
65,5301,2022-05-25,Cincinnati Reds,Chicago Cubs,1,-130.0,108.0,0.5652173913043478,0.4807692307692308,0.544608854331958,0.4553911456680419,-0.020608536972389735,-0.025378085101188885,False,False,0,0,0,0,0.0,0,3012.6892995069907,0.0,8.0,4.0
66,2995,2021-06-27,San Diego Padres,Arizona Diamondbacks,1,-270.0,225.0,0.7297297297297297,0.3076923076923077,0.7552939028842643,0.2447060971157356,0.02556417315453463,-0.06298621057657211,True,False,1,0,0,0,150.63446497534954,0,3068.4798420904535,55.79054258346279,9.0,4.0
67,5458,2022-06-05,Cincinnati Reds,Washington Nationals,0,-179.0,148.0,0.6415770609318996,0.4032258064516129,0.6057176891006552,0.3942823108993448,-0.035859371831244435,-0.008943495552268088,False,False,0,0,0,0,0.0,0,3068.4798420904535,0.0,9.0,4.0
68,7043,2022-10-02,New York Yankees,Baltimore Orioles,0,-160.0,134.0,0.6153846153846154,0.4273504273504273,0.5705515297906603,0.4294484702093397,-0.04483308559395516,0.002098042858912408,False,False,0,0,0,0,0.0,0,3068.4798420904535,0.0,9.0,4.0
69,6256,2022-08-05,New York Mets,Atlanta Braves,0,-135.0,113.0,0.574468085106383,0.4694835680751174,0.544608854331958,0.4553911456680419,-0.029859230774424983,-0.014092422407075478,False,False,0,0,0,0,0.0,0,3068.4798420904535,0.0,9.0,4.0
70,3818,2021-08-29,Miami Marlins,Cincinnati Reds,1,155.0,-179.0,0.392156862745098,0.6415770609318996,0.4082059988681381,0.591794001131862,0.016049136123040098,-0.04978305980003761,True,False,1,0,0,0,153.42399210452268,0,3306.2870298524635,237.80718776201016,10.0,4.0
71,3824,2021-08-29,Seattle Mariners,Kansas City Royals,1,-167.0,143.0,0.6254681647940075,0.411522633744856,0.6043478260869566,0.3956521739130434,-0.02112033870705088,-0.015870459831812567,False,False,0,0,0,0,0.0,0,3306.2870298524635,0.0,10.0,4.0
72,8679,2023-06-14,Arizona Diamondbacks,Philadelphia Phillies,0,-140.0,117.0,0.5833333333333334,0.4608294930875576,0.5476778656126482,0.4523221343873517,-0.035655467720685174,-0.008507358700205914,False,False,0,0,0,0,0.0,0,3306.2870298524635,0.0,10.0,4.0
73,2006,2021-04-17,Washington Nationals,Arizona Diamondbacks,1,-112.0,-106.0,0.5283018867924528,0.5145631067961165,0.4967330239374694,0.5032669760625306,-0.03156886285498345,-0.01129613073358593,False,False,0,0,0,0,0.0,0,3306.2870298524635,0.0,10.0,4.0
74,7849,2023-04-14,Los Angeles Dodgers,Chicago Cubs,0,-170.0,141.0,0.6296296296296297,0.4149377593360996,0.6057176891006552,0.3942823108993448,-0.023911940528974496,-0.02065544843675482,False,False,0,0,0,0,0.0,0,3306.2870298524635,0.0,10.0,4.0
75,2223,2021-05-02,Texas Rangers,Boston Red Sox,1,120.0,-141.0,0.4545454545454545,0.5850622406639004,0.417813257182416,0.582186742817584,-0.036732197363038455,-0.002875497846316466,False,False,0,0,0,0,0.0,0,3306.2870298524635,0.0,10.0,4.0
76,1955,2021-04-13,Tampa Bay Rays,Texas Rangers,0,-167.0,143.0,0.6254681647940075,0.411522633744856,0.6043478260869566,0.3956521739130434,-0.02112033870705088,-0.015870459831812567,False,False,0,0,0,0,0.0,0,3306.2870298524635,0.0,10.0,4.0
77,1251,2020-09-23,Seattle Mariners,Houston Astros,1,174.0,-204.0,0.364963503649635,0.6710526315789473,0.3595128373930217,0.6404871626069784,-0.005450666256613279,-0.03056546897196899,False,False,0,0,0,0,0.0,0,3306.2870298524635,0.0,10.0,4.0
78,8471,2023-05-30,New York Mets,Philadelphia Phillies,1,-135.0,113.0,0.574468085106383,0.4694835680751174,0.544608854331958,0.4553911456680419,-0.029859230774424983,-0.014092422407075478,False,False,0,0,0,0,0.0,0,3306.2870298524635,0.0,10.0,4.0
79,5593,2022-06-15,Seattle Mariners,Minnesota Twins,0,117.0,-141.0,0.4608294930875576,0.5850622406639004,0.417813257182416,0.582186742817584,-0.04301623590514159,-0.002875497846316466,False,False,0,0,0,0,0.0,0,3306.2870298524635,0.0,10.0,4.0
80,5076,2022-05-09,Los Angeles Angels,Tampa Bay Rays,1,-130.0,108.0,0.5652173913043478,0.4807692307692308,0.544608854331958,0.4553911456680419,-0.020608536972389735,-0.025378085101188885,False,False,0,0,0,0,0.0,0,3306.2870298524635,0.0,10.0,4.0
81,5873,2022-07-05,Milwaukee Brewers,Chicago Cubs,0,-143.0,120.0,0.588477366255144,0.4545454545454545,0.5679347826086957,0.4320652173913043,-0.020542583646448342,-0.02248023715415015,False,False,0,0,0,0,0.0,0,3306.2870298524635,0.0,10.0,4.0
82,7927,2023-04-20,New York Yankees,Los Angeles Angels,1,-160.0,134.0,0.6153846153846154,0.4273504273504273,0.5705515297906603,0.4294484702093397,-0.04483308559395516,0.002098042858912408,False,False,0,0,0,0,0.0,0,3306.2870298524635,0.0,10.0,4.0
83,2645,2021-06-01,Seattle Mariners,Oakland Athletics,0,140.0,-161.0,0.4166666666666667,0.6168582375478927,0.417813257182416,0.582186742817584,0.001146590515749335,-0.03467149473030873,False,False,0,0,0,0,0.0,0,3306.2870298524635,0.0,10.0,4.0
84,8535,2023-06-04,Washington Nationals,Philadelphia Phillies,0,139.0,-165.0,0.4184100418410041,0.6226415094339622,0.417813257182416,0.582186742817584,-0.0005967846585880898,-0.04045476661637826,False,False,0,0,0,0,0.0,0,3306.2870298524635,0.0,10.0,4.0
85,3534,2021-08-08,Milwaukee Brewers,San Francisco Giants,0,-106.0,-112.0,0.5145631067961165,0.5283018867924528,0.4967330239374694,0.5032669760625306,-0.017830082858647123,-0.025034910729922255,False,False,0,0,0,0,0.0,0,3306.2870298524635,0.0,10.0,4.0
86,2792,2021-06-13,New York Mets,San Diego Padres,0,110.0,-130.0,0.4761904761904761,0.5652173913043478,0.441292093161252,0.5587079068387479,-0.0348983830292241,-0.006509484465599846,False,False,0,0,0,0,0.0,0,3306.2870298524635,0.0,10.0,4.0
87,3185,2021-07-11,Tampa Bay Rays,Toronto Blue Jays,0,105.0,-125.0,0.4878048780487805,0.5555555555555556,0.4672730515427145,0.5327269484572856,-0.020531826506065998,-0.02282860709826995,False,False,0,0,0,0,0.0,0,3306.2870298524635,0.0,10.0,4.0
88,5747,2022-06-26,Texas Rangers,Washington Nationals,0,-164.0,139.0,0.6212121212121212,0.4184100418410041,0.5705515297906603,0.4294484702093397,-0.050660591421460954,0.011038428368335573,False,True,1,0,0,0,165.3143514926232,0,3536.0739784272096,229.78694857474622,11.0,4.0
89,6481,2022-08-21,Chicago Cubs,Milwaukee Brewers,0,130.0,-154.0,0.4347826086956521,0.6062992125984252,0.417813257182416,0.582186742817584,-0.016969351513236086,-0.02411246978084125,False,False,0,0,0,0,0.0,0,3536.0739784272096,0.0,11.0,4.0
90,8343,2023-05-21,Washington Nationals,Detroit Tigers,1,-135.0,113.0,0.574468085106383,0.4694835680751174,0.544608854331958,0.4553911456680419,-0.029859230774424983,-0.014092422407075478,False,False,0,0,0,0,0.0,0,3536.0739784272096,0.0,11.0,4.0
91,4953,2022-05-01,Baltimore Orioles,Boston Red Sox,1,130.0,-154.0,0.4347826086956521,0.6062992125984252,0.417813257182416,0.582186742817584,-0.016969351513236086,-0.02411246978084125,False,False,0,0,0,0,0.0,0,3536.0739784272096,0.0,11.0,4.0
92,4936,2022-04-29,Los Angeles Dodgers,Detroit Tigers,1,-250.0,205.0,0.7142857142857143,0.3278688524590163,0.732438227486216,0.2675617725137839,0.018152513200501708,-0.060307079945232434,True,False,1,0,0,0,176.80369892136048,0,3606.7954579957536,70.7214795685442,12.0,4.0
93,6802,2022-09-14,Seattle Mariners,San Diego Padres,1,-161.0,134.0,0.6168582375478927,0.4273504273504273,0.5705515297906603,0.4294484702093397,-0.046306707757232446,0.002098042858912408,False,False,0,0,0,0,0.0,0,3606.7954579957536,0.0,12.0,4.0
94,8570,2023-06-06,San Diego Padres,Seattle Mariners,0,-135.0,113.0,0.574468085106383,0.4694835680751174,0.544608854331958,0.4553911456680419,-0.029859230774424983,-0.014092422407075478,False,False,0,0,0,0,0.0,0,3606.7954579957536,0.0,12.0,4.0
95,6367,2022-08-13,Texas Rangers,Seattle Mariners,1,-112.0,-108.0,0.5283018867924528,0.5192307692307693,0.4967330239374694,0.5032669760625306,-0.03156886285498345,-0.015963793168238705,False,False,0,0,0,0,0.0,0,3606.7954579957536,0.0,12.0,4.0
96,7934,2023-04-21,Pittsburgh Pirates,Cincinnati Reds,1,-140.0,117.0,0.5833333333333334,0.4608294930875576,0.5476778656126482,0.4523221343873517,-0.035655467720685174,-0.008507358700205914,False,False,0,0,0,0,0.0,0,3606.7954579957536,0.0,12.0,4.0
97,2615,2021-05-30,Seattle Mariners,Texas Rangers,1,-161.0,140.0,0.6168582375478927,0.4166666666666667,0.5705515297906603,0.4294484702093397,-0.046306707757232446,0.012781803542672998,False,True,0,1,0,0,180.3397728997877,0,3426.455685095966,0.0,12.0,5.0
98,5800,2022-06-30,Seattle Mariners,Oakland Athletics,1,-233.0,190.0,0.6996996996996997,0.3448275862068966,0.732438227486216,0.2675617725137839,0.032738527786516314,-0.0772658136931127,True,False,1,0,0,0,180.3397728997877,0,3503.854729258965,77.39904416299902,13.0,5.0
99,2218,2021-05-02,Cincinnati Reds,Chicago Cubs,1,-145.0,125.0,0.5918367346938775,0.4444444444444444,0.5705515297906603,0.4294484702093397,-0.02128520490321728,-0.014995974235104736,False,False,0,0,0,0,0.0,0,3503.854729258965,0.0,13.0,5.0
100,5799,2022-06-30,Los Angeles Dodgers,San Diego Padres,1,-125.0,105.0,0.5555555555555556,0.4878048780487805,0.544608854331958,0.4553911456680419,-0.010946701223597533,-0.03241373238073858,False,False,0,0,0,0,0.0,0,3503.854729258965,0.0,13.0,5.0
101,5820,2022-07-02,Minnesota Twins,Baltimore Orioles,1,-233.0,190.0,0.6996996996996997,0.3448275862068966,0.732438227486216,0.2675617725137839,0.032738527786516314,-0.0772658136931127,True,False,1,0,0,0,175.19273646294826,0,3579.044744908299,75.19001564933401,14.0,5.0
102,2274,2021-05-06,Boston Red Sox,Detroit Tigers,1,-208.0,180.0,0.6753246753246753,0.3571428571428571,0.6892655367231638,0.3107344632768362,0.013940861398488491,-0.046408393866020914,True,False,1,0,0,0,175.19273646294826,0,3663.2720220539472,84.2272771456482,15.0,5.0
103,3641,2021-08-16,Miami Marlins,Atlanta Braves,0,132.0,-152.0,0.4310344827586206,0.6031746031746031,0.417813257182416,0.582186742817584,-0.013221225576204587,-0.02098786035701916,False,False,0,0,0,0,0.0,0,3663.2720220539472,0.0,15.0,5.0
104,2740,2021-06-09,Boston Red Sox,Houston Astros,0,-137.0,118.0,0.5780590717299579,0.4587155963302752,0.5476778656126482,0.4523221343873517,-0.030381206117309656,-0.006393461942923506,False,False,0,0,0,0,0.0,0,3663.2720220539472,0.0,15.0,5.0
105,7033,2022-10-01,Detroit Tigers,Minnesota Twins,1,106.0,-126.0,0.4854368932038835,0.5575221238938053,0.4672730515427145,0.5327269484572856,-0.018163841661169022,-0.024795175436519656,False,False,0,0,0,0,0.0,0,3663.2720220539472,0.0,15.0,5.0
106,3770,2021-08-26,Baltimore Orioles,Los Angeles Angels,1,120.0,-141.0,0.4545454545454545,0.5850622406639004,0.417813257182416,0.582186742817584,-0.036732197363038455,-0.002875497846316466,False,False,0,0,0,0,0.0,0,3663.2720220539472,0.0,15.0,5.0
107,528,2020-08-05,Pittsburgh Pirates,Minnesota Twins,0,166.0,-192.0,0.3759398496240601,0.6575342465753424,0.4082059988681381,0.591794001131862,0.032266149244078,-0.06574024544348045,True,False,0,1,0,0,183.16360110269738,0,3480.10842095125,0.0,15.0,6.0
108,8631,2023-06-11,Pittsburgh Pirates,New York Mets,1,-125.0,105.0,0.5555555555555556,0.4878048780487805,0.544608854331958,0.4553911456680419,-0.010946701223597533,-0.03241373238073858,False,False,0,0,0,0,0.0,0,3480.10842095125,0.0,15.0,6.0
109,5386,2022-05-31,New York Mets,Washington Nationals,1,-179.0,148.0,0.6415770609318996,0.4032258064516129,0.6057176891006552,0.3942823108993448,-0.035859371831244435,-0.008943495552268088,False,False,0,0,0,0,0.0,0,3480.10842095125,0.0,15.0,6.0
110,5850,2022-07-04,Detroit Tigers,Cleveland Guardians,1,122.0,-145.0,0.4504504504504504,0.5918367346938775,0.417813257182416,0.582186742817584,-0.03263719326803438,-0.009649991876293562,False,False,0,0,0,0,0.0,0,3480.10842095125,0.0,15.0,6.0
111,3766,2021-08-25,Boston Red Sox,Minnesota Twins,0,-164.0,142.0,0.6212121212121212,0.4132231404958678,0.5705515297906603,0.4294484702093397,-0.050660591421460954,0.016225329713471903,False,True,1,0,0,0,174.00542104756252,0,3727.196118838789,247.08769788753878,16.0,6.0
112,4816,2022-04-20,Seattle Mariners,Texas Rangers,1,-154.0,128.0,0.6062992125984252,0.4385964912280701,0.5705515297906603,0.4294484702093397,-0.03574768280776497,-0.009148021018730412,False,False,0,0,0,0,0.0,0,3727.196118838789,0.0,16.0,6.0
113,6764,2022-09-11,Milwaukee Brewers,Cincinnati Reds,1,-294.0,230.0,0.7461928934010152,0.303030303030303,0.7552939028842643,0.2447060971157356,0.0091010094832491,-0.058324205914567384,False,False,0,0,0,0,0.0,0,3727.196118838789,0.0,16.0,6.0
114,4840,2022-04-22,Oakland Athletics,Texas Rangers,0,107.0,-128.0,0.4830917874396135,0.5614035087719298,0.441292093161252,0.5587079068387479,-0.0417996942783615,-0.002695601933181857,False,False,0,0,0,0,0.0,0,3727.196118838789,0.0,16.0,6.0
115,3750,2021-08-24,Atlanta Braves,New York Yankees,0,-145.0,125.0,0.5918367346938775,0.4444444444444444,0.5705515297906603,0.4294484702093397,-0.02128520490321728,-0.014995974235104736,False,False,0,0,0,0,0.0,0,3727.196118838789,0.0,16.0,6.0
116,6526,2022-08-24,Houston Astros,Minnesota Twins,1,-233.0,190.0,0.6996996996996997,0.3448275862068966,0.732438227486216,0.2675617725137839,0.032738527786516314,-0.0772658136931127,True,False,1,0,0,0,186.35980594193947,0,3807.1788681700937,79.98274933130449,17.0,6.0
117,6402,2022-08-16,Cincinnati Reds,Philadelphia Phillies,0,153.0,-185.0,0.3952569169960474,0.6491228070175439,0.4082059988681381,0.591794001131862,0.012949081872090651,-0.0573288058856819,True,False,0,1,0,0,186.35980594193947,0,3620.819062228154,0.0,17.0,7.0
118,6789,2022-09-13,Boston Red Sox,New York Yankees,0,137.0,-164.0,0.4219409282700422,0.6212121212121212,0.417813257182416,0.582186742817584,-0.0041276710876261835,-0.039025378394537236,False,False,0,0,0,0,0.0,0,3620.819062228154,0.0,17.0,7.0
119,2323,2021-05-09,Oakland Athletics,Tampa Bay Rays,0,-118.0,-102.0,0.5412844036697247,0.504950495049505,0.5235869565217391,0.4764130434782608,-0.0176974471479856,-0.028537451571244155,False,False,0,0,0,0,0.0,0,3620.819062228154,0.0,17.0,7.0
120,8624,2023-06-10,Cleveland Guardians,Houston Astros,0,-132.0,110.0,0.5689655172413793,0.4761904761904761,0.544608854331958,0.4553911456680419,-0.02435666290942129,-0.020799330522434212,False,False,0,0,0,0,0.0,0,3620.819062228154,0.0,17.0,7.0
121,8328,2023-05-20,Toronto Blue Jays,Baltimore Orioles,0,-145.0,122.0,0.5918367346938775,0.4504504504504504,0.5705515297906603,0.4294484702093397,-0.02128520490321728,-0.021001980241110718,False,False,0,0,0,0,0.0,0,3620.819062228154,0.0,17.0,7.0
122,3453,2021-08-03,Washington Nationals,Philadelphia Phillies,0,148.0,-172.0,0.4032258064516129,0.6323529411764706,0.4136167219374937,0.5863832780625063,0.010390915485880836,-0.04596966311396422,True,False,0,1,0,0,181.0409531114077,0,3439.7781091167462,0.0,17.0,8.0
123,2457,2021-05-19,Oakland Athletics,Houston Astros,0,-105.0,-115.0,0.5121951219512195,0.5348837209302325,0.4967330239374694,0.5032669760625306,-0.015462098013750147,-0.03161674486770194,False,False,0,0,0,0,0.0,0,3439.7781091167462,0.0,17.0,8.0
124,5904,2022-07-08,Cincinnati Reds,Tampa Bay Rays,1,144.0,-175.0,0.4098360655737705,0.6363636363636364,0.4136167219374937,0.5863832780625063,0.0037806563637232116,-0.04998035830113001,False,False,0,0,0,0,0.0,0,3439.7781091167462,0.0,17.0,8.0
125,8442,2023-05-28,New York Yankees,San Diego Padres,1,-148.0,124.0,0.5967741935483871,0.4464285714285714,0.5705515297906603,0.4294484702093397,-0.02622266375772686,-0.016980101219231714,False,False,0,0,0,0,0.0,0,3439.7781091167462,0.0,17.0,8.0
126,5833,2022-07-03,Detroit Tigers,Kansas City Royals,0,-127.0,106.0,0.5594713656387665,0.4854368932038835,0.544608854331958,0.4553911456680419,-0.01486251130680849,-0.030045747535841605,False,False,0,0,0,0,0.0,0,3439.7781091167462,0.0,17.0,8.0
127,1049,2020-09-09,Texas Rangers,Los Angeles Angels,1,108.0,-128.0,0.4807692307692308,0.5614035087719298,0.441292093161252,0.5587079068387479,-0.039477137607978774,-0.002695601933181857,False,False,0,0,0,0,0.0,0,3439.7781091167462,0.0,17.0,8.0
128,5969,2022-07-12,Texas Rangers,Oakland Athletics,0,-164.0,139.0,0.6212121212121212,0.4184100418410041,0.5705515297906603,0.4294484702093397,-0.050660591421460954,0.011038428368335573,False,True,1,0,0,0,171.9889054558373,0,3678.84268770036,239.06457858361384,18.0,8.0
129,2490,2021-05-22,Kansas City Royals,Detroit Tigers,1,-147.0,128.0,0.5951417004048583,0.4385964912280701,0.5705515297906603,0.4294484702093397,-0.024590170614197993,-0.009148021018730412,False,False,0,0,0,0,0.0,0,3678.84268770036,0.0,18.0,8.0
130,7858,2023-04-15,Oakland Athletics,New York Mets,0,153.0,-185.0,0.3952569169960474,0.6491228070175439,0.4082059988681381,0.591794001131862,0.012949081872090651,-0.0573288058856819,True,False,0,1,0,0,183.942134385018,0,3494.9005533153418,0.0,18.0,9.0
131,648,2020-08-13,Los Angeles Dodgers,San Diego Padres,1,-145.0,126.0,0.5918367346938775,0.4424778761061947,0.5705515297906603,0.4294484702093397,-0.02128520490321728,-0.013029405896855029,False,False,0,0,0,0,0.0,0,3494.9005533153418,0.0,18.0,9.0
132,6824,2022-09-16,New York Mets,Pittsburgh Pirates,1,-263.0,210.0,0.7245179063360881,0.3225806451612903,0.7515060240963856,0.2484939759036144,0.026988117760297414,-0.0740866692576759,True,False,1,0,0,0,183.942134385018,0,3564.8405283666793,69.93997505133764,19.0,9.0
133,1052,2020-09-09,Oakland Athletics,Houston Astros,1,-164.0,142.0,0.6212121212121212,0.4132231404958678,0.5705515297906603,0.4294484702093397,-0.050660591421460954,0.016225329713471903,False,True,0,1,0,0,183.942134385018,0,3380.8983939816612,0.0,19.0,10.0
134,639,2020-08-12,Boston Red Sox,Tampa Bay Rays,0,140.0,-161.0,0.4166666666666667,0.6168582375478927,0.417813257182416,0.582186742817584,0.001146590515749335,-0.03467149473030873,False,False,0,0,0,0,0.0,0,3380.8983939816612,0.0,19.0,10.0
135,2578,2021-05-28,Los Angeles Dodgers,San Francisco Giants,0,-189.0,162.0,0.6539792387543253,0.3816793893129771,0.6191971383147854,0.3808028616852146,-0.03478210043953989,-0.0008765276277625245,False,False,0,0,0,0,0.0,0,3380.8983939816612,0.0,19.0,10.0
136,5010,2022-05-05,Milwaukee Brewers,Cincinnati Reds,1,-250.0,205.0,0.7142857142857143,0.3278688524590163,0.732438227486216,0.2675617725137839,0.018152513200501708,-0.060307079945232434,True,False,1,0,0,0,169.04491969908307,0,3448.5163618612946,67.61796787963323,20.0,10.0
137,3794,2021-08-27,Oakland Athletics,New York Yankees,0,130.0,-149.0,0.4347826086956521,0.5983935742971888,0.417813257182416,0.582186742817584,-0.016969351513236086,-0.016206831479604777,False,False,0,0,0,0,0.0,0,3448.5163618612946,0.0,20.0,10.0
138,5303,2022-05-25,New York Yankees,Baltimore Orioles,1,-200.0,165.0,0.6666666666666666,0.3773584905660377,0.6191971383147854,0.3808028616852146,-0.04746952835188123,0.003444371119176892,False,False,0,0,0,0,0.0,0,3448.5163618612946,0.0,20.0,10.0
139,2734,2021-06-09,Texas Rangers,San Francisco Giants,1,-105.0,-115.0,0.5121951219512195,0.5348837209302325,0.4967330239374694,0.5032669760625306,-0.015462098013750147,-0.03161674486770194,False,False,0,0,0,0,0.0,0,3448.5163618612946,0.0,20.0,10.0
140,3564,2021-08-11,Houston Astros,Colorado Rockies,1,-238.0,205.0,0.7041420118343196,0.3278688524590163,0.732438227486216,0.2675617725137839,0.02829621565189644,-0.060307079945232434,True,False,1,0,0,0,172.42581809306475,0,3520.964184589473,72.44782272817847,21.0,10.0
141,5112,2022-05-12,Washington Nationals,New York Mets,0,134.0,-161.0,0.4273504273504273,0.6168582375478927,0.417813257182416,0.582186742817584,-0.009537170168011255,-0.03467149473030873,False,False,0,0,0,0,0.0,0,3520.964184589473,0.0,21.0,10.0
142,8389,2023-05-24,Milwaukee Brewers,Houston Astros,1,-108.0,-112.0,0.5192307692307693,0.5283018867924528,0.4967330239374694,0.5032669760625306,-0.022497745293299898,-0.025034910729922255,False,False,0,0,0,0,0.0,0,3520.964184589473,0.0,21.0,10.0
143,4017,2021-09-12,Seattle Mariners,Arizona Diamondbacks,0,-169.0,141.0,0.6282527881040892,0.4149377593360996,0.5705515297906603,0.4294484702093397,-0.05770125831342898,0.014510710873240074,False,True,1,0,0,0,172.42581809306475,0,3764.0845881006944,243.12040351122127,22.0,10.0
144,2224,2021-05-02,Oakland Athletics,Baltimore Orioles,1,-200.0,170.0,0.6666666666666666,0.3703703703703703,0.6191971383147854,0.3808028616852146,-0.04746952835188123,0.010432491314844305,False,True,0,1,0,0,172.42581809306475,0,3591.6587700076298,0.0,22.0,11.0
145,8791,2023-06-23,Philadelphia Phillies,New York Mets,1,-120.0,100.0,0.5454545454545454,0.5,0.5235869565217391,0.4764130434782608,-0.02186758893280627,-0.0235869565217392,False,False,0,0,0,0,0.0,0,3591.6587700076298,0.0,22.0,11.0
146,5654,2022-06-19,Oakland Athletics,Kansas City Royals,1,122.0,-145.0,0.4504504504504504,0.5918367346938775,0.417813257182416,0.582186742817584,-0.03263719326803438,-0.009649991876293562,False,False,0,0,0,0,0.0,0,3591.6587700076298,0.0,22.0,11.0
147,8118,2023-05-04,Tampa Bay Rays,Pittsburgh Pirates,1,-195.0,160.0,0.6610169491525424,0.3846153846153846,0.6191971383147854,0.3808028616852146,-0.04181981083775699,-0.0038125229301699814,False,False,0,0,0,0,0.0,0,3591.6587700076298,0.0,22.0,11.0
148,4857,2022-04-23,Seattle Mariners,Kansas City Royals,1,-161.0,134.0,0.6168582375478927,0.4273504273504273,0.5705515297906603,0.4294484702093397,-0.046306707757232446,0.002098042858912408,False,False,0,0,0,0,0.0,0,3591.6587700076298,0.0,22.0,11.0
149,5659,2022-06-20,New York Mets,Miami Marlins,1,-169.0,141.0,0.6282527881040892,0.4149377593360996,0.5705515297906603,0.4294484702093397,-0.05770125831342898,0.014510710873240074,False,True,0,1,0,0,179.5829385003815,0,3412.075831507248,0.0,22.0,12.0
150,4026,2021-09-13,Seattle Mariners,Boston Red Sox,1,105.0,-125.0,0.4878048780487805,0.5555555555555556,0.4672730515427145,0.5327269484572856,-0.020531826506065998,-0.02282860709826995,False,False,0,0,0,0,0.0,0,3412.075831507248,0.0,22.0,12.0
151,839,2020-08-26,New York Mets,Miami Marlins,1,-263.0,220.0,0.7245179063360881,0.3125,0.7552939028842643,0.2447060971157356,0.0307759965481762,-0.0677939028842644,True,False,1,0,0,0,170.6037915753624,0,3476.944193322975,64.86836181572714,23.0,12.0
152,6959,2022-09-25,Texas Rangers,Cleveland Guardians,0,115.0,-138.0,0.4651162790697674,0.5798319327731093,0.417813257182416,0.582186742817584,-0.04730302188735136,0.0023548100444746867,False,False,0,0,0,0,0.0,0,3476.944193322975,0.0,23.0,12.0
153,1268,2020-09-24,Kansas City Royals,Detroit Tigers,1,-154.0,134.0,0.6062992125984252,0.4273504273504273,0.5705515297906603,0.4294484702093397,-0.03574768280776497,0.002098042858912408,False,False,0,0,0,0,0.0,0,3476.944193322975,0.0,23.0,12.0
154,715,2020-08-18,Los Angeles Angels,San Francisco Giants,0,-233.0,200.0,0.6996996996996997,0.3333333333333333,0.732438227486216,0.2675617725137839,0.032738527786516314,-0.06577156081954944,True,False,0,1,0,0,170.6037915753624,0,3306.3404017476128,0.0,23.0,13.0
155,6283,2022-08-07,Baltimore Orioles,Pittsburgh Pirates,0,-175.0,144.0,0.6363636363636364,0.4098360655737705,0.6057176891006552,0.3942823108993448,-0.0306459472629812,-0.015553754674425713,False,False,0,0,0,0,0.0,0,3306.3404017476128,0.0,23.0,13.0
156,4065,2021-09-16,Texas Rangers,Houston Astros,0,190.0,-233.0,0.3448275862068966,0.6996996996996997,0.3595128373930217,0.6404871626069784,0.014685251186125126,-0.05921253709272134,True,False,0,1,0,0,165.31702008738066,0,3141.023381660232,0.0,23.0,14.0
157,1986,2021-04-15,Tampa Bay Rays,Texas Rangers,0,-179.0,155.0,0.6415770609318996,0.392156862745098,0.611780258519389,0.388219741480611,-0.029796802412510592,-0.003937121264486976,False,False,0,0,0,0,0.0,0,3141.023381660232,0.0,23.0,14.0
158,2103,2021-04-24,Boston Red Sox,Seattle Mariners,0,-200.0,170.0,0.6666666666666666,0.3703703703703703,0.6191971383147854,0.3808028616852146,-0.04746952835188123,0.010432491314844305,False,True,1,0,0,0,165.31702008738066,0,3422.062315808779,281.0389341485471,24.0,14.0
159,7964,2023-04-23,Philadelphia Phillies,Colorado Rockies,1,-300.0,240.0,0.75,0.2941176470588235,0.7552939028842643,0.2447060971157356,0.005293902884264345,-0.049411549943087885,False,False,0,0,0,0,0.0,0,3422.062315808779,0.0,24.0,14.0
160,2161,2021-04-28,Los Angeles Dodgers,Cincinnati Reds,1,-204.0,175.0,0.6710526315789473,0.3636363636363636,0.6633646358222629,0.336635364177737,-0.00768799575668444,-0.027000999458626607,False,False,0,0,0,0,0.0,0,3422.062315808779,0.0,24.0,14.0
161,8850,2023-06-27,Oakland Athletics,New York Yankees,1,117.0,-140.0,0.4608294930875576,0.5833333333333334,0.417813257182416,0.582186742817584,-0.04301623590514159,-0.0011465905157493905,False,False,0,0,0,0,0.0,0,3422.062315808779,0.0,24.0,14.0
162,8433,2023-05-27,Atlanta Braves,Philadelphia Phillies,0,-140.0,117.0,0.5833333333333334,0.4608294930875576,0.5476778656126482,0.4523221343873517,-0.035655467720685174,-0.008507358700205914,False,False,0,0,0,0,0.0,0,3422.062315808779,0.0,24.0,14.0
163,3528,2021-08-08,New York Yankees,Seattle Mariners,0,-137.0,117.0,0.5780590717299579,0.4608294930875576,0.5476778656126482,0.4523221343873517,-0.030381206117309656,-0.008507358700205914,False,False,0,0,0,0,0.0,0,3422.062315808779,0.0,24.0,14.0
164,3104,2021-07-05,Texas Rangers,Detroit Tigers,0,-149.0,130.0,0.5983935742971888,0.4347826086956521,0.5705515297906603,0.4294484702093397,-0.027842044506528496,-0.005334138486312423,False,False,0,0,0,0,0.0,0,3422.062315808779,0.0,24.0,14.0
165,3882,2021-09-03,Cincinnati Reds,Detroit Tigers,0,-182.0,157.0,0.6453900709219859,0.3891050583657587,0.611780258519389,0.388219741480611,-0.03360981240259686,-0.0008853168851477022,False,False,0,0,0,0,0.0,0,3422.062315808779,0.0,24.0,14.0
166,8671,2023-06-14,Boston Red Sox,Colorado Rockies,1,-230.0,190.0,0.696969696969697,0.3448275862068966,0.732438227486216,0.2675617725137839,0.03546853051651899,-0.0772658136931127,True,False,1,0,0,0,171.10311579043898,0,3496.4549748481004,74.39265903932129,25.0,14.0
167,8071,2023-04-30,Colorado Rockies,Arizona Diamondbacks,1,107.0,-128.0,0.4830917874396135,0.5614035087719298,0.441292093161252,0.5587079068387479,-0.0417996942783615,-0.002695601933181857,False,False,0,0,0,0,0.0,0,3496.4549748481004,0.0,25.0,14.0
168,6525,2022-08-24,Kansas City Royals,Arizona Diamondbacks,1,108.0,-130.0,0.4807692307692308,0.5652173913043478,0.441292093161252,0.5587079068387479,-0.039477137607978774,-0.006509484465599846,False,False,0,0,0,0,0.0,0,3496.4549748481004,0.0,25.0,14.0
169,5979,2022-07-13,Kansas City Royals,Detroit Tigers,1,-125.0,105.0,0.5555555555555556,0.4878048780487805,0.544608854331958,0.4553911456680419,-0.010946701223597533,-0.03241373238073858,False,False,0,0,0,0,0.0,0,3496.4549748481004,0.0,25.0,14.0
170,3816,2021-08-29,New York Mets,Washington Nationals,1,-169.0,145.0,0.6282527881040892,0.4081632653061224,0.6057176891006552,0.3942823108993448,-0.02253509900343409,-0.013880954406777612,False,False,0,0,0,0,0.0,0,3496.4549748481004,0.0,25.0,14.0
171,5514,2022-06-09,Kansas City Royals,Baltimore Orioles,1,-110.0,-110.0,0.5238095238095238,0.5238095238095238,0.4967330239374694,0.5032669760625306,-0.02707649987205446,-0.020542547746993267,False,False,0,0,0,0,0.0,0,3496.4549748481004,0.0,25.0,14.0
172,3282,2021-07-21,Cincinnati Reds,New York Mets,0,120.0,-141.0,0.4545454545454545,0.5850622406639004,0.417813257182416,0.582186742817584,-0.036732197363038455,-0.002875497846316466,False,False,0,0,0,0,0.0,0,3496.4549748481004,0.0,25.0,14.0
173,6720,2022-09-08,Chicago Cubs,Cincinnati Reds,0,-145.0,122.0,0.5918367346938775,0.4504504504504504,0.5705515297906603,0.4294484702093397,-0.02128520490321728,-0.021001980241110718,False,False,0,0,0,0,0.0,0,3496.4549748481004,0.0,25.0,14.0
174,6919,2022-09-22,Los Angeles Dodgers,Arizona Diamondbacks,1,-220.0,180.0,0.6875,0.3571428571428571,0.732438227486216,0.2675617725137839,0.04493822748621601,-0.08958108462907322,True,False,1,0,0,0,174.82274874240503,0,3575.919860640103,79.46488579200228,26.0,14.0
175,6884,2022-09-20,Atlanta Braves,Washington Nationals,1,-320.0,255.0,0.7619047619047619,0.2816901408450704,0.7588589652728561,0.2411410347271438,-0.0030457966319057395,-0.04054910611792659,False,False,0,0,0,0,0.0,0,3575.919860640103,0.0,26.0,14.0
176,2788,2021-06-12,Los Angeles Dodgers,Texas Rangers,0,-294.0,240.0,0.7461928934010152,0.2941176470588235,0.7552939028842643,0.2447060971157356,0.0091010094832491,-0.049411549943087885,False,False,0,0,0,0,0.0,0,3575.919860640103,0.0,26.0,14.0
177,1195,2020-09-19,Houston Astros,Arizona Diamondbacks,1,-169.0,145.0,0.6282527881040892,0.4081632653061224,0.6057176891006552,0.3942823108993448,-0.02253509900343409,-0.013880954406777612,False,False,0,0,0,0,0.0,0,3575.919860640103,0.0,26.0,14.0
178,5698,2022-06-23,Miami Marlins,Colorado Rockies,1,-145.0,122.0,0.5918367346938775,0.4504504504504504,0.5705515297906603,0.4294484702093397,-0.02128520490321728,-0.021001980241110718,False,False,0,0,0,0,0.0,0,3575.919860640103,0.0,26.0,14.0
179,3603,2021-08-13,Arizona Diamondbacks,San Diego Padres,1,148.0,-172.0,0.4032258064516129,0.6323529411764706,0.4136167219374937,0.5863832780625063,0.010390915485880836,-0.04596966311396422,True,False,1,0,0,0,178.79599303200516,0,3840.5379303274703,264.6180696873676,27.0,14.0
180,5925,2022-07-09,Kansas City Royals,Cleveland Guardians,0,107.0,-128.0,0.4830917874396135,0.5614035087719298,0.441292093161252,0.5587079068387479,-0.0417996942783615,-0.002695601933181857,False,False,0,0,0,0,0.0,0,3840.5379303274703,0.0,27.0,14.0
181,1963,2021-04-13,Los Angeles Dodgers,Colorado Rockies,1,-333.0,265.0,0.76905311778291,0.273972602739726,0.7922519772096678,0.2077480227903322,0.023198859426757812,-0.06622457994939382,True,False,1,0,0,0,192.02689651637354,0,3898.203665017072,57.66573468960166,28.0,14.0
182,4001,2021-09-11,New York Mets,New York Yankees,0,108.0,-130.0,0.4807692307692308,0.5652173913043478,0.441292093161252,0.5587079068387479,-0.039477137607978774,-0.006509484465599846,False,False,0,0,0,0,0.0,0,3898.203665017072,0.0,28.0,14.0
183,1246,2020-09-23,San Diego Padres,Los Angeles Angels,0,-189.0,163.0,0.6539792387543253,0.3802281368821292,0.6191971383147854,0.3808028616852146,-0.03478210043953989,0.0005747248030854024,False,False,0,0,0,0,0.0,0,3898.203665017072,0.0,28.0,14.0
184,825,2020-08-25,Milwaukee Brewers,Cincinnati Reds,1,-115.0,-105.0,0.5348837209302325,0.5121951219512195,0.5090415019762846,0.4909584980237154,-0.025842218953947893,-0.02123662392750414,False,False,0,0,0,0,0.0,0,3898.203665017072,0.0,28.0,14.0
185,6736,2022-09-09,Milwaukee Brewers,Cincinnati Reds,0,-141.0,117.0,0.5850622406639004,0.4608294930875576,0.5476778656126482,0.4523221343873517,-0.03738437505125225,-0.008507358700205914,False,False,0,0,0,0,0.0,0,3898.203665017072,0.0,28.0,14.0
186,3482,2021-08-04,Arizona Diamondbacks,San Francisco Giants,0,155.0,-179.0,0.392156862745098,0.6415770609318996,0.4082059988681381,0.591794001131862,0.016049136123040098,-0.04978305980003761,True,False,0,1,0,0,194.9101832508536,0,3703.2934817662185,0.0,28.0,15.0
187,3744,2021-08-24,Philadelphia Phillies,Tampa Bay Rays,0,100.0,-120.0,0.5,0.5454545454545454,0.4672730515427145,0.5327269484572856,-0.03272694845728552,-0.012727596997259782,False,False,0,0,0,0,0.0,0,3703.2934817662185,0.0,28.0,15.0
188,5838,2022-07-03,Cincinnati Reds,Atlanta Braves,1,134.0,-161.0,0.4273504273504273,0.6168582375478927,0.417813257182416,0.582186742817584,-0.009537170168011255,-0.03467149473030873,False,False,0,0,0,0,0.0,0,3703.2934817662185,0.0,28.0,15.0
189,4731,2022-04-15,Miami Marlins,Philadelphia Phillies,1,-115.0,-105.0,0.5348837209302325,0.5121951219512195,0.5090415019762846,0.4909584980237154,-0.025842218953947893,-0.02123662392750414,False,False,0,0,0,0,0.0,0,3703.2934817662185,0.0,28.0,15.0
190,8270,2023-05-15,Houston Astros,Chicago Cubs,1,-185.0,153.0,0.6491228070175439,0.3952569169960474,0.611780258519389,0.388219741480611,-0.03734254849815488,-0.007037175515436422,False,False,0,0,0,0,0.0,0,3703.2934817662185,0.0,28.0,15.0
191,2537,2021-05-25,Oakland Athletics,Seattle Mariners,0,-169.0,144.0,0.6282527881040892,0.4098360655737705,0.6057176891006552,0.3942823108993448,-0.02253509900343409,-0.015553754674425713,False,False,0,0,0,0,0.0,0,3703.2934817662185,0.0,28.0,15.0
192,5253,2022-05-22,Boston Red Sox,Seattle Mariners,1,-125.0,105.0,0.5555555555555556,0.4878048780487805,0.544608854331958,0.4553911456680419,-0.010946701223597533,-0.03241373238073858,False,False,0,0,0,0,0.0,0,3703.2934817662185,0.0,28.0,15.0
193,7793,2023-04-10,Chicago Cubs,Seattle Mariners,1,139.0,-165.0,0.4184100418410041,0.6226415094339622,0.417813257182416,0.582186742817584,-0.0005967846585880898,-0.04045476661637826,False,False,0,0,0,0,0.0,0,3703.2934817662185,0.0,28.0,15.0
194,6985,2022-09-28,Cleveland Guardians,Tampa Bay Rays,1,-130.0,108.0,0.5652173913043478,0.4807692307692308,0.544608854331958,0.4553911456680419,-0.020608536972389735,-0.025378085101188885,False,False,0,0,0,0,0.0,0,3703.2934817662185,0.0,28.0,15.0
195,7913,2023-04-19,Miami Marlins,San Francisco Giants,0,-107.0,-113.0,0.5169082125603864,0.5305164319248826,0.4967330239374694,0.5032669760625306,-0.020175188622917062,-0.027249455862352057,False,False,0,0,0,0,0.0,0,3703.2934817662185,0.0,28.0,15.0
196,8887,2023-06-30,Colorado Rockies,Detroit Tigers,1,100.0,-120.0,0.5,0.5454545454545454,0.4672730515427145,0.5327269484572856,-0.03272694845728552,-0.012727596997259782,False,False,0,0,0,0,0.0,0,3703.2934817662185,0.0,28.0,15.0
197,8112,2023-05-03,Kansas City Royals,Baltimore Orioles,1,130.0,-155.0,0.4347826086956521,0.6078431372549019,0.417813257182416,0.582186742817584,-0.016969351513236086,-0.02565639443731793,False,False,0,0,0,0,0.0,0,3703.2934817662185,0.0,28.0,15.0
198,5522,2022-06-10,Kansas City Royals,Baltimore Orioles,1,-105.0,-115.0,0.5121951219512195,0.5348837209302325,0.4967330239374694,0.5032669760625306,-0.015462098013750147,-0.03161674486770194,False,False,0,0,0,0,0.0,0,3703.2934817662185,0.0,28.0,15.0
199,4970,2022-05-02,Miami Marlins,Arizona Diamondbacks,0,-154.0,130.0,0.6062992125984252,0.4347826086956521,0.5705515297906603,0.4294484702093397,-0.03574768280776497,-0.005334138486312423,False,False,0,0,0,0,0.0,0,3703.2934817662185,0.0,28.0,15.0
200,6149,2022-07-28,Colorado Rockies,Los Angeles Dodgers,0,170.0,-208.0,0.3703703703703703,0.6753246753246753,0.3595128373930217,0.6404871626069784,-0.010857532977348594,-0.03483751271769697,False,False,0,0,0,0,0.0,0,3703.2934817662185,0.0,28.0,15.0
201,5171,2022-05-16,Boston Red Sox,Houston Astros,1,-118.0,-103.0,0.5412844036697247,0.5073891625615764,0.5235869565217391,0.4764130434782608,-0.0176974471479856,-0.0309761190833156,False,False,0,0,0,0,0.0,0,3703.2934817662185,0.0,28.0,15.0
202,6784,2022-09-13,Cleveland Guardians,Los Angeles Angels,1,-135.0,113.0,0.574468085106383,0.4694835680751174,0.544608854331958,0.4553911456680419,-0.029859230774424983,-0.014092422407075478,False,False,0,0,0,0,0.0,0,3703.2934817662185,0.0,28.0,15.0
203,6962,2022-09-25,Oakland Athletics,New York Mets,0,255.0,-320.0,0.2816901408450704,0.7619047619047619,0.1499895615424745,0.8500104384575256,-0.13170057930259588,0.08810567655276369,False,True,1,0,0,0,185.16467408831093,0,3761.1574424188157,57.863960652597164,29.0,15.0
204,7832,2023-04-13,New York Yankees,Minnesota Twins,0,-150.0,126.0,0.6,0.4424778761061947,0.5705515297906603,0.4294484702093397,-0.029448470209339717,-0.013029405896855029,False,False,0,0,0,0,0.0,0,3761.1574424188157,0.0,29.0,15.0
205,6147,2022-07-28,Boston Red Sox,Cleveland Guardians,1,-105.0,-115.0,0.5121951219512195,0.5348837209302325,0.4967330239374694,0.5032669760625306,-0.015462098013750147,-0.03161674486770194,False,False,0,0,0,0,0.0,0,3761.1574424188157,0.0,29.0,15.0
206,5361,2022-05-29,Arizona Diamondbacks,Los Angeles Dodgers,0,170.0,-208.0,0.3703703703703703,0.6753246753246753,0.3595128373930217,0.6404871626069784,-0.010857532977348594,-0.03483751271769697,False,False,0,0,0,0,0.0,0,3761.1574424188157,0.0,29.0,15.0
207,2133,2021-04-26,Detroit Tigers,Kansas City Royals,0,-105.0,-115.0,0.5121951219512195,0.5348837209302325,0.4967330239374694,0.5032669760625306,-0.015462098013750147,-0.03161674486770194,False,False,0,0,0,0,0.0,0,3761.1574424188157,0.0,29.0,15.0
208,3626,2021-08-15,Boston Red Sox,Baltimore Orioles,1,-294.0,240.0,0.7461928934010152,0.2941176470588235,0.7552939028842643,0.2447060971157356,0.0091010094832491,-0.049411549943087885,False,False,0,0,0,0,0.0,0,3761.1574424188157,0.0,29.0,15.0
209,8244,2023-05-13,Los Angeles Dodgers,San Diego Padres,1,-148.0,124.0,0.5967741935483871,0.4464285714285714,0.5705515297906603,0.4294484702093397,-0.02622266375772686,-0.016980101219231714,False,False,0,0,0,0,0.0,0,3761.1574424188157,0.0,29.0,15.0
210,3140,2021-07-07,Seattle Mariners,New York Yankees,0,100.0,-120.0,0.5,0.5454545454545454,0.4672730515427145,0.5327269484572856,-0.03272694845728552,-0.012727596997259782,False,False,0,0,0,0,0.0,0,3761.1574424188157,0.0,29.0,15.0
211,2980,2021-06-26,San Diego Padres,Arizona Diamondbacks,0,-270.0,225.0,0.7297297297297297,0.3076923076923077,0.7552939028842643,0.2447060971157356,0.02556417315453463,-0.06298621057657211,True,False,0,1,0,0,188.0578721209408,0,3573.099570297875,0.0,29.0,16.0
212,6075,2022-07-23,Detroit Tigers,Minnesota Twins,0,144.0,-175.0,0.4098360655737705,0.6363636363636364,0.4136167219374937,0.5863832780625063,0.0037806563637232116,-0.04998035830113001,False,False,0,0,0,0,0.0,0,3573.099570297875,0.0,29.0,16.0
213,5648,2022-06-19,Toronto Blue Jays,New York Yankees,1,134.0,-161.0,0.4273504273504273,0.6168582375478927,0.417813257182416,0.582186742817584,-0.009537170168011255,-0.03467149473030873,False,False,0,0,0,0,0.0,0,3573.099570297875,0.0,29.0,16.0
214,3636,2021-08-15,Seattle Mariners,Toronto Blue Jays,0,103.0,-123.0,0.4926108374384236,0.5515695067264574,0.4672730515427145,0.5327269484572856,-0.02533778589570912,-0.018842558269171805,False,False,0,0,0,0,0.0,0,3573.099570297875,0.0,29.0,16.0
215,8173,2023-05-08,Baltimore Orioles,Tampa Bay Rays,0,144.0,-175.0,0.4098360655737705,0.6363636363636364,0.4136167219374937,0.5863832780625063,0.0037806563637232116,-0.04998035830113001,False,False,0,0,0,0,0.0,0,3573.099570297875,0.0,29.0,16.0
216,4059,2021-09-16,Kansas City Royals,Oakland Athletics,0,105.0,-125.0,0.4878048780487805,0.5555555555555556,0.4672730515427145,0.5327269484572856,-0.020531826506065998,-0.02282860709826995,False,False,0,0,0,0,0.0,0,3573.099570297875,0.0,29.0,16.0
217,3326,2021-07-24,Houston Astros,Texas Rangers,1,-204.0,175.0,0.6710526315789473,0.3636363636363636,0.6633646358222629,0.336635364177737,-0.00768799575668444,-0.027000999458626607,False,False,0,0,0,0,0.0,0,3573.099570297875,0.0,29.0,16.0
218,6599,2022-08-30,Texas Rangers,Houston Astros,0,148.0,-179.0,0.4032258064516129,0.6415770609318996,0.4136167219374937,0.5863832780625063,0.010390915485880836,-0.05519378286939325,True,False,0,1,0,0,178.65497851489374,0,3394.444591782981,0.0,29.0,17.0
219,8250,2023-05-14,Baltimore Orioles,Pittsburgh Pirates,0,-130.0,108.0,0.5652173913043478,0.4807692307692308,0.544608854331958,0.4553911456680419,-0.020608536972389735,-0.025378085101188885,False,False,0,0,0,0,0.0,0,3394.444591782981,0.0,29.0,17.0
220,3843,2021-08-31,Texas Rangers,Colorado Rockies,1,115.0,-135.0,0.4651162790697674,0.574468085106383,0.417813257182416,0.582186742817584,-0.04730302188735136,0.007718657711200949,False,False,0,0,0,0,0.0,0,3394.444591782981,0.0,29.0,17.0
221,5342,2022-05-28,Atlanta Braves,Miami Marlins,0,-115.0,-105.0,0.5348837209302325,0.5121951219512195,0.5090415019762846,0.4909584980237154,-0.025842218953947893,-0.02123662392750414,False,False,0,0,0,0,0.0,0,3394.444591782981,0.0,29.0,17.0
222,3186,2021-07-11,Boston Red Sox,Philadelphia Phillies,0,-120.0,100.0,0.5454545454545454,0.5,0.5235869565217391,0.4764130434782608,-0.02186758893280627,-0.0235869565217392,False,False,0,0,0,0,0.0,0,3394.444591782981,0.0,29.0,17.0
223,4864,2022-04-24,Houston Astros,Toronto Blue Jays,1,-135.0,113.0,0.574468085106383,0.4694835680751174,0.544608854331958,0.4553911456680419,-0.029859230774424983,-0.014092422407075478,False,False,0,0,0,0,0.0,0,3394.444591782981,0.0,29.0,17.0
224,3265,2021-07-20,Milwaukee Brewers,Kansas City Royals,0,-167.0,143.0,0.6254681647940075,0.411522633744856,0.6043478260869566,0.3956521739130434,-0.02112033870705088,-0.015870459831812567,False,False,0,0,0,0,0.0,0,3394.444591782981,0.0,29.0,17.0
225,7941,2023-04-21,Minnesota Twins,Washington Nationals,0,-220.0,180.0,0.6875,0.3571428571428571,0.732438227486216,0.2675617725137839,0.04493822748621601,-0.08958108462907322,True,False,0,1,0,0,169.72222958914907,0,3224.722362193832,0.0,29.0,18.0
226,1062,2020-09-10,Miami Marlins,Philadelphia Phillies,1,102.0,-122.0,0.495049504950495,0.5495495495495496,0.4672730515427145,0.5327269484572856,-0.02777645340778051,-0.016822601092263967,False,False,0,0,0,0,0.0,0,3224.722362193832,0.0,29.0,18.0
227,3779,2021-08-26,San Diego Padres,Los Angeles Dodgers,0,130.0,-149.0,0.4347826086956521,0.5983935742971888,0.417813257182416,0.582186742817584,-0.016969351513236086,-0.016206831479604777,False,False,0,0,0,0,0.0,0,3224.722362193832,0.0,29.0,18.0
228,3144,2021-07-08,Seattle Mariners,New York Yankees,1,120.0,-141.0,0.4545454545454545,0.5850622406639004,0.417813257182416,0.582186742817584,-0.036732197363038455,-0.002875497846316466,False,False,0,0,0,0,0.0,0,3224.722362193832,0.0,29.0,18.0
229,6089,2022-07-24,Pittsburgh Pirates,Miami Marlins,0,153.0,-185.0,0.3952569169960474,0.6491228070175439,0.4082059988681381,0.591794001131862,0.012949081872090651,-0.0573288058856819,True,False,0,1,0,0,169.72222958914907,0,3055.0001326046827,0.0,29.0,19.0
230,3320,2021-07-24,Philadelphia Phillies,Atlanta Braves,0,-118.0,-103.0,0.5412844036697247,0.5073891625615764,0.5235869565217391,0.4764130434782608,-0.0176974471479856,-0.0309761190833156,False,False,0,0,0,0,0.0,0,3055.0001326046827,0.0,29.0,19.0
231,8288,2023-05-16,San Diego Padres,Kansas City Royals,0,-220.0,180.0,0.6875,0.3571428571428571,0.732438227486216,0.2675617725137839,0.04493822748621601,-0.08958108462907322,True,False,0,1,0,0,152.75000663023414,0,2902.2501259744486,0.0,29.0,20.0
232,1215,2020-09-20,Seattle Mariners,San Diego Padres,0,210.0,-250.0,0.3225806451612903,0.7142857142857143,0.3064516129032258,0.6935483870967742,-0.016129032258064502,-0.020737327188940058,False,False,0,0,0,0,0.0,0,2902.2501259744486,0.0,29.0,20.0
233,6613,2022-08-31,New York Mets,Los Angeles Dodgers,1,-143.0,120.0,0.588477366255144,0.4545454545454545,0.5679347826086957,0.4320652173913043,-0.020542583646448342,-0.02248023715415015,False,False,0,0,0,0,0.0,0,2902.2501259744486,0.0,29.0,20.0
234,5927,2022-07-09,Atlanta Braves,Washington Nationals,1,-244.0,200.0,0.7093023255813954,0.3333333333333333,0.732438227486216,0.2675617725137839,0.02313590190482062,-0.06577156081954944,True,False,1,0,0,0,152.75000663023414,0,2964.852587708151,62.60246173370252,30.0,20.0
235,3811,2021-08-28,Los Angeles Dodgers,Colorado Rockies,1,-250.0,210.0,0.7142857142857143,0.3225806451612903,0.7515060240963856,0.2484939759036144,0.03722030981067126,-0.0740866692576759,True,False,1,0,0,0,148.24262938540755,0,3024.149639462314,59.29705175416302,31.0,20.0
236,2365,2021-05-13,Detroit Tigers,Kansas City Royals,1,-112.0,-108.0,0.5283018867924528,0.5192307692307693,0.4967330239374694,0.5032669760625306,-0.03156886285498345,-0.015963793168238705,False,False,0,0,0,0,0.0,0,3024.149639462314,0.0,31.0,20.0
237,5745,2022-06-26,Milwaukee Brewers,Toronto Blue Jays,1,134.0,-161.0,0.4273504273504273,0.6168582375478927,0.417813257182416,0.582186742817584,-0.009537170168011255,-0.03467149473030873,False,False,0,0,0,0,0.0,0,3024.149639462314,0.0,31.0,20.0
238,658,2020-08-14,Miami Marlins,Atlanta Braves,1,-102.0,-118.0,0.504950495049505,0.5412844036697247,0.4967330239374694,0.5032669760625306,-0.00821747111203558,-0.038017427607194176,False,False,0,0,0,0,0.0,0,3024.149639462314,0.0,31.0,20.0
239,3352,2021-07-26,Chicago Cubs,Cincinnati Reds,1,-127.0,107.0,0.5594713656387665,0.4830917874396135,0.544608854331958,0.4553911456680419,-0.01486251130680849,-0.02770064177157161,False,False,0,0,0,0,0.0,0,3024.149639462314,0.0,31.0,20.0
240,2958,2021-06-25,Texas Rangers,Kansas City Royals,1,-110.0,-110.0,0.5238095238095238,0.5238095238095238,0.4967330239374694,0.5032669760625306,-0.02707649987205446,-0.020542547746993267,False,False,0,0,0,0,0.0,0,3024.149639462314,0.0,31.0,20.0
241,4074,2021-09-17,Miami Marlins,Pittsburgh Pirates,0,-154.0,130.0,0.6062992125984252,0.4347826086956521,0.5705515297906603,0.4294484702093397,-0.03574768280776497,-0.005334138486312423,False,False,0,0,0,0,0.0,0,3024.149639462314,0.0,31.0,20.0
242,2135,2021-04-26,Baltimore Orioles,New York Yankees,1,145.0,-169.0,0.4081632653061224,0.6282527881040892,0.4136167219374937,0.5863832780625063,0.005453456631371312,-0.0418695100415829,False,False,0,0,0,0,0.0,0,3024.149639462314,0.0,31.0,20.0
243,8369,2023-05-22,Seattle Mariners,Oakland Athletics,1,-310.0,250.0,0.7560975609756098,0.2857142857142857,0.7588589652728561,0.2411410347271438,0.0027614042972463615,-0.044573250987141905,False,False,0,0,0,0,0.0,0,3024.149639462314,0.0,31.0,20.0
244,5190,2022-05-17,Baltimore Orioles,New York Yankees,0,180.0,-222.0,0.3571428571428571,0.6894409937888198,0.3595128373930217,0.6404871626069784,0.002369980250164605,-0.04895383118184149,False,False,0,0,0,0,0.0,0,3024.149639462314,0.0,31.0,20.0
245,6563,2022-08-27,Minnesota Twins,San Francisco Giants,1,-141.0,117.0,0.5850622406639004,0.4608294930875576,0.5476778656126482,0.4523221343873517,-0.03738437505125225,-0.008507358700205914,False,False,0,0,0,0,0.0,0,3024.149639462314,0.0,31.0,20.0
246,8264,2023-05-15,Washington Nationals,New York Mets,1,130.0,-155.0,0.4347826086956521,0.6078431372549019,0.417813257182416,0.582186742817584,-0.016969351513236086,-0.02565639443731793,False,False,0,0,0,0,0.0,0,3024.149639462314,0.0,31.0,20.0
247,8672,2023-06-14,New York Mets,New York Yankees,1,-108.0,-112.0,0.5192307692307693,0.5283018867924528,0.4967330239374694,0.5032669760625306,-0.022497745293299898,-0.025034910729922255,False,False,0,0,0,0,0.0,0,3024.149639462314,0.0,31.0,20.0
248,8564,2023-06-06,Cincinnati Reds,Los Angeles Dodgers,1,160.0,-195.0,0.3846153846153846,0.6610169491525424,0.4082059988681381,0.591794001131862,0.023590614252753495,-0.06922294802068041,True,False,1,0,0,0,151.2074819731157,0,3266.081610619299,241.93197115698513,32.0,20.0
249,5143,2022-05-14,Pittsburgh Pirates,Cincinnati Reds,1,-108.0,-114.0,0.5192307692307693,0.5327102803738317,0.4967330239374694,0.5032669760625306,-0.022497745293299898,-0.029443304311301155,False,False,0,0,0,0,0.0,0,3266.081610619299,0.0,32.0,20.0
250,5992,2022-07-14,Colorado Rockies,San Diego Padres,1,117.0,-141.0,0.4608294930875576,0.5850622406639004,0.417813257182416,0.582186742817584,-0.04301623590514159,-0.002875497846316466,False,False,0,0,0,0,0.0,0,3266.081610619299,0.0,32.0,20.0
251,8422,2023-05-26,Arizona Diamondbacks,Boston Red Sox,0,122.0,-145.0,0.4504504504504504,0.5918367346938775,0.417813257182416,0.582186742817584,-0.03263719326803438,-0.009649991876293562,False,False,0,0,0,0,0.0,0,3266.081610619299,0.0,32.0,20.0
252,2519,2021-05-24,New York Mets,Colorado Rockies,0,-141.0,120.0,0.5850622406639004,0.4545454545454545,0.5679347826086957,0.4320652173913043,-0.01712745805520477,-0.02248023715415015,False,False,0,0,0,0,0.0,0,3266.081610619299,0.0,32.0,20.0
253,2647,2021-06-02,Chicago Cubs,San Diego Padres,1,-105.0,-115.0,0.5121951219512195,0.5348837209302325,0.4967330239374694,0.5032669760625306,-0.015462098013750147,-0.03161674486770194,False,False,0,0,0,0,0.0,0,3266.081610619299,0.0,32.0,20.0
254,8001,2023-04-25,Milwaukee Brewers,Detroit Tigers,0,-175.0,144.0,0.6363636363636364,0.4098360655737705,0.6057176891006552,0.3942823108993448,-0.0306459472629812,-0.015553754674425713,False,False,0,0,0,0,0.0,0,3266.081610619299,0.0,32.0,20.0
255,3370,2021-07-27,Seattle Mariners,Houston Astros,0,140.0,-161.0,0.4166666666666667,0.6168582375478927,0.417813257182416,0.582186742817584,0.001146590515749335,-0.03467149473030873,False,False,0,0,0,0,0.0,0,3266.081610619299,0.0,32.0,20.0
256,8149,2023-05-06,Philadelphia Phillies,Boston Red Sox,0,-145.0,122.0,0.5918367346938775,0.4504504504504504,0.5705515297906603,0.4294484702093397,-0.02128520490321728,-0.021001980241110718,False,False,0,0,0,0,0.0,0,3266.081610619299,0.0,32.0,20.0
257,8902,2023-07-01,New York Mets,San Francisco Giants,1,-150.0,126.0,0.6,0.4424778761061947,0.5705515297906603,0.4294484702093397,-0.029448470209339717,-0.013029405896855029,False,False,0,0,0,0,0.0,0,3266.081610619299,0.0,32.0,20.0
258,4164,2021-09-23,Minnesota Twins,Toronto Blue Jays,1,126.0,-149.0,0.4424778761061947,0.5983935742971888,0.417813257182416,0.582186742817584,-0.02466461892377869,-0.016206831479604777,False,False,0,0,0,0,0.0,0,3266.081610619299,0.0,32.0,20.0
259,1285,2020-09-25,Minnesota Twins,Cincinnati Reds,0,-152.0,132.0,0.6031746031746031,0.4310344827586206,0.5705515297906603,0.4294484702093397,-0.03262307338394288,-0.001586012549280924,False,False,0,0,0,0,0.0,0,3266.081610619299,0.0,32.0,20.0
260,5412,2022-06-02,Detroit Tigers,Minnesota Twins,1,113.0,-135.0,0.4694835680751174,0.574468085106383,0.417813257182416,0.582186742817584,-0.051670310892701354,0.007718657711200949,False,False,0,0,0,0,0.0,0,3266.081610619299,0.0,32.0,20.0
261,3599,2021-08-13,Texas Rangers,Oakland Athletics,1,145.0,-169.0,0.4081632653061224,0.6282527881040892,0.4136167219374937,0.5863832780625063,0.005453456631371312,-0.0418695100415829,False,False,0,0,0,0,0.0,0,3266.081610619299,0.0,32.0,20.0
262,2143,2021-04-26,Los Angeles Dodgers,Cincinnati Reds,0,-175.0,150.0,0.6363636363636364,0.4,0.6057176891006552,0.3942823108993448,-0.0306459472629812,-0.005717689100655232,False,False,0,0,0,0,0.0,0,3266.081610619299,0.0,32.0,20.0
263,2551,2021-05-26,Arizona Diamondbacks,San Francisco Giants,0,105.0,-125.0,0.4878048780487805,0.5555555555555556,0.4672730515427145,0.5327269484572856,-0.020531826506065998,-0.02282860709826995,False,False,0,0,0,0,0.0,0,3266.081610619299,0.0,32.0,20.0
264,2548,2021-05-26,Boston Red Sox,Atlanta Braves,1,-125.0,105.0,0.5555555555555556,0.4878048780487805,0.544608854331958,0.4553911456680419,-0.010946701223597533,-0.03241373238073858,False,False,0,0,0,0,0.0,0,3266.081610619299,0.0,32.0,20.0
265,8512,2023-06-02,San Diego Padres,Chicago Cubs,0,-170.0,141.0,0.6296296296296297,0.4149377593360996,0.6057176891006552,0.3942823108993448,-0.023911940528974496,-0.02065544843675482,False,False,0,0,0,0,0.0,0,3266.081610619299,0.0,32.0,20.0
266,6395,2022-08-15,Atlanta Braves,New York Mets,1,-143.0,119.0,0.588477366255144,0.45662100456621,0.5679347826086957,0.4320652173913043,-0.020542583646448342,-0.024555787174905697,False,False,0,0,0,0,0.0,0,3266.081610619299,0.0,32.0,20.0
267,6287,2022-08-07,Minnesota Twins,Toronto Blue Jays,0,139.0,-164.0,0.4184100418410041,0.6212121212121212,0.417813257182416,0.582186742817584,-0.0005967846585880898,-0.039025378394537236,False,False,0,0,0,0,0.0,0,3266.081610619299,0.0,32.0,20.0
268,3506,2021-08-06,Colorado Rockies,Miami Marlins,1,-147.0,128.0,0.5951417004048583,0.4385964912280701,0.5705515297906603,0.4294484702093397,-0.024590170614197993,-0.009148021018730412,False,False,0,0,0,0,0.0,0,3266.081610619299,0.0,32.0,20.0
269,5951,2022-07-11,Miami Marlins,Pittsburgh Pirates,0,-154.0,130.0,0.6062992125984252,0.4347826086956521,0.5705515297906603,0.4294484702093397,-0.03574768280776497,-0.005334138486312423,False,False,0,0,0,0,0.0,0,3266.081610619299,0.0,32.0,20.0
270,8435,2023-05-27,Arizona Diamondbacks,Boston Red Sox,0,110.0,-132.0,0.4761904761904761,0.5689655172413793,0.441292093161252,0.5587079068387479,-0.0348983830292241,-0.0102576104026314,False,False,0,0,0,0,0.0,0,3266.081610619299,0.0,32.0,20.0
271,536,2020-08-05,Oakland Athletics,Texas Rangers,1,-172.0,148.0,0.6323529411764706,0.4032258064516129,0.6057176891006552,0.3942823108993448,-0.026635252075815408,-0.008943495552268088,False,False,0,0,0,0,0.0,0,3266.081610619299,0.0,32.0,20.0
272,5652,2022-06-19,Chicago Cubs,Atlanta Braves,0,141.0,-169.0,0.4149377593360996,0.6282527881040892,0.4136167219374937,0.5863832780625063,-0.0013210373986058954,-0.0418695100415829,False,False,0,0,0,0,0.0,0,3266.081610619299,0.0,32.0,20.0
273,6968,2022-09-26,Boston Red Sox,Baltimore Orioles,0,-125.0,105.0,0.5555555555555556,0.4878048780487805,0.544608854331958,0.4553911456680419,-0.010946701223597533,-0.03241373238073858,False,False,0,0,0,0,0.0,0,3266.081610619299,0.0,32.0,20.0
274,8339,2023-05-20,Los Angeles Angels,Minnesota Twins,0,-125.0,105.0,0.5555555555555556,0.4878048780487805,0.544608854331958,0.4553911456680419,-0.010946701223597533,-0.03241373238073858,False,False,0,0,0,0,0.0,0,3266.081610619299,0.0,32.0,20.0
275,3954,2021-09-08,Pittsburgh Pirates,Detroit Tigers,0,-120.0,100.0,0.5454545454545454,0.5,0.5235869565217391,0.4764130434782608,-0.02186758893280627,-0.0235869565217392,False,False,0,0,0,0,0.0,0,3266.081610619299,0.0,32.0,20.0
276,6512,2022-08-23,Seattle Mariners,Washington Nationals,1,-263.0,215.0,0.7245179063360881,0.3174603174603174,0.7515060240963856,0.2484939759036144,0.026988117760297414,-0.06896634155670298,True,False,1,0,0,0,163.30408053096497,0,3328.174416904837,62.092806285538,33.0,20.0
277,4019,2021-09-13,New York Yankees,Minnesota Twins,1,-196.0,160.0,0.6621621621621622,0.3846153846153846,0.6191971383147854,0.3808028616852146,-0.04296502384737677,-0.0038125229301699814,False,False,0,0,0,0,0.0,0,3328.174416904837,0.0,33.0,20.0
278,2631,2021-05-31,Arizona Diamondbacks,New York Mets,0,155.0,-179.0,0.392156862745098,0.6415770609318996,0.4082059988681381,0.591794001131862,0.016049136123040098,-0.04978305980003761,True,False,0,1,0,0,163.30408053096497,0,3164.870336373872,0.0,33.0,21.0
279,4870,2022-04-24,San Diego Padres,Los Angeles Dodgers,0,122.0,-145.0,0.4504504504504504,0.5918367346938775,0.417813257182416,0.582186742817584,-0.03263719326803438,-0.009649991876293562,False,False,0,0,0,0,0.0,0,3164.870336373872,0.0,33.0,21.0
280,7807,2023-04-11,Chicago Cubs,Seattle Mariners,1,-108.0,-112.0,0.5192307692307693,0.5283018867924528,0.4967330239374694,0.5032669760625306,-0.022497745293299898,-0.025034910729922255,False,False,0,0,0,0,0.0,0,3164.870336373872,0.0,33.0,21.0
281,2166,2021-04-28,Tampa Bay Rays,Oakland Athletics,1,-164.0,142.0,0.6212121212121212,0.4132231404958678,0.5705515297906603,0.4294484702093397,-0.050660591421460954,0.016225329713471903,False,True,0,1,0,0,158.2435168186936,0,3006.6268195551784,0.0,33.0,22.0
282,6270,2022-08-06,Baltimore Orioles,Pittsburgh Pirates,1,-154.0,130.0,0.6062992125984252,0.4347826086956521,0.5705515297906603,0.4294484702093397,-0.03574768280776497,-0.005334138486312423,False,False,0,0,0,0,0.0,0,3006.6268195551784,0.0,33.0,22.0
283,6588,2022-08-29,Arizona Diamondbacks,Philadelphia Phillies,1,153.0,-185.0,0.3952569169960474,0.6491228070175439,0.4082059988681381,0.591794001131862,0.012949081872090651,-0.0573288058856819,True,False,1,0,0,0,158.2435168186936,0,3248.7394002877795,242.1125807326012,34.0,22.0
284,716,2020-08-18,Arizona Diamondbacks,Oakland Athletics,1,142.0,-164.0,0.4132231404958678,0.6212121212121212,0.417813257182416,0.582186742817584,0.00459011668654824,-0.039025378394537236,False,False,0,0,0,0,0.0,0,3248.7394002877795,0.0,34.0,22.0
285,1247,2020-09-23,Washington Nationals,Philadelphia Phillies,0,123.0,-143.0,0.4484304932735426,0.588477366255144,0.417813257182416,0.582186742817584,-0.0306172360911266,-0.006290623437560039,False,False,0,0,0,0,0.0,0,3248.7394002877795,0.0,34.0,22.0
286,7768,2023-04-08,Colorado Rockies,Washington Nationals,0,-136.0,114.0,0.576271186440678,0.4672897196261682,0.5476778656126482,0.4523221343873517,-0.02859332082802979,-0.014967585238816528,False,False,0,0,0,0,0.0,0,3248.7394002877795,0.0,34.0,22.0
287,6669,2022-09-04,Cleveland Guardians,Seattle Mariners,0,108.0,-130.0,0.4807692307692308,0.5652173913043478,0.441292093161252,0.5587079068387479,-0.039477137607978774,-0.006509484465599846,False,False,0,0,0,0,0.0,0,3248.7394002877795,0.0,34.0,22.0
288,3261,2021-07-19,Arizona Diamondbacks,Pittsburgh Pirates,1,-125.0,105.0,0.5555555555555556,0.4878048780487805,0.544608854331958,0.4553911456680419,-0.010946701223597533,-0.03241373238073858,False,False,0,0,0,0,0.0,0,3248.7394002877795,0.0,34.0,22.0
289,3221,2021-07-17,Philadelphia Phillies,Miami Marlins,1,-115.0,-105.0,0.5348837209302325,0.5121951219512195,0.5090415019762846,0.4909584980237154,-0.025842218953947893,-0.02123662392750414,False,False,0,0,0,0,0.0,0,3248.7394002877795,0.0,34.0,22.0
290,3106,2021-07-05,Kansas City Royals,Cincinnati Reds,0,-115.0,-105.0,0.5348837209302325,0.5121951219512195,0.5090415019762846,0.4909584980237154,-0.025842218953947893,-0.02123662392750414,False,False,0,0,0,0,0.0,0,3248.7394002877795,0.0,34.0,22.0
291,5068,2022-05-08,San Diego Padres,Miami Marlins,1,-164.0,137.0,0.6212121212121212,0.4219409282700422,0.5705515297906603,0.4294484702093397,-0.050660591421460954,0.00750754193929748,False,False,0,0,0,0,0.0,0,3248.7394002877795,0.0,34.0,22.0
292,1189,2020-09-19,Philadelphia Phillies,Toronto Blue Jays,1,125.0,-145.0,0.4444444444444444,0.5918367346938775,0.417813257182416,0.582186742817584,-0.0266311872620284,-0.009649991876293562,False,False,0,0,0,0,0.0,0,3248.7394002877795,0.0,34.0,22.0
293,8826,2023-06-25,Colorado Rockies,Los Angeles Angels,1,126.0,-150.0,0.4424778761061947,0.6,0.417813257182416,0.582186742817584,-0.02466461892377869,-0.017813257182415998,False,False,0,0,0,0,0.0,0,3248.7394002877795,0.0,34.0,22.0
294,840,2020-08-26,Texas Rangers,Oakland Athletics,0,130.0,-149.0,0.4347826086956521,0.5983935742971888,0.417813257182416,0.582186742817584,-0.016969351513236086,-0.016206831479604777,False,False,0,0,0,0,0.0,0,3248.7394002877795,0.0,34.0,22.0
295,2071,2021-04-21,San Diego Padres,Milwaukee Brewers,0,-204.0,175.0,0.6710526315789473,0.3636363636363636,0.6633646358222629,0.336635364177737,-0.00768799575668444,-0.027000999458626607,False,False,0,0,0,0,0.0,0,3248.7394002877795,0.0,34.0,22.0
296,6872,2022-09-19,Atlanta Braves,Washington Nationals,1,-345.0,270.0,0.7752808988764045,0.2702702702702703,0.8282677271966428,0.1717322728033571,0.052986828320238266,-0.09853799746691319,True,False,1,0,0,0,162.43697001438898,0,3295.822580002095,47.08317971431565,35.0,22.0
297,3069,2021-07-03,Philadelphia Phillies,San Diego Padres,1,141.0,-161.0,0.4149377593360996,0.6168582375478927,0.417813257182416,0.582186742817584,0.0028754978463164105,-0.03467149473030873,False,False,0,0,0,0,0.0,0,3295.822580002095,0.0,35.0,22.0
298,709,2020-08-17,Houston Astros,Colorado Rockies,1,-161.0,140.0,0.6168582375478927,0.4166666666666667,0.5705515297906603,0.4294484702093397,-0.046306707757232446,0.012781803542672998,False,True,0,1,0,0,162.43697001438898,0,3133.385609987706,0.0,35.0,23.0
299,8310,2023-05-18,Toronto Blue Jays,New York Yankees,0,-125.0,105.0,0.5555555555555556,0.4878048780487805,0.544608854331958,0.4553911456680419,-0.010946701223597533,-0.03241373238073858,False,False,0,0,0,0,0.0,0,3133.385609987706,0.0,35.0,23.0
300,3005,2021-06-28,Milwaukee Brewers,Chicago Cubs,1,-145.0,125.0,0.5918367346938775,0.4444444444444444,0.5705515297906603,0.4294484702093397,-0.02128520490321728,-0.014995974235104736,False,False,0,0,0,0,0.0,0,3133.385609987706,0.0,35.0,23.0
301,1018,2020-09-07,Seattle Mariners,Texas Rangers,1,-147.0,127.0,0.5951417004048583,0.4405286343612334,0.5705515297906603,0.4294484702093397,-0.024590170614197993,-0.011080164151893723,False,False,0,0,0,0,0.0,0,3133.385609987706,0.0,35.0,23.0
302,2136,2021-04-26,Tampa Bay Rays,Oakland Athletics,0,107.0,-127.0,0.4830917874396135,0.5594713656387665,0.441292093161252,0.5587079068387479,-0.0417996942783615,-0.0007634588000186016,False,False,0,0,0,0,0.0,0,3133.385609987706,0.0,35.0,23.0
303,5578,2022-06-14,Boston Red Sox,Oakland Athletics,1,-227.0,185.0,0.6941896024464832,0.3508771929824561,0.732438227486216,0.2675617725137839,0.03824862503973281,-0.08331542046867224,True,False,1,0,0,0,156.6692804993853,0,3202.4029141724573,69.01730418475124,36.0,23.0
304,4987,2022-05-03,Colorado Rockies,Washington Nationals,0,-161.0,134.0,0.6168582375478927,0.4273504273504273,0.5705515297906603,0.4294484702093397,-0.046306707757232446,0.002098042858912408,False,False,0,0,0,0,0.0,0,3202.4029141724573,0.0,36.0,23.0
305,8073,2023-04-30,Oakland Athletics,Cincinnati Reds,1,130.0,-155.0,0.4347826086956521,0.6078431372549019,0.417813257182416,0.582186742817584,-0.016969351513236086,-0.02565639443731793,False,False,0,0,0,0,0.0,0,3202.4029141724573,0.0,36.0,23.0
306,2434,2021-05-18,Toronto Blue Jays,Boston Red Sox,1,-135.0,115.0,0.574468085106383,0.4651162790697674,0.5476778656126482,0.4523221343873517,-0.026790219493734835,-0.012794144682415687,False,False,0,0,0,0,0.0,0,3202.4029141724573,0.0,36.0,23.0
307,5656,2022-06-19,Seattle Mariners,Los Angeles Angels,0,-169.0,141.0,0.6282527881040892,0.4149377593360996,0.5705515297906603,0.4294484702093397,-0.05770125831342898,0.014510710873240074,False,True,1,0,0,0,160.12014570862289,0,3428.1723196216153,225.76940544915826,37.0,23.0
308,2279,2021-05-06,Washington Nationals,Atlanta Braves,0,-108.0,-112.0,0.5192307692307693,0.5283018867924528,0.4967330239374694,0.5032669760625306,-0.022497745293299898,-0.025034910729922255,False,False,0,0,0,0,0.0,0,3428.1723196216153,0.0,37.0,23.0
309,2556,2021-05-27,Miami Marlins,Philadelphia Phillies,0,-145.0,125.0,0.5918367346938775,0.4444444444444444,0.5705515297906603,0.4294484702093397,-0.02128520490321728,-0.014995974235104736,False,False,0,0,0,0,0.0,0,3428.1723196216153,0.0,37.0,23.0
310,3362,2021-07-27,Tampa Bay Rays,New York Yankees,0,-147.0,128.0,0.5951417004048583,0.4385964912280701,0.5705515297906603,0.4294484702093397,-0.024590170614197993,-0.009148021018730412,False,False,0,0,0,0,0.0,0,3428.1723196216153,0.0,37.0,23.0
311,2018,2021-04-17,Texas Rangers,Baltimore Orioles,0,-141.0,120.0,0.5850622406639004,0.4545454545454545,0.5679347826086957,0.4320652173913043,-0.01712745805520477,-0.02248023715415015,False,False,0,0,0,0,0.0,0,3428.1723196216153,0.0,37.0,23.0
312,4869,2022-04-24,Arizona Diamondbacks,New York Mets,0,141.0,-169.0,0.4149377593360996,0.6282527881040892,0.4136167219374937,0.5863832780625063,-0.0013210373986058954,-0.0418695100415829,False,False,0,0,0,0,0.0,0,3428.1723196216153,0.0,37.0,23.0
313,3752,2021-08-24,Houston Astros,Kansas City Royals,1,-233.0,195.0,0.6996996996996997,0.3389830508474576,0.732438227486216,0.2675617725137839,0.032738527786516314,-0.07142127833367373,True,False,1,0,0,0,171.40861598108077,0,3501.7382492272295,73.56592960561407,38.0,23.0
314,6778,2022-09-12,Arizona Diamondbacks,Los Angeles Dodgers,0,190.0,-233.0,0.3448275862068966,0.6996996996996997,0.3595128373930217,0.6404871626069784,0.014685251186125126,-0.05921253709272134,True,False,0,1,0,0,171.40861598108077,0,3330.3296332461487,0.0,38.0,24.0
315,1939,2021-04-12,Houston Astros,Detroit Tigers,0,-233.0,200.0,0.6996996996996997,0.3333333333333333,0.732438227486216,0.2675617725137839,0.032738527786516314,-0.06577156081954944,True,False,0,1,0,0,166.51648166230746,0,3163.8131515838413,0.0,38.0,25.0
316,3004,2021-06-28,Houston Astros,Baltimore Orioles,0,-303.0,250.0,0.7518610421836228,0.2857142857142857,0.7588589652728561,0.2411410347271438,0.006997923089233304,-0.044573250987141905,False,False,0,0,0,0,0.0,0,3163.8131515838413,0.0,38.0,25.0
317,6999,2022-09-29,Detroit Tigers,Kansas City Royals,1,-130.0,108.0,0.5652173913043478,0.4807692307692308,0.544608854331958,0.4553911456680419,-0.020608536972389735,-0.025378085101188885,False,False,0,0,0,0,0.0,0,3163.8131515838413,0.0,38.0,25.0
318,6373,2022-08-14,Washington Nationals,San Diego Padres,0,225.0,-278.0,0.3076923076923077,0.7354497354497355,0.2666666666666666,0.7333333333333334,-0.0410256410256411,-0.002116402116402072,False,False,0,0,0,0,0.0,0,3163.8131515838413,0.0,38.0,25.0
319,6464,2022-08-20,Tampa Bay Rays,Kansas City Royals,1,-222.0,180.0,0.6894409937888198,0.3571428571428571,0.732438227486216,0.2675617725137839,0.042997233697396164,-0.08958108462907322,True,False,1,0,0,0,166.51648166230746,0,3238.8205757560518,75.00742417221056,39.0,25.0
320,8410,2023-05-26,Chicago Cubs,Cincinnati Reds,0,-172.0,142.0,0.6323529411764706,0.4132231404958678,0.6057176891006552,0.3942823108993448,-0.026635252075815408,-0.01894082959652299,False,False,0,0,0,0,0.0,0,3238.8205757560518,0.0,39.0,25.0
321,472,2020-08-01,Colorado Rockies,San Diego Padres,1,101.0,-120.0,0.4975124378109453,0.5454545454545454,0.4672730515427145,0.5327269484572856,-0.030239386268230806,-0.012727596997259782,False,False,0,0,0,0,0.0,0,3238.8205757560518,0.0,39.0,25.0
322,2694,2021-06-05,Milwaukee Brewers,Arizona Diamondbacks,1,-233.0,195.0,0.6996996996996997,0.3389830508474576,0.732438227486216,0.2675617725137839,0.032738527786516314,-0.07142127833367373,True,False,1,0,0,0,161.9410287878026,0,3308.323163218628,69.50258746257622,40.0,25.0
323,3510,2021-08-07,New York Yankees,Seattle Mariners,1,-185.0,160.0,0.6491228070175439,0.3846153846153846,0.611780258519389,0.388219741480611,-0.03734254849815488,0.0036043568652264213,False,False,0,0,0,0,0.0,0,3308.323163218628,0.0,40.0,25.0
324,7984,2023-04-24,Atlanta Braves,Miami Marlins,1,-295.0,235.0,0.7468354430379747,0.2985074626865671,0.7552939028842643,0.2447060971157356,0.008458459846289679,-0.05380136557083148,False,False,0,0,0,0,0.0,0,3308.323163218628,0.0,40.0,25.0
325,6795,2022-09-13,Seattle Mariners,San Diego Padres,0,-112.0,-108.0,0.5283018867924528,0.5192307692307693,0.4967330239374694,0.5032669760625306,-0.03156886285498345,-0.015963793168238705,False,False,0,0,0,0,0.0,0,3308.323163218628,0.0,40.0,25.0
326,7061,2022-10-03,Texas Rangers,New York Yankees,0,126.0,-150.0,0.4424778761061947,0.6,0.417813257182416,0.582186742817584,-0.02466461892377869,-0.017813257182415998,False,False,0,0,0,0,0.0,0,3308.323163218628,0.0,40.0,25.0
327,8387,2023-05-24,Minnesota Twins,San Francisco Giants,1,-168.0,140.0,0.6268656716417911,0.4166666666666667,0.5705515297906603,0.4294484702093397,-0.05631414185113082,0.012781803542672998,False,True,0,1,0,0,165.41615816093142,0,3142.9070050576966,0.0,40.0,26.0
328,6025,2022-07-16,Texas Rangers,Seattle Mariners,0,130.0,-154.0,0.4347826086956521,0.6062992125984252,0.417813257182416,0.582186742817584,-0.016969351513236086,-0.02411246978084125,False,False,0,0,0,0,0.0,0,3142.9070050576966,0.0,40.0,26.0
329,8297,2023-05-17,Baltimore Orioles,Los Angeles Angels,1,-142.0,119.0,0.5867768595041323,0.45662100456621,0.5679347826086957,0.4320652173913043,-0.0188420768954366,-0.024555787174905697,False,False,0,0,0,0,0.0,0,3142.9070050576966,0.0,40.0,26.0
330,953,2020-09-03,Pittsburgh Pirates,Chicago Cubs,1,140.0,-161.0,0.4166666666666667,0.6168582375478927,0.417813257182416,0.582186742817584,0.001146590515749335,-0.03467149473030873,False,False,0,0,0,0,0.0,0,3142.9070050576966,0.0,40.0,26.0
331,2688,2021-06-05,Toronto Blue Jays,Houston Astros,1,-106.0,-112.0,0.5145631067961165,0.5283018867924528,0.4967330239374694,0.5032669760625306,-0.017830082858647123,-0.025034910729922255,False,False,0,0,0,0,0.0,0,3142.9070050576966,0.0,40.0,26.0
332,2132,2021-04-25,Los Angeles Dodgers,San Diego Padres,0,-125.0,105.0,0.5555555555555556,0.4878048780487805,0.544608854331958,0.4553911456680419,-0.010946701223597533,-0.03241373238073858,False,False,0,0,0,0,0.0,0,3142.9070050576966,0.0,40.0,26.0
333,8248,2023-05-14,Cleveland Guardians,Los Angeles Angels,1,-105.0,-115.0,0.5121951219512195,0.5348837209302325,0.4967330239374694,0.5032669760625306,-0.015462098013750147,-0.03161674486770194,False,False,0,0,0,0,0.0,0,3142.9070050576966,0.0,40.0,26.0
334,1914,2021-04-10,Toronto Blue Jays,Los Angeles Angels,1,-120.0,100.0,0.5454545454545454,0.5,0.5235869565217391,0.4764130434782608,-0.02186758893280627,-0.0235869565217392,False,False,0,0,0,0,0.0,0,3142.9070050576966,0.0,40.0,26.0
335,8495,2023-06-01,Toronto Blue Jays,Milwaukee Brewers,1,-190.0,156.0,0.6551724137931034,0.390625,0.6191971383147854,0.3808028616852146,-0.035975275478318025,-0.0098221383147854,False,False,0,0,0,0,0.0,0,3142.9070050576966,0.0,40.0,26.0
336,5627,2022-06-17,Seattle Mariners,Los Angeles Angels,1,-130.0,108.0,0.5652173913043478,0.4807692307692308,0.544608854331958,0.4553911456680419,-0.020608536972389735,-0.025378085101188885,False,False,0,0,0,0,0.0,0,3142.9070050576966,0.0,40.0,26.0
337,3749,2021-08-24,Miami Marlins,Washington Nationals,0,-105.0,-115.0,0.5121951219512195,0.5348837209302325,0.4967330239374694,0.5032669760625306,-0.015462098013750147,-0.03161674486770194,False,False,0,0,0,0,0.0,0,3142.9070050576966,0.0,40.0,26.0
338,2430,2021-05-18,Cincinnati Reds,San Francisco Giants,0,-118.0,-102.0,0.5412844036697247,0.504950495049505,0.5235869565217391,0.4764130434782608,-0.0176974471479856,-0.028537451571244155,False,False,0,0,0,0,0.0,0,3142.9070050576966,0.0,40.0,26.0
339,938,2020-09-02,Colorado Rockies,San Francisco Giants,1,-128.0,108.0,0.5614035087719298,0.4807692307692308,0.544608854331958,0.4553911456680419,-0.016794654439971746,-0.025378085101188885,False,False,0,0,0,0,0.0,0,3142.9070050576966,0.0,40.0,26.0
340,5372,2022-05-30,Cleveland Guardians,Kansas City Royals,1,-164.0,138.0,0.6212121212121212,0.4201680672268907,0.5705515297906603,0.4294484702093397,-0.050660591421460954,0.009280402982448976,False,False,0,0,0,0,0.0,0,3142.9070050576966,0.0,40.0,26.0
341,4879,2022-04-25,Arizona Diamondbacks,Los Angeles Dodgers,0,165.0,-200.0,0.3773584905660377,0.6666666666666666,0.4082059988681381,0.591794001131862,0.030847508302100368,-0.07487266553480465,True,False,0,1,0,0,157.14535025288484,0,2985.7616548048118,0.0,40.0,27.0
342,3283,2021-07-21,Milwaukee Brewers,Kansas City Royals,0,-169.0,145.0,0.6282527881040892,0.4081632653061224,0.6057176891006552,0.3942823108993448,-0.02253509900343409,-0.013880954406777612,False,False,0,0,0,0,0.0,0,2985.7616548048118,0.0,40.0,27.0
343,3533,2021-08-08,Houston Astros,Minnesota Twins,0,-182.0,158.0,0.6453900709219859,0.3875968992248062,0.611780258519389,0.388219741480611,-0.03360981240259686,0.0006228422558047786,False,False,0,0,0,0,0.0,0,2985.7616548048118,0.0,40.0,27.0
344,2328,2021-05-10,Baltimore Orioles,Boston Red Sox,1,125.0,-145.0,0.4444444444444444,0.5918367346938775,0.417813257182416,0.582186742817584,-0.0266311872620284,-0.009649991876293562,False,False,0,0,0,0,0.0,0,2985.7616548048118,0.0,40.0,27.0
345,5408,2022-06-01,Los Angeles Dodgers,Pittsburgh Pirates,0,-250.0,205.0,0.7142857142857143,0.3278688524590163,0.732438227486216,0.2675617725137839,0.018152513200501708,-0.060307079945232434,True,False,0,1,0,0,149.28808274024058,0,2836.4735720645713,0.0,40.0,28.0
346,8677,2023-06-14,San Diego Padres,Cleveland Guardians,1,-155.0,130.0,0.6078431372549019,0.4347826086956521,0.5705515297906603,0.4294484702093397,-0.03729160746424165,-0.005334138486312423,False,False,0,0,0,0,0.0,0,2836.4735720645713,0.0,40.0,28.0
347,3126,2021-07-07,Pittsburgh Pirates,Atlanta Braves,0,140.0,-161.0,0.4166666666666667,0.6168582375478927,0.417813257182416,0.582186742817584,0.001146590515749335,-0.03467149473030873,False,False,0,0,0,0,0.0,0,2836.4735720645713,0.0,40.0,28.0
348,6074,2022-07-23,Philadelphia Phillies,Chicago Cubs,0,-169.0,141.0,0.6282527881040892,0.4149377593360996,0.5705515297906603,0.4294484702093397,-0.05770125831342898,0.014510710873240074,False,True,1,0,0,0,149.28808274024058,0,3046.9697687283106,210.4961966637392,41.0,28.0
349,2771,2021-06-11,Oakland Athletics,Kansas City Royals,1,-141.0,120.0,0.5850622406639004,0.4545454545454545,0.5679347826086957,0.4320652173913043,-0.01712745805520477,-0.02248023715415015,False,False,0,0,0,0,0.0,0,3046.9697687283106,0.0,41.0,28.0
350,2883,2021-06-19,Colorado Rockies,Milwaukee Brewers,0,-110.0,-110.0,0.5238095238095238,0.5238095238095238,0.4967330239374694,0.5032669760625306,-0.02707649987205446,-0.020542547746993267,False,False,0,0,0,0,0.0,0,3046.9697687283106,0.0,41.0,28.0
351,3537,2021-08-08,Oakland Athletics,Texas Rangers,1,-270.0,225.0,0.7297297297297297,0.3076923076923077,0.7552939028842643,0.2447060971157356,0.02556417315453463,-0.06298621057657211,True,False,1,0,0,0,152.34848843641552,0,3103.3951348158716,56.4253660875613,42.0,28.0
352,6602,2022-08-30,Los Angeles Angels,New York Yankees,0,141.0,-169.0,0.4149377593360996,0.6282527881040892,0.4136167219374937,0.5863832780625063,-0.0013210373986058954,-0.0418695100415829,False,False,0,0,0,0,0.0,0,3103.3951348158716,0.0,42.0,28.0
353,2918,2021-06-22,Tampa Bay Rays,Boston Red Sox,0,-114.0,-106.0,0.5327102803738317,0.5145631067961165,0.5090415019762846,0.4909584980237154,-0.023668778397547108,-0.023604608772401114,False,False,0,0,0,0,0.0,0,3103.3951348158716,0.0,42.0,28.0
354,2322,2021-05-09,Los Angeles Angels,Los Angeles Dodgers,1,165.0,-189.0,0.3773584905660377,0.6539792387543253,0.4082059988681381,0.591794001131862,0.030847508302100368,-0.06218523762246331,True,False,1,0,0,0,152.34848843641552,0,3354.7701407359573,251.37500592008558,43.0,28.0
355,735,2020-08-19,New York Yankees,Tampa Bay Rays,0,-200.0,170.0,0.6666666666666666,0.3703703703703703,0.6191971383147854,0.3808028616852146,-0.04746952835188123,0.010432491314844305,False,True,1,0,0,0,167.73850703679787,0,3639.9256026985136,285.1554619625564,44.0,28.0
356,6603,2022-08-30,Arizona Diamondbacks,Philadelphia Phillies,1,113.0,-135.0,0.4694835680751174,0.574468085106383,0.417813257182416,0.582186742817584,-0.051670310892701354,0.007718657711200949,False,False,0,0,0,0,0.0,0,3639.9256026985136,0.0,44.0,28.0
357,1141,2020-09-16,Tampa Bay Rays,Washington Nationals,0,-172.0,147.0,0.6323529411764706,0.4048582995951417,0.6057176891006552,0.3942823108993448,-0.026635252075815408,-0.0105759886957969,False,False,0,0,0,0,0.0,0,3639.9256026985136,0.0,44.0,28.0
358,5823,2022-07-02,Washington Nationals,Miami Marlins,0,-105.0,-115.0,0.5121951219512195,0.5348837209302325,0.4967330239374694,0.5032669760625306,-0.015462098013750147,-0.03161674486770194,False,False,0,0,0,0,0.0,0,3639.9256026985136,0.0,44.0,28.0
359,5902,2022-07-07,Los Angeles Dodgers,Chicago Cubs,1,-278.0,225.0,0.7354497354497355,0.3076923076923077,0.7552939028842643,0.2447060971157356,0.01984416743452888,-0.06298621057657211,True,False,1,0,0,0,167.73850703679787,0,3700.2631951577932,60.337592459279804,45.0,28.0
360,4775,2022-04-18,Milwaukee Brewers,Pittsburgh Pirates,1,-175.0,144.0,0.6363636363636364,0.4098360655737705,0.6057176891006552,0.3942823108993448,-0.0306459472629812,-0.015553754674425713,False,False,0,0,0,0,0.0,0,3700.2631951577932,0.0,45.0,28.0
361,5213,2022-05-19,Baltimore Orioles,New York Yankees,1,180.0,-222.0,0.3571428571428571,0.6894409937888198,0.3595128373930217,0.6404871626069784,0.002369980250164605,-0.04895383118184149,False,False,0,0,0,0,0.0,0,3700.2631951577932,0.0,45.0,28.0
362,6101,2022-07-25,Cincinnati Reds,Miami Marlins,1,-125.0,105.0,0.5555555555555556,0.4878048780487805,0.544608854331958,0.4553911456680419,-0.010946701223597533,-0.03241373238073858,False,False,0,0,0,0,0.0,0,3700.2631951577932,0.0,45.0,28.0
363,5877,2022-07-06,Detroit Tigers,Cleveland Guardians,1,153.0,-185.0,0.3952569169960474,0.6491228070175439,0.4082059988681381,0.591794001131862,0.012949081872090651,-0.0573288058856819,True,False,1,0,0,0,185.01315975788967,0,3983.3333295873645,283.07013442957117,46.0,28.0
364,3365,2021-07-27,Minnesota Twins,Detroit Tigers,0,-204.0,175.0,0.6710526315789473,0.3636363636363636,0.6633646358222629,0.336635364177737,-0.00768799575668444,-0.027000999458626607,False,False,0,0,0,0,0.0,0,3983.3333295873645,0.0,46.0,28.0
365,1283,2020-09-25,Kansas City Royals,Detroit Tigers,1,-149.0,130.0,0.5983935742971888,0.4347826086956521,0.5705515297906603,0.4294484702093397,-0.027842044506528496,-0.005334138486312423,False,False,0,0,0,0,0.0,0,3983.3333295873645,0.0,46.0,28.0
366,8513,2023-06-02,Arizona Diamondbacks,Atlanta Braves,1,108.0,-130.0,0.4807692307692308,0.5652173913043478,0.441292093161252,0.5587079068387479,-0.039477137607978774,-0.006509484465599846,False,False,0,0,0,0,0.0,0,3983.3333295873645,0.0,46.0,28.0
367,5066,2022-05-08,Arizona Diamondbacks,Colorado Rockies,1,-149.0,126.0,0.5983935742971888,0.4424778761061947,0.5705515297906603,0.4294484702093397,-0.027842044506528496,-0.013029405896855029,False,False,0,0,0,0,0.0,0,3983.3333295873645,0.0,46.0,28.0
368,1127,2020-09-15,Tampa Bay Rays,Washington Nationals,1,-179.0,152.0,0.6415770609318996,0.3968253968253968,0.611780258519389,0.388219741480611,-0.029796802412510592,-0.0086056553447858,False,False,0,0,0,0,0.0,0,3983.3333295873645,0.0,46.0,28.0
369,8298,2023-05-17,Miami Marlins,Washington Nationals,1,-130.0,108.0,0.5652173913043478,0.4807692307692308,0.544608854331958,0.4553911456680419,-0.020608536972389735,-0.025378085101188885,False,False,0,0,0,0,0.0,0,3983.3333295873645,0.0,46.0,28.0
370,2480,2021-05-21,Kansas City Royals,Detroit Tigers,0,-154.0,133.0,0.6062992125984252,0.4291845493562232,0.5705515297906603,0.4294484702093397,-0.03574768280776497,0.00026392085311649494,False,False,0,0,0,0,0.0,0,3983.3333295873645,0.0,46.0,28.0
371,1169,2020-09-17,Colorado Rockies,Los Angeles Dodgers,0,148.0,-172.0,0.4032258064516129,0.6323529411764706,0.4136167219374937,0.5863832780625063,0.010390915485880836,-0.04596966311396422,True,False,0,1,0,0,199.16666647936825,0,3784.166663107996,0.0,46.0,29.0
372,2233,2021-05-03,Los Angeles Angels,Tampa Bay Rays,0,-102.0,-118.0,0.504950495049505,0.5412844036697247,0.4967330239374694,0.5032669760625306,-0.00821747111203558,-0.038017427607194176,False,False,0,0,0,0,0.0,0,3784.166663107996,0.0,46.0,29.0
373,5569,2022-06-13,Arizona Diamondbacks,Cincinnati Reds,0,-164.0,139.0,0.6212121212121212,0.4184100418410041,0.5705515297906603,0.4294484702093397,-0.050660591421460954,0.011038428368335573,False,True,1,0,0,0,199.16666647936825,0,4061.008329514318,276.84166640632185,47.0,29.0
374,7069,2022-10-03,Los Angeles Dodgers,Colorado Rockies,0,-345.0,270.0,0.7752808988764045,0.2702702702702703,0.8282677271966428,0.1717322728033571,0.052986828320238266,-0.09853799746691319,True,False,0,1,0,0,199.16666647936825,0,3861.8416630349498,0.0,47.0,30.0
375,8619,2023-06-10,Pittsburgh Pirates,New York Mets,0,113.0,-135.0,0.4694835680751174,0.574468085106383,0.417813257182416,0.582186742817584,-0.051670310892701354,0.007718657711200949,False,False,0,0,0,0,0.0,0,3861.8416630349498,0.0,47.0,30.0
376,6208,2022-08-02,San Diego Padres,Colorado Rockies,1,-244.0,200.0,0.7093023255813954,0.3333333333333333,0.732438227486216,0.2675617725137839,0.02313590190482062,-0.06577156081954944,True,False,1,0,0,0,193.0920831517475,0,3940.977762687305,79.13609965235553,48.0,30.0
377,2390,2021-05-14,Los Angeles Dodgers,Miami Marlins,1,-222.0,190.0,0.6894409937888198,0.3448275862068966,0.732438227486216,0.2675617725137839,0.042997233697396164,-0.0772658136931127,True,False,1,0,0,0,193.0920831517475,0,4027.9561785214255,86.9784158341205,49.0,30.0
378,8000,2023-04-25,Minnesota Twins,New York Yankees,1,-122.0,102.0,0.5495495495495496,0.495049504950495,0.5235869565217391,0.4764130434782608,-0.025962593027810454,-0.01863646147223419,False,False,0,0,0,0,0.0,0,4027.9561785214255,0.0,49.0,30.0
379,5146,2022-05-14,New York Mets,Seattle Mariners,1,-167.0,140.0,0.6254681647940075,0.4166666666666667,0.5705515297906603,0.4294484702093397,-0.0549166350033472,0.012781803542672998,False,True,0,1,0,0,193.0920831517475,0,3834.864095369678,0.0,49.0,31.0
380,5451,2022-06-04,Colorado Rockies,Atlanta Braves,0,139.0,-164.0,0.4184100418410041,0.6212121212121212,0.417813257182416,0.582186742817584,-0.0005967846585880898,-0.039025378394537236,False,False,0,0,0,0,0.0,0,3834.864095369678,0.0,49.0,31.0
381,6957,2022-09-25,Minnesota Twins,Los Angeles Angels,0,-110.0,-110.0,0.5238095238095238,0.5238095238095238,0.4967330239374694,0.5032669760625306,-0.02707649987205446,-0.020542547746993267,False,False,0,0,0,0,0.0,0,3834.864095369678,0.0,49.0,31.0
382,5956,2022-07-11,Texas Rangers,Oakland Athletics,1,-169.0,141.0,0.6282527881040892,0.4149377593360996,0.5705515297906603,0.4294484702093397,-0.05770125831342898,0.014510710873240074,False,True,0,1,0,0,191.7432047684839,0,3643.1208906011943,0.0,49.0,32.0
383,5855,2022-07-04,Arizona Diamondbacks,San Francisco Giants,1,156.0,-189.0,0.390625,0.6539792387543253,0.4082059988681381,0.591794001131862,0.017580998868138076,-0.06218523762246331,True,False,1,0,0,0,191.7432047684839,0,3942.2402900400293,299.1193994388349,50.0,32.0
384,8840,2023-06-27,New York Mets,Milwaukee Brewers,1,-145.0,122.0,0.5918367346938775,0.4504504504504504,0.5705515297906603,0.4294484702093397,-0.02128520490321728,-0.021001980241110718,False,False,0,0,0,0,0.0,0,3942.2402900400293,0.0,50.0,32.0
385,4874,2022-04-25,Philadelphia Phillies,Colorado Rockies,1,-185.0,154.0,0.6491228070175439,0.3937007874015748,0.611780258519389,0.388219741480611,-0.03734254849815488,-0.005481045920963823,False,False,0,0,0,0,0.0,0,3942.2402900400293,0.0,50.0,32.0
386,3835,2021-08-30,Seattle Mariners,Houston Astros,0,137.0,-156.0,0.4219409282700422,0.609375,0.417813257182416,0.582186742817584,-0.0041276710876261835,-0.02718825718241602,False,False,0,0,0,0,0.0,0,3942.2402900400293,0.0,50.0,32.0
387,3015,2021-06-29,Atlanta Braves,New York Mets,0,-159.0,138.0,0.6138996138996139,0.4201680672268907,0.5705515297906603,0.4294484702093397,-0.04334808410895363,0.009280402982448976,False,False,0,0,0,0,0.0,0,3942.2402900400293,0.0,50.0,32.0
388,2970,2021-06-26,Toronto Blue Jays,Baltimore Orioles,1,-270.0,225.0,0.7297297297297297,0.3076923076923077,0.7552939028842643,0.2447060971157356,0.02556417315453463,-0.06298621057657211,True,False,1,0,0,0,197.11201450200147,0,4015.2447398555855,73.0044498155561,51.0,32.0
389,3908,2021-09-05,Washington Nationals,New York Mets,0,126.0,-145.0,0.4424778761061947,0.5918367346938775,0.417813257182416,0.582186742817584,-0.02466461892377869,-0.009649991876293562,False,False,0,0,0,0,0.0,0,4015.2447398555855,0.0,51.0,32.0
390,7809,2023-04-11,Texas Rangers,Kansas City Royals,1,-280.0,225.0,0.7368421052631579,0.3076923076923077,0.7552939028842643,0.2447060971157356,0.01845179762110649,-0.06298621057657211,True,False,1,0,0,0,200.7622369927793,0,4086.9455387815783,71.7007989259926,52.0,32.0
391,5013,2022-05-05,Philadelphia Phillies,New York Mets,0,-145.0,122.0,0.5918367346938775,0.4504504504504504,0.5705515297906603,0.4294484702093397,-0.02128520490321728,-0.021001980241110718,False,False,0,0,0,0,0.0,0,4086.9455387815783,0.0,52.0,32.0
392,5326,2022-05-27,Los Angeles Angels,Toronto Blue Jays,0,-103.0,-118.0,0.5073891625615764,0.5412844036697247,0.4967330239374694,0.5032669760625306,-0.010656138624107026,-0.038017427607194176,False,False,0,0,0,0,0.0,0,4086.9455387815783,0.0,52.0,32.0
393,2822,2021-06-15,Kansas City Royals,Detroit Tigers,0,-145.0,125.0,0.5918367346938775,0.4444444444444444,0.5705515297906603,0.4294484702093397,-0.02128520490321728,-0.014995974235104736,False,False,0,0,0,0,0.0,0,4086.9455387815783,0.0,52.0,32.0
394,2007,2021-04-17,New York Yankees,Tampa Bay Rays,0,-106.0,-114.0,0.5145631067961165,0.5327102803738317,0.4967330239374694,0.5032669760625306,-0.017830082858647123,-0.029443304311301155,False,False,0,0,0,0,0.0,0,4086.9455387815783,0.0,52.0,32.0
395,7938,2023-04-21,New York Yankees,Toronto Blue Jays,0,-135.0,113.0,0.574468085106383,0.4694835680751174,0.544608854331958,0.4553911456680419,-0.029859230774424983,-0.014092422407075478,False,False,0,0,0,0,0.0,0,4086.9455387815783,0.0,52.0,32.0
396,6107,2022-07-25,Kansas City Royals,Los Angeles Angels,1,-110.0,-110.0,0.5238095238095238,0.5238095238095238,0.4967330239374694,0.5032669760625306,-0.02707649987205446,-0.020542547746993267,False,False,0,0,0,0,0.0,0,4086.9455387815783,0.0,52.0,32.0
397,8180,2023-05-08,Arizona Diamondbacks,Miami Marlins,1,-220.0,180.0,0.6875,0.3571428571428571,0.732438227486216,0.2675617725137839,0.04493822748621601,-0.08958108462907322,True,False,1,0,0,0,204.34727693907894,0,4179.830664662978,92.88512588139952,53.0,32.0
398,6295,2022-08-07,New York Mets,Atlanta Braves,1,-143.0,120.0,0.588477366255144,0.4545454545454545,0.5679347826086957,0.4320652173913043,-0.020542583646448342,-0.02248023715415015,False,False,0,0,0,0,0.0,0,4179.830664662978,0.0,53.0,32.0
399,6418,2022-08-17,Washington Nationals,Chicago Cubs,0,139.0,-164.0,0.4184100418410041,0.6212121212121212,0.417813257182416,0.582186742817584,-0.0005967846585880898,-0.039025378394537236,False,False,0,0,0,0,0.0,0,4179.830664662978,0.0,53.0,32.0
400,3839,2021-08-31,Toronto Blue Jays,Baltimore Orioles,0,-303.0,250.0,0.7518610421836228,0.2857142857142857,0.7588589652728561,0.2411410347271438,0.006997923089233304,-0.044573250987141905,False,False,0,0,0,0,0.0,0,4179.830664662978,0.0,53.0,32.0
401,3188,2021-07-11,Minnesota Twins,Detroit Tigers,1,-222.0,190.0,0.6894409937888198,0.3448275862068966,0.732438227486216,0.2675617725137839,0.042997233697396164,-0.0772658136931127,True,False,1,0,0,0,208.9915332331489,0,4273.97099494818,94.14033028520221,54.0,32.0
402,6264,2022-08-05,Seattle Mariners,Los Angeles Angels,0,-196.0,160.0,0.6621621621621622,0.3846153846153846,0.6191971383147854,0.3808028616852146,-0.04296502384737677,-0.0038125229301699814,False,False,0,0,0,0,0.0,0,4273.97099494818,0.0,54.0,32.0
403,4919,2022-04-28,Toronto Blue Jays,Boston Red Sox,1,-154.0,130.0,0.6062992125984252,0.4347826086956521,0.5705515297906603,0.4294484702093397,-0.03574768280776497,-0.005334138486312423,False,False,0,0,0,0,0.0,0,4273.97099494818,0.0,54.0,32.0
404,6191,2022-07-31,Houston Astros,Seattle Mariners,1,-141.0,117.0,0.5850622406639004,0.4608294930875576,0.5476778656126482,0.4523221343873517,-0.03738437505125225,-0.008507358700205914,False,False,0,0,0,0,0.0,0,4273.97099494818,0.0,54.0,32.0
405,3792,2021-08-27,Minnesota Twins,Milwaukee Brewers,1,117.0,-137.0,0.4608294930875576,0.5780590717299579,0.417813257182416,0.582186742817584,-0.04301623590514159,0.004127671087626128,False,False,0,0,0,0,0.0,0,4273.97099494818,0.0,54.0,32.0
406,3343,2021-07-25,Chicago Cubs,Arizona Diamondbacks,1,-169.0,145.0,0.6282527881040892,0.4081632653061224,0.6057176891006552,0.3942823108993448,-0.02253509900343409,-0.013880954406777612,False,False,0,0,0,0,0.0,0,4273.97099494818,0.0,54.0,32.0
407,8219,2023-05-12,Miami Marlins,Cincinnati Reds,0,-145.0,122.0,0.5918367346938775,0.4504504504504504,0.5705515297906603,0.4294484702093397,-0.02128520490321728,-0.021001980241110718,False,False,0,0,0,0,0.0,0,4273.97099494818,0.0,54.0,32.0
408,1252,2020-09-23,Cincinnati Reds,Milwaukee Brewers,1,-161.0,141.0,0.6168582375478927,0.4149377593360996,0.5705515297906603,0.4294484702093397,-0.046306707757232446,0.014510710873240074,False,True,0,1,0,0,213.69854974740903,0,4060.2724452007715,0.0,54.0,33.0
409,6633,2022-09-02,Cleveland Guardians,Seattle Mariners,0,122.0,-145.0,0.4504504504504504,0.5918367346938775,0.417813257182416,0.582186742817584,-0.03263719326803438,-0.009649991876293562,False,False,0,0,0,0,0.0,0,4060.2724452007715,0.0,54.0,33.0
410,3590,2021-08-12,Los Angeles Angels,Toronto Blue Jays,1,110.0,-130.0,0.4761904761904761,0.5652173913043478,0.441292093161252,0.5587079068387479,-0.0348983830292241,-0.006509484465599846,False,False,0,0,0,0,0.0,0,4060.2724452007715,0.0,54.0,33.0
411,2063,2021-04-21,Philadelphia Phillies,San Francisco Giants,1,-123.0,103.0,0.5515695067264574,0.4926108374384236,0.5235869565217391,0.4764130434782608,-0.027982550204718293,-0.0161977939601628,False,False,0,0,0,0,0.0,0,4060.2724452007715,0.0,54.0,33.0
412,5483,2022-06-07,Houston Astros,Seattle Mariners,1,-250.0,205.0,0.7142857142857143,0.3278688524590163,0.732438227486216,0.2675617725137839,0.018152513200501708,-0.060307079945232434,True,False,1,0,0,0,203.01362226003857,0,4141.477894104787,81.20544890401544,55.0,33.0
413,6656,2022-09-03,Los Angeles Dodgers,San Diego Padres,1,-208.0,170.0,0.6753246753246753,0.3703703703703703,0.6633646358222629,0.336635364177737,-0.011960039502412423,-0.03373500619263331,False,False,0,0,0,0,0.0,0,4141.477894104787,0.0,55.0,33.0
414,7755,2023-04-08,Minnesota Twins,Houston Astros,1,-115.0,-105.0,0.5348837209302325,0.5121951219512195,0.5090415019762846,0.4909584980237154,-0.025842218953947893,-0.02123662392750414,False,False,0,0,0,0,0.0,0,4141.477894104787,0.0,55.0,33.0
415,3899,2021-09-04,Miami Marlins,Philadelphia Phillies,1,-102.0,-118.0,0.504950495049505,0.5412844036697247,0.4967330239374694,0.5032669760625306,-0.00821747111203558,-0.038017427607194176,False,False,0,0,0,0,0.0,0,4141.477894104787,0.0,55.0,33.0
416,3418,2021-07-31,Detroit Tigers,Baltimore Orioles,0,-110.0,-110.0,0.5238095238095238,0.5238095238095238,0.4967330239374694,0.5032669760625306,-0.02707649987205446,-0.020542547746993267,False,False,0,0,0,0,0.0,0,4141.477894104787,0.0,55.0,33.0
417,899,2020-08-30,Cincinnati Reds,Chicago Cubs,0,-145.0,125.0,0.5918367346938775,0.4444444444444444,0.5705515297906603,0.4294484702093397,-0.02128520490321728,-0.014995974235104736,False,False,0,0,0,0,0.0,0,4141.477894104787,0.0,55.0,33.0
418,5661,2022-06-20,Boston Red Sox,Detroit Tigers,1,-179.0,148.0,0.6415770609318996,0.4032258064516129,0.6057176891006552,0.3942823108993448,-0.035859371831244435,-0.008943495552268088,False,False,0,0,0,0,0.0,0,4141.477894104787,0.0,55.0,33.0
419,6320,2022-08-10,New York Mets,Cincinnati Reds,1,-323.0,255.0,0.7635933806146572,0.2816901408450704,0.7588589652728561,0.2411410347271438,-0.004734415341801079,-0.04054910611792659,False,False,0,0,0,0,0.0,0,4141.477894104787,0.0,55.0,33.0
420,8089,2023-05-02,Boston Red Sox,Toronto Blue Jays,1,115.0,-138.0,0.4651162790697674,0.5798319327731093,0.417813257182416,0.582186742817584,-0.04730302188735136,0.0023548100444746867,False,False,0,0,0,0,0.0,0,4141.477894104787,0.0,55.0,33.0
421,3532,2021-08-08,Atlanta Braves,Washington Nationals,1,-222.0,190.0,0.6894409937888198,0.3448275862068966,0.732438227486216,0.2675617725137839,0.042997233697396164,-0.0772658136931127,True,False,1,0,0,0,207.07389470523935,0,4234.754423251291,93.27652914650422,56.0,33.0
422,2423,2021-05-17,Chicago Cubs,Washington Nationals,1,-149.0,130.0,0.5983935742971888,0.4347826086956521,0.5705515297906603,0.4294484702093397,-0.027842044506528496,-0.005334138486312423,False,False,0,0,0,0,0.0,0,4234.754423251291,0.0,56.0,33.0
423,8087,2023-05-02,Washington Nationals,Chicago Cubs,1,122.0,-145.0,0.4504504504504504,0.5918367346938775,0.417813257182416,0.582186742817584,-0.03263719326803438,-0.009649991876293562,False,False,0,0,0,0,0.0,0,4234.754423251291,0.0,56.0,33.0
424,7011,2022-09-30,New York Yankees,Baltimore Orioles,0,-190.0,156.0,0.6551724137931034,0.390625,0.6191971383147854,0.3808028616852146,-0.035975275478318025,-0.0098221383147854,False,False,0,0,0,0,0.0,0,4234.754423251291,0.0,56.0,33.0
425,8144,2023-05-06,Tampa Bay Rays,New York Yankees,0,-190.0,156.0,0.6551724137931034,0.390625,0.6191971383147854,0.3808028616852146,-0.035975275478318025,-0.0098221383147854,False,False,0,0,0,0,0.0,0,4234.754423251291,0.0,56.0,33.0
426,4883,2022-04-26,Philadelphia Phillies,Colorado Rockies,1,-167.0,140.0,0.6254681647940075,0.4166666666666667,0.5705515297906603,0.4294484702093397,-0.0549166350033472,0.012781803542672998,False,True,0,1,0,0,211.73772116256455,0,4023.0167020887266,0.0,56.0,34.0
427,7985,2023-04-24,Minnesota Twins,New York Yankees,1,-150.0,126.0,0.6,0.4424778761061947,0.5705515297906603,0.4294484702093397,-0.029448470209339717,-0.013029405896855029,False,False,0,0,0,0,0.0,0,4023.0167020887266,0.0,56.0,34.0
428,8857,2023-06-28,New York Mets,Milwaukee Brewers,0,-144.0,121.0,0.5901639344262295,0.4524886877828054,0.5679347826086957,0.4320652173913043,-0.02222915181753382,-0.020423470391501053,False,False,0,0,0,0,0.0,0,4023.0167020887266,0.0,56.0,34.0
429,725,2020-08-18,Minnesota Twins,Milwaukee Brewers,1,-164.0,142.0,0.6212121212121212,0.4132231404958678,0.5705515297906603,0.4294484702093397,-0.050660591421460954,0.016225329713471903,False,True,0,1,0,0,211.73772116256455,0,3811.278980926162,0.0,56.0,35.0
430,2676,2021-06-04,Atlanta Braves,Los Angeles Dodgers,0,105.0,-125.0,0.4878048780487805,0.5555555555555556,0.4672730515427145,0.5327269484572856,-0.020531826506065998,-0.02282860709826995,False,False,0,0,0,0,0.0,0,3811.278980926162,0.0,56.0,35.0
431,6267,2022-08-06,Chicago Cubs,Miami Marlins,1,-110.0,-110.0,0.5238095238095238,0.5238095238095238,0.4967330239374694,0.5032669760625306,-0.02707649987205446,-0.020542547746993267,False,False,0,0,0,0,0.0,0,3811.278980926162,0.0,56.0,35.0
432,8247,2023-05-13,Colorado Rockies,Philadelphia Phillies,0,130.0,-155.0,0.4347826086956521,0.6078431372549019,0.417813257182416,0.582186742817584,-0.016969351513236086,-0.02565639443731793,False,False,0,0,0,0,0.0,0,3811.278980926162,0.0,56.0,35.0
433,6169,2022-07-30,Toronto Blue Jays,Detroit Tigers,1,-294.0,230.0,0.7461928934010152,0.303030303030303,0.7552939028842643,0.2447060971157356,0.0091010094832491,-0.058324205914567384,False,False,0,0,0,0,0.0,0,3811.278980926162,0.0,56.0,35.0
434,3577,2021-08-11,Seattle Mariners,Texas Rangers,1,-179.0,155.0,0.6415770609318996,0.392156862745098,0.611780258519389,0.388219741480611,-0.029796802412510592,-0.003937121264486976,False,False,0,0,0,0,0.0,0,3811.278980926162,0.0,56.0,35.0
435,8431,2023-05-27,Seattle Mariners,Pittsburgh Pirates,1,-220.0,180.0,0.6875,0.3571428571428571,0.732438227486216,0.2675617725137839,0.04493822748621601,-0.08958108462907322,True,False,1,0,0,0,190.56394904630812,0,3897.898957765393,86.61997683923096,57.0,35.0
436,819,2020-08-25,Toronto Blue Jays,Boston Red Sox,0,-125.0,105.0,0.5555555555555556,0.4878048780487805,0.544608854331958,0.4553911456680419,-0.010946701223597533,-0.03241373238073858,False,False,0,0,0,0,0.0,0,3897.898957765393,0.0,57.0,35.0
437,5885,2022-07-06,Pittsburgh Pirates,New York Yankees,0,195.0,-238.0,0.3389830508474576,0.7041420118343196,0.3595128373930217,0.6404871626069784,0.020529786545564088,-0.06365484922734121,True,False,0,1,0,0,190.56394904630812,0,3707.3350087190847,0.0,57.0,36.0
438,3768,2021-08-25,Milwaukee Brewers,Cincinnati Reds,1,-179.0,152.0,0.6415770609318996,0.3968253968253968,0.611780258519389,0.388219741480611,-0.029796802412510592,-0.0086056553447858,False,False,0,0,0,0,0.0,0,3707.3350087190847,0.0,57.0,36.0
439,5525,2022-06-10,Houston Astros,Miami Marlins,0,-154.0,130.0,0.6062992125984252,0.4347826086956521,0.5705515297906603,0.4294484702093397,-0.03574768280776497,-0.005334138486312423,False,False,0,0,0,0,0.0,0,3707.3350087190847,0.0,57.0,36.0
440,3632,2021-08-15,Texas Rangers,Oakland Athletics,1,185.0,-213.0,0.3508771929824561,0.6805111821086262,0.3595128373930217,0.6404871626069784,0.00863564441056558,-0.0400240195016478,False,False,0,0,0,0,0.0,0,3707.3350087190847,0.0,57.0,36.0
441,7005,2022-09-29,Los Angeles Angels,Oakland Athletics,1,-250.0,205.0,0.7142857142857143,0.3278688524590163,0.732438227486216,0.2675617725137839,0.018152513200501708,-0.060307079945232434,True,False,1,0,0,0,185.36675043595426,0,3781.4817088934665,74.1467001743817,58.0,36.0
442,5002,2022-05-04,Baltimore Orioles,Minnesota Twins,1,117.0,-141.0,0.4608294930875576,0.5850622406639004,0.417813257182416,0.582186742817584,-0.04301623590514159,-0.002875497846316466,False,False,0,0,0,0,0.0,0,3781.4817088934665,0.0,58.0,36.0
443,5449,2022-06-04,Milwaukee Brewers,San Diego Padres,0,-125.0,105.0,0.5555555555555556,0.4878048780487805,0.544608854331958,0.4553911456680419,-0.010946701223597533,-0.03241373238073858,False,False,0,0,0,0,0.0,0,3781.4817088934665,0.0,58.0,36.0
444,6738,2022-09-09,San Diego Padres,Los Angeles Dodgers,1,134.0,-161.0,0.4273504273504273,0.6168582375478927,0.417813257182416,0.582186742817584,-0.009537170168011255,-0.03467149473030873,False,False,0,0,0,0,0.0,0,3781.4817088934665,0.0,58.0,36.0
445,6952,2022-09-25,Tampa Bay Rays,Toronto Blue Jays,0,-142.0,119.0,0.5867768595041323,0.45662100456621,0.5679347826086957,0.4320652173913043,-0.0188420768954366,-0.024555787174905697,False,False,0,0,0,0,0.0,0,3781.4817088934665,0.0,58.0,36.0
446,7797,2023-04-10,Arizona Diamondbacks,Milwaukee Brewers,1,-145.0,122.0,0.5918367346938775,0.4504504504504504,0.5705515297906603,0.4294484702093397,-0.02128520490321728,-0.021001980241110718,False,False,0,0,0,0,0.0,0,3781.4817088934665,0.0,58.0,36.0
447,6531,2022-08-25,Philadelphia Phillies,Cincinnati Reds,1,-323.0,255.0,0.7635933806146572,0.2816901408450704,0.7588589652728561,0.2411410347271438,-0.004734415341801079,-0.04054910611792659,False,False,0,0,0,0,0.0,0,3781.4817088934665,0.0,58.0,36.0
448,3246,2021-07-18,Colorado Rockies,Los Angeles Dodgers,1,150.0,-175.0,0.4,0.6363636363636364,0.4136167219374937,0.5863832780625063,0.013616721937493692,-0.04998035830113001,True,False,1,0,0,0,189.07408544467333,0,4065.0928370604765,283.61112816701,59.0,36.0
449,3391,2021-07-29,Tampa Bay Rays,New York Yankees,1,115.0,-135.0,0.4651162790697674,0.574468085106383,0.417813257182416,0.582186742817584,-0.04730302188735136,0.007718657711200949,False,False,0,0,0,0,0.0,0,4065.0928370604765,0.0,59.0,36.0
450,6511,2022-08-23,Oakland Athletics,Miami Marlins,0,117.0,-141.0,0.4608294930875576,0.5850622406639004,0.417813257182416,0.582186742817584,-0.04301623590514159,-0.002875497846316466,False,False,0,0,0,0,0.0,0,4065.0928370604765,0.0,59.0,36.0
451,3477,2021-08-04,Texas Rangers,Los Angeles Angels,0,142.0,-164.0,0.4132231404958678,0.6212121212121212,0.417813257182416,0.582186742817584,0.00459011668654824,-0.039025378394537236,False,False,0,0,0,0,0.0,0,4065.0928370604765,0.0,59.0,36.0
452,8626,2023-06-10,New York Yankees,Boston Red Sox,1,-123.0,103.0,0.5515695067264574,0.4926108374384236,0.5235869565217391,0.4764130434782608,-0.027982550204718293,-0.0161977939601628,False,False,0,0,0,0,0.0,0,4065.0928370604765,0.0,59.0,36.0
453,625,2020-08-11,Los Angeles Angels,Oakland Athletics,1,-143.0,122.0,0.588477366255144,0.4504504504504504,0.5705515297906603,0.4294484702093397,-0.017925836464483758,-0.021001980241110718,False,False,0,0,0,0,0.0,0,4065.0928370604765,0.0,59.0,36.0
454,8492,2023-05-31,Houston Astros,Minnesota Twins,0,-180.0,148.0,0.6428571428571429,0.4032258064516129,0.611780258519389,0.388219741480611,-0.031076884337753907,-0.015006064971001876,False,False,0,0,0,0,0.0,0,4065.0928370604765,0.0,59.0,36.0
455,3128,2021-07-07,Texas Rangers,Detroit Tigers,0,-154.0,135.0,0.6062992125984252,0.425531914893617,0.5705515297906603,0.4294484702093397,-0.03574768280776497,0.0039165553157226585,False,False,0,0,0,0,0.0,0,4065.0928370604765,0.0,59.0,36.0
456,1975,2021-04-14,Atlanta Braves,Miami Marlins,0,-233.0,195.0,0.6996996996996997,0.3389830508474576,0.732438227486216,0.2675617725137839,0.032738527786516314,-0.07142127833367373,True,False,0,1,0,0,203.25464185302383,0,3861.838195207453,0.0,59.0,37.0
457,5374,2022-05-30,New York Mets,Washington Nationals,1,-189.0,156.0,0.6539792387543253,0.390625,0.6191971383147854,0.3808028616852146,-0.03478210043953989,-0.0098221383147854,False,False,0,0,0,0,0.0,0,3861.838195207453,0.0,59.0,37.0
458,6578,2022-08-28,Texas Rangers,Detroit Tigers,0,-164.0,139.0,0.6212121212121212,0.4184100418410041,0.5705515297906603,0.4294484702093397,-0.050660591421460954,0.011038428368335573,False,True,1,0,0,0,203.25464185302383,0,4144.362147383156,282.5239521757031,60.0,37.0
459,4774,2022-04-18,Chicago Cubs,Tampa Bay Rays,1,122.0,-145.0,0.4504504504504504,0.5918367346938775,0.417813257182416,0.582186742817584,-0.03263719326803438,-0.009649991876293562,False,False,0,0,0,0,0.0,0,4144.362147383156,0.0,60.0,37.0
460,7787,2023-04-10,Baltimore Orioles,Oakland Athletics,1,-185.0,153.0,0.6491228070175439,0.3952569169960474,0.611780258519389,0.388219741480611,-0.03734254849815488,-0.007037175515436422,False,False,0,0,0,0,0.0,0,4144.362147383156,0.0,60.0,37.0
461,7801,2023-04-11,Pittsburgh Pirates,Houston Astros,1,148.0,-180.0,0.4032258064516129,0.6428571428571429,0.4136167219374937,0.5863832780625063,0.010390915485880836,-0.056473864794636564,True,False,1,0,0,0,207.21810736915782,0,4451.04494628951,306.6827989063536,61.0,37.0
462,6311,2022-08-09,Chicago Cubs,Washington Nationals,0,-196.0,160.0,0.6621621621621622,0.3846153846153846,0.6191971383147854,0.3808028616852146,-0.04296502384737677,-0.0038125229301699814,False,False,0,0,0,0,0.0,0,4451.04494628951,0.0,61.0,37.0
463,3094,2021-07-04,Los Angeles Angels,Baltimore Orioles,1,-233.0,195.0,0.6996996996996997,0.3389830508474576,0.732438227486216,0.2675617725137839,0.032738527786516314,-0.07142127833367373,True,False,1,0,0,0,207.21810736915782,0,4539.979756319191,88.93481002968147,62.0,37.0
464,3897,2021-09-04,Tampa Bay Rays,Minnesota Twins,1,-208.0,180.0,0.6753246753246753,0.3571428571428571,0.6892655367231638,0.3107344632768362,0.013940861398488491,-0.046408393866020914,True,False,1,0,0,0,207.21810736915782,0,4639.603846400517,99.62409008132587,63.0,37.0
465,8417,2023-05-26,Kansas City Royals,Washington Nationals,0,-124.0,104.0,0.5535714285714286,0.4901960784313725,0.544608854331958,0.4553911456680419,-0.008962574239470555,-0.034804932763330576,False,False,0,0,0,0,0.0,0,4639.603846400517,0.0,63.0,37.0
466,6556,2022-08-27,Washington Nationals,Cincinnati Reds,0,-125.0,105.0,0.5555555555555556,0.4878048780487805,0.544608854331958,0.4553911456680419,-0.010946701223597533,-0.03241373238073858,False,False,0,0,0,0,0.0,0,4639.603846400517,0.0,63.0,37.0
467,6005,2022-07-15,Washington Nationals,Atlanta Braves,0,156.0,-189.0,0.390625,0.6539792387543253,0.4082059988681381,0.591794001131862,0.017580998868138076,-0.06218523762246331,True,False,0,1,0,0,231.98019232002585,0,4407.623654080491,0.0,63.0,38.0
468,8559,2023-06-06,Washington Nationals,Arizona Diamondbacks,0,130.0,-155.0,0.4347826086956521,0.6078431372549019,0.417813257182416,0.582186742817584,-0.016969351513236086,-0.02565639443731793,False,False,0,0,0,0,0.0,0,4407.623654080491,0.0,63.0,38.0
469,2651,2021-06-02,Toronto Blue Jays,Miami Marlins,1,-154.0,135.0,0.6062992125984252,0.425531914893617,0.5705515297906603,0.4294484702093397,-0.03574768280776497,0.0039165553157226585,False,False,0,0,0,0,0.0,0,4407.623654080491,0.0,63.0,38.0
470,3708,2021-08-21,Los Angeles Dodgers,New York Mets,1,-270.0,225.0,0.7297297297297297,0.3076923076923077,0.7552939028842643,0.2447060971157356,0.02556417315453463,-0.06298621057657211,True,False,1,0,0,0,220.38118270402458,0,4489.246314341241,81.62266026074984,64.0,38.0
471,3817,2021-08-29,Detroit Tigers,Toronto Blue Jays,0,142.0,-164.0,0.4132231404958678,0.6212121212121212,0.417813257182416,0.582186742817584,0.00459011668654824,-0.039025378394537236,False,False,0,0,0,0,0.0,0,4489.246314341241,0.0,64.0,38.0
472,7957,2023-04-22,Baltimore Orioles,Detroit Tigers,1,-180.0,148.0,0.6428571428571429,0.4032258064516129,0.611780258519389,0.388219741480611,-0.031076884337753907,-0.015006064971001876,False,False,0,0,0,0,0.0,0,4489.246314341241,0.0,64.0,38.0
473,6835,2022-09-17,Cleveland Guardians,Minnesota Twins,1,-179.0,148.0,0.6415770609318996,0.4032258064516129,0.6057176891006552,0.3942823108993448,-0.035859371831244435,-0.008943495552268088,False,False,0,0,0,0,0.0,0,4489.246314341241,0.0,64.0,38.0
474,2183,2021-04-29,Arizona Diamondbacks,Colorado Rockies,1,-154.0,135.0,0.6062992125984252,0.425531914893617,0.5705515297906603,0.4294484702093397,-0.03574768280776497,0.0039165553157226585,False,False,0,0,0,0,0.0,0,4489.246314341241,0.0,64.0,38.0
475,8016,2023-04-26,Atlanta Braves,Miami Marlins,1,-160.0,134.0,0.6153846153846154,0.4273504273504273,0.5705515297906603,0.4294484702093397,-0.04483308559395516,0.002098042858912408,False,False,0,0,0,0,0.0,0,4489.246314341241,0.0,64.0,38.0
476,3961,2021-09-08,Milwaukee Brewers,Philadelphia Phillies,1,-161.0,141.0,0.6168582375478927,0.4149377593360996,0.5705515297906603,0.4294484702093397,-0.046306707757232446,0.014510710873240074,False,True,0,1,0,0,224.46231571706204,0,4264.783998624179,0.0,64.0,39.0
477,5888,2022-07-06,Houston Astros,Kansas City Royals,0,-278.0,225.0,0.7354497354497355,0.3076923076923077,0.7552939028842643,0.2447060971157356,0.01984416743452888,-0.06298621057657211,True,False,0,1,0,0,224.46231571706204,0,4040.3216829071166,0.0,64.0,40.0
478,5779,2022-06-29,Washington Nationals,Pittsburgh Pirates,0,-132.0,110.0,0.5689655172413793,0.4761904761904761,0.544608854331958,0.4553911456680419,-0.02435666290942129,-0.020799330522434212,False,False,0,0,0,0,0.0,0,4040.3216829071166,0.0,64.0,40.0
479,5880,2022-07-06,Oakland Athletics,Toronto Blue Jays,0,153.0,-185.0,0.3952569169960474,0.6491228070175439,0.4082059988681381,0.591794001131862,0.012949081872090651,-0.0573288058856819,True,False,0,1,0,0,224.46231571706204,0,3815.8593671900544,0.0,64.0,41.0
480,3310,2021-07-23,Boston Red Sox,New York Yankees,1,-106.0,-112.0,0.5145631067961165,0.5283018867924528,0.4967330239374694,0.5032669760625306,-0.017830082858647123,-0.025034910729922255,False,False,0,0,0,0,0.0,0,3815.8593671900544,0.0,64.0,41.0
481,1998,2021-04-16,Milwaukee Brewers,Pittsburgh Pirates,0,-154.0,135.0,0.6062992125984252,0.425531914893617,0.5705515297906603,0.4294484702093397,-0.03574768280776497,0.0039165553157226585,False,False,0,0,0,0,0.0,0,3815.8593671900544,0.0,64.0,41.0
482,2216,2021-05-02,New York Yankees,Detroit Tigers,1,-250.0,210.0,0.7142857142857143,0.3225806451612903,0.7515060240963856,0.2484939759036144,0.03722030981067126,-0.0740866692576759,True,False,1,0,0,0,190.79296835950274,0,3892.1765545338553,76.3171873438011,65.0,41.0
483,5806,2022-07-01,Pittsburgh Pirates,Milwaukee Brewers,0,165.0,-200.0,0.3773584905660377,0.6666666666666666,0.4082059988681381,0.591794001131862,0.030847508302100368,-0.07487266553480465,True,False,0,1,0,0,190.79296835950274,0,3701.383586174353,0.0,65.0,42.0
484,4897,2022-04-27,Arizona Diamondbacks,Los Angeles Dodgers,1,165.0,-200.0,0.3773584905660377,0.6666666666666666,0.4082059988681381,0.591794001131862,0.030847508302100368,-0.07487266553480465,True,False,1,0,0,0,190.79296835950274,0,4016.1919839675325,314.8083977931795,66.0,42.0
485,2533,2021-05-25,Milwaukee Brewers,San Diego Padres,0,-115.0,-105.0,0.5348837209302325,0.5121951219512195,0.5090415019762846,0.4909584980237154,-0.025842218953947893,-0.02123662392750414,False,False,0,0,0,0,0.0,0,4016.1919839675325,0.0,66.0,42.0
486,3222,2021-07-17,Pittsburgh Pirates,New York Mets,1,150.0,-175.0,0.4,0.6363636363636364,0.4136167219374937,0.5863832780625063,0.013616721937493692,-0.04998035830113001,True,False,1,0,0,0,200.80959919837665,0,4317.406382765097,301.21439879756497,67.0,42.0
487,8582,2023-06-07,Colorado Rockies,San Francisco Giants,0,165.0,-200.0,0.3773584905660377,0.6666666666666666,0.4082059988681381,0.591794001131862,0.030847508302100368,-0.07487266553480465,True,False,0,1,0,0,200.80959919837665,0,4116.596783566721,0.0,67.0,43.0
488,823,2020-08-25,Texas Rangers,Oakland Athletics,0,146.0,-172.0,0.4065040650406504,0.6323529411764706,0.4136167219374937,0.5863832780625063,0.007112656896843317,-0.04596966311396422,False,False,0,0,0,0,0.0,0,4116.596783566721,0.0,67.0,43.0
489,8528,2023-06-03,Minnesota Twins,Cleveland Guardians,0,-140.0,117.0,0.5833333333333334,0.4608294930875576,0.5476778656126482,0.4523221343873517,-0.035655467720685174,-0.008507358700205914,False,False,0,0,0,0,0.0,0,4116.596783566721,0.0,67.0,43.0
490,8021,2023-04-27,Pittsburgh Pirates,Los Angeles Dodgers,1,139.0,-165.0,0.4184100418410041,0.6226415094339622,0.417813257182416,0.582186742817584,-0.0005967846585880898,-0.04045476661637826,False,False,0,0,0,0,0.0,0,4116.596783566721,0.0,67.0,43.0
491,5015,2022-05-05,Houston Astros,Detroit Tigers,1,-164.0,139.0,0.6212121212121212,0.4184100418410041,0.5705515297906603,0.4294484702093397,-0.050660591421460954,0.011038428368335573,False,True,0,1,0,0,205.82983917833604,0,3910.7669443883847,0.0,67.0,44.0
492,5542,2022-06-11,Houston Astros,Miami Marlins,0,-263.0,215.0,0.7245179063360881,0.3174603174603174,0.7515060240963856,0.2484939759036144,0.026988117760297414,-0.06896634155670298,True,False,0,1,0,0,205.82983917833604,0,3704.9371052100487,0.0,67.0,45.0
493,8510,2023-06-02,Minnesota Twins,Cleveland Guardians,1,-135.0,113.0,0.574468085106383,0.4694835680751174,0.544608854331958,0.4553911456680419,-0.029859230774424983,-0.014092422407075478,False,False,0,0,0,0,0.0,0,3704.9371052100487,0.0,67.0,45.0
494,5174,2022-05-16,Texas Rangers,Los Angeles Angels,1,117.0,-141.0,0.4608294930875576,0.5850622406639004,0.417813257182416,0.582186742817584,-0.04301623590514159,-0.002875497846316466,False,False,0,0,0,0,0.0,0,3704.9371052100487,0.0,67.0,45.0
495,6302,2022-08-08,San Diego Padres,San Francisco Giants,0,-189.0,156.0,0.6539792387543253,0.390625,0.6191971383147854,0.3808028616852146,-0.03478210043953989,-0.0098221383147854,False,False,0,0,0,0,0.0,0,3704.9371052100487,0.0,67.0,45.0
496,5223,2022-05-20,Miami Marlins,Atlanta Braves,0,105.0,-125.0,0.4878048780487805,0.5555555555555556,0.4672730515427145,0.5327269484572856,-0.020531826506065998,-0.02282860709826995,False,False,0,0,0,0,0.0,0,3704.9371052100487,0.0,67.0,45.0
497,5140,2022-05-14,Detroit Tigers,Baltimore Orioles,1,-115.0,-105.0,0.5348837209302325,0.5121951219512195,0.5090415019762846,0.4909584980237154,-0.025842218953947893,-0.02123662392750414,False,False,0,0,0,0,0.0,0,3704.9371052100487,0.0,67.0,45.0
498,2547,2021-05-26,Tampa Bay Rays,Kansas City Royals,1,-213.0,185.0,0.6805111821086262,0.3508771929824561,0.732438227486216,0.2675617725137839,0.05192704537758985,-0.08331542046867224,True,False,1,0,0,0,185.24685526050246,0,3791.907459792444,86.97035458239552,68.0,45.0
499,6568,2022-08-28,Washington Nationals,Cincinnati Reds,1,105.0,-125.0,0.4878048780487805,0.5555555555555556,0.4672730515427145,0.5327269484572856,-0.020531826506065998,-0.02282860709826995,False,False,0,0,0,0,0.0,0,3791.907459792444,0.0,68.0,45.0
500,607,2020-08-10,Colorado Rockies,Arizona Diamondbacks,0,-137.0,118.0,0.5780590717299579,0.4587155963302752,0.5476778656126482,0.4523221343873517,-0.030381206117309656,-0.006393461942923506,False,False,0,0,0,0,0.0,0,3791.907459792444,0.0,68.0,45.0
501,2573,2021-05-28,Detroit Tigers,New York Yankees,1,210.0,-250.0,0.3225806451612903,0.7142857142857143,0.3064516129032258,0.6935483870967742,-0.016129032258064502,-0.020737327188940058,False,False,0,0,0,0,0.0,0,3791.907459792444,0.0,68.0,45.0
502,910,2020-08-30,Arizona Diamondbacks,San Francisco Giants,0,-125.0,105.0,0.5555555555555556,0.4878048780487805,0.544608854331958,0.4553911456680419,-0.010946701223597533,-0.03241373238073858,False,False,0,0,0,0,0.0,0,3791.907459792444,0.0,68.0,45.0
503,5942,2022-07-10,Texas Rangers,Minnesota Twins,0,-115.0,-105.0,0.5348837209302325,0.5121951219512195,0.5090415019762846,0.4909584980237154,-0.025842218953947893,-0.02123662392750414,False,False,0,0,0,0,0.0,0,3791.907459792444,0.0,68.0,45.0
504,8769,2023-06-21,Milwaukee Brewers,Arizona Diamondbacks,0,126.0,-150.0,0.4424778761061947,0.6,0.417813257182416,0.582186742817584,-0.02466461892377869,-0.017813257182415998,False,False,0,0,0,0,0.0,0,3791.907459792444,0.0,68.0,45.0
505,4875,2022-04-25,Toronto Blue Jays,Boston Red Sox,1,-132.0,110.0,0.5689655172413793,0.4761904761904761,0.544608854331958,0.4553911456680419,-0.02435666290942129,-0.020799330522434212,False,False,0,0,0,0,0.0,0,3791.907459792444,0.0,68.0,45.0
506,8207,2023-05-10,Cincinnati Reds,New York Mets,0,139.0,-165.0,0.4184100418410041,0.6226415094339622,0.417813257182416,0.582186742817584,-0.0005967846585880898,-0.04045476661637826,False,False,0,0,0,0,0.0,0,3791.907459792444,0.0,68.0,45.0
507,8418,2023-05-26,Minnesota Twins,Toronto Blue Jays,0,130.0,-155.0,0.4347826086956521,0.6078431372549019,0.417813257182416,0.582186742817584,-0.016969351513236086,-0.02565639443731793,False,False,0,0,0,0,0.0,0,3791.907459792444,0.0,68.0,45.0
508,7930,2023-04-20,Chicago Cubs,Los Angeles Dodgers,0,-115.0,-105.0,0.5348837209302325,0.5121951219512195,0.5090415019762846,0.4909584980237154,-0.025842218953947893,-0.02123662392750414,False,False,0,0,0,0,0.0,0,3791.907459792444,0.0,68.0,45.0
509,8575,2023-06-07,Washington Nationals,Arizona Diamondbacks,0,113.0,-135.0,0.4694835680751174,0.574468085106383,0.417813257182416,0.582186742817584,-0.051670310892701354,0.007718657711200949,False,False,0,0,0,0,0.0,0,3791.907459792444,0.0,68.0,45.0
510,2406,2021-05-16,Pittsburgh Pirates,San Francisco Giants,0,147.0,-172.0,0.4048582995951417,0.6323529411764706,0.4136167219374937,0.5863832780625063,0.008758422342352024,-0.04596966311396422,False,False,0,0,0,0,0.0,0,3791.907459792444,0.0,68.0,45.0
511,3669,2021-08-18,New York Yankees,Boston Red Sox,1,-112.0,-108.0,0.5283018867924528,0.5192307692307693,0.4967330239374694,0.5032669760625306,-0.03156886285498345,-0.015963793168238705,False,False,0,0,0,0,0.0,0,3791.907459792444,0.0,68.0,45.0
512,3523,2021-08-07,Colorado Rockies,Miami Marlins,1,-161.0,140.0,0.6168582375478927,0.4166666666666667,0.5705515297906603,0.4294484702093397,-0.046306707757232446,0.012781803542672998,False,True,0,1,0,0,189.5953729896222,0,3602.312086802822,0.0,68.0,46.0
513,8385,2023-05-24,Pittsburgh Pirates,Texas Rangers,0,106.0,-126.0,0.4854368932038835,0.5575221238938053,0.4672730515427145,0.5327269484572856,-0.018163841661169022,-0.024795175436519656,False,False,0,0,0,0,0.0,0,3602.312086802822,0.0,68.0,46.0
514,6950,2022-09-25,Baltimore Orioles,Houston Astros,0,134.0,-160.0,0.4273504273504273,0.6153846153846154,0.417813257182416,0.582186742817584,-0.009537170168011255,-0.03319787256703144,False,False,0,0,0,0,0.0,0,3602.312086802822,0.0,68.0,46.0
515,2017,2021-04-17,Miami Marlins,San Francisco Giants,1,-130.0,110.0,0.5652173913043478,0.4761904761904761,0.544608854331958,0.4553911456680419,-0.020608536972389735,-0.020799330522434212,False,False,0,0,0,0,0.0,0,3602.312086802822,0.0,68.0,46.0
516,3734,2021-08-23,Boston Red Sox,Texas Rangers,1,-312.0,255.0,0.7572815533980582,0.2816901408450704,0.7588589652728561,0.2411410347271438,0.0015774118747978738,-0.04054910611792659,False,False,0,0,0,0,0.0,0,3602.312086802822,0.0,68.0,46.0
517,8680,2023-06-14,Seattle Mariners,Miami Marlins,0,-182.0,150.0,0.6453900709219859,0.4,0.611780258519389,0.388219741480611,-0.03360981240259686,-0.01178025851938902,False,False,0,0,0,0,0.0,0,3602.312086802822,0.0,68.0,46.0
518,1980,2021-04-15,Pittsburgh Pirates,San Diego Padres,0,155.0,-179.0,0.392156862745098,0.6415770609318996,0.4082059988681381,0.591794001131862,0.016049136123040098,-0.04978305980003761,True,False,0,1,0,0,180.1156043401411,0,3422.1964824626807,0.0,68.0,47.0
519,7094,2022-10-05,Cincinnati Reds,Chicago Cubs,0,105.0,-125.0,0.4878048780487805,0.5555555555555556,0.4672730515427145,0.5327269484572856,-0.020531826506065998,-0.02282860709826995,False,False,0,0,0,0,0.0,0,3422.1964824626807,0.0,68.0,47.0
520,6813,2022-09-15,Toronto Blue Jays,Tampa Bay Rays,0,-141.0,117.0,0.5850622406639004,0.4608294930875576,0.5476778656126482,0.4523221343873517,-0.03738437505125225,-0.008507358700205914,False,False,0,0,0,0,0.0,0,3422.1964824626807,0.0,68.0,47.0
521,6103,2022-07-25,Philadelphia Phillies,Atlanta Braves,1,148.0,-179.0,0.4032258064516129,0.6415770609318996,0.4136167219374937,0.5863832780625063,0.010390915485880836,-0.05519378286939325,True,False,1,0,0,0,171.10982412313405,0,3675.439022164919,253.2425397022384,69.0,47.0
522,2019,2021-04-17,Milwaukee Brewers,Pittsburgh Pirates,1,-147.0,127.0,0.5951417004048583,0.4405286343612334,0.5705515297906603,0.4294484702093397,-0.024590170614197993,-0.011080164151893723,False,False,0,0,0,0,0.0,0,3675.439022164919,0.0,69.0,47.0
523,8197,2023-05-10,Pittsburgh Pirates,Colorado Rockies,0,-150.0,126.0,0.6,0.4424778761061947,0.5705515297906603,0.4294484702093397,-0.029448470209339717,-0.013029405896855029,False,False,0,0,0,0,0.0,0,3675.439022164919,0.0,69.0,47.0
524,4130,2021-09-21,Boston Red Sox,New York Mets,1,-135.0,114.0,0.574468085106383,0.4672897196261682,0.5476778656126482,0.4523221343873517,-0.026790219493734835,-0.014967585238816528,False,False,0,0,0,0,0.0,0,3675.439022164919,0.0,69.0,47.0
525,6282,2022-08-07,Cleveland Guardians,Houston Astros,1,126.0,-149.0,0.4424778761061947,0.5983935742971888,0.417813257182416,0.582186742817584,-0.02466461892377869,-0.016206831479604777,False,False,0,0,0,0,0.0,0,3675.439022164919,0.0,69.0,47.0
526,2963,2021-06-25,Los Angeles Dodgers,Chicago Cubs,1,-179.0,155.0,0.6415770609318996,0.392156862745098,0.611780258519389,0.388219741480611,-0.029796802412510592,-0.003937121264486976,False,False,0,0,0,0,0.0,0,3675.439022164919,0.0,69.0,47.0
527,2471,2021-05-21,Washington Nationals,Baltimore Orioles,1,-204.0,175.0,0.6710526315789473,0.3636363636363636,0.6633646358222629,0.336635364177737,-0.00768799575668444,-0.027000999458626607,False,False,0,0,0,0,0.0,0,3675.439022164919,0.0,69.0,47.0
528,1226,2020-09-21,Atlanta Braves,Miami Marlins,1,-172.0,147.0,0.6323529411764706,0.4048582995951417,0.6057176891006552,0.3942823108993448,-0.026635252075815408,-0.0105759886957969,False,False,0,0,0,0,0.0,0,3675.439022164919,0.0,69.0,47.0
529,2106,2021-04-24,Chicago Cubs,Milwaukee Brewers,0,-105.0,-115.0,0.5121951219512195,0.5348837209302325,0.4967330239374694,0.5032669760625306,-0.015462098013750147,-0.03161674486770194,False,False,0,0,0,0,0.0,0,3675.439022164919,0.0,69.0,47.0
530,6203,2022-08-01,Houston Astros,Boston Red Sox,0,-189.0,156.0,0.6539792387543253,0.390625,0.6191971383147854,0.3808028616852146,-0.03478210043953989,-0.0098221383147854,False,False,0,0,0,0,0.0,0,3675.439022164919,0.0,69.0,47.0
531,3642,2021-08-16,Kansas City Royals,Houston Astros,1,140.0,-161.0,0.4166666666666667,0.6168582375478927,0.417813257182416,0.582186742817584,0.001146590515749335,-0.03467149473030873,False,False,0,0,0,0,0.0,0,3675.439022164919,0.0,69.0,47.0
532,7950,2023-04-22,Chicago Cubs,Los Angeles Dodgers,0,117.0,-140.0,0.4608294930875576,0.5833333333333334,0.417813257182416,0.582186742817584,-0.04301623590514159,-0.0011465905157493905,False,False,0,0,0,0,0.0,0,3675.439022164919,0.0,69.0,47.0
533,6849,2022-09-17,Arizona Diamondbacks,San Diego Padres,0,-110.0,-110.0,0.5238095238095238,0.5238095238095238,0.4967330239374694,0.5032669760625306,-0.02707649987205446,-0.020542547746993267,False,False,0,0,0,0,0.0,0,3675.439022164919,0.0,69.0,47.0
534,4129,2021-09-21,New York Yankees,Texas Rangers,1,-250.0,205.0,0.7142857142857143,0.3278688524590163,0.732438227486216,0.2675617725137839,0.018152513200501708,-0.060307079945232434,True,False,1,0,0,0,183.77195110824596,0,3748.9478026082174,73.50878044329839,70.0,47.0
535,5170,2022-05-16,Toronto Blue Jays,Seattle Mariners,1,-154.0,130.0,0.6062992125984252,0.4347826086956521,0.5705515297906603,0.4294484702093397,-0.03574768280776497,-0.005334138486312423,False,False,0,0,0,0,0.0,0,3748.9478026082174,0.0,70.0,47.0
536,5671,2022-06-21,Pittsburgh Pirates,Chicago Cubs,1,-161.0,134.0,0.6168582375478927,0.4273504273504273,0.5705515297906603,0.4294484702093397,-0.046306707757232446,0.002098042858912408,False,False,0,0,0,0,0.0,0,3748.9478026082174,0.0,70.0,47.0
537,1063,2020-09-10,Chicago Cubs,Cincinnati Reds,1,116.0,-135.0,0.4629629629629629,0.574468085106383,0.417813257182416,0.582186742817584,-0.04514970578054689,0.007718657711200949,False,False,0,0,0,0,0.0,0,3748.9478026082174,0.0,70.0,47.0
538,6947,2022-09-24,Colorado Rockies,San Diego Padres,0,170.0,-210.0,0.3703703703703703,0.6774193548387096,0.3595128373930217,0.6404871626069784,-0.010857532977348594,-0.036932192231731276,False,False,0,0,0,0,0.0,0,3748.9478026082174,0.0,70.0,47.0
539,7845,2023-04-14,Kansas City Royals,Atlanta Braves,0,120.0,-143.0,0.4545454545454545,0.588477366255144,0.417813257182416,0.582186742817584,-0.036732197363038455,-0.006290623437560039,False,False,0,0,0,0,0.0,0,3748.9478026082174,0.0,70.0,47.0
540,2461,2021-05-20,Baltimore Orioles,Tampa Bay Rays,0,140.0,-161.0,0.4166666666666667,0.6168582375478927,0.417813257182416,0.582186742817584,0.001146590515749335,-0.03467149473030873,False,False,0,0,0,0,0.0,0,3748.9478026082174,0.0,70.0,47.0
541,3480,2021-08-04,Colorado Rockies,Chicago Cubs,0,-149.0,130.0,0.5983935742971888,0.4347826086956521,0.5705515297906603,0.4294484702093397,-0.027842044506528496,-0.005334138486312423,False,False,0,0,0,0,0.0,0,3748.9478026082174,0.0,70.0,47.0
542,2999,2021-06-28,Cincinnati Reds,Philadelphia Phillies,1,-143.0,123.0,0.588477366255144,0.4484304932735426,0.5705515297906603,0.4294484702093397,-0.017925836464483758,-0.018982023064202935,False,False,0,0,0,0,0.0,0,3748.9478026082174,0.0,70.0,47.0
543,2618,2021-05-31,Baltimore Orioles,Minnesota Twins,0,145.0,-169.0,0.4081632653061224,0.6282527881040892,0.4136167219374937,0.5863832780625063,0.005453456631371312,-0.0418695100415829,False,False,0,0,0,0,0.0,0,3748.9478026082174,0.0,70.0,47.0
544,2682,2021-06-04,Colorado Rockies,Oakland Athletics,0,115.0,-135.0,0.4651162790697674,0.574468085106383,0.417813257182416,0.582186742817584,-0.04730302188735136,0.007718657711200949,False,False,0,0,0,0,0.0,0,3748.9478026082174,0.0,70.0,47.0
545,5841,2022-07-03,Minnesota Twins,Baltimore Orioles,0,-169.0,141.0,0.6282527881040892,0.4149377593360996,0.5705515297906603,0.4294484702093397,-0.05770125831342898,0.014510710873240074,False,True,1,0,0,0,187.4473901304109,0,4013.248622692097,264.30082008387933,71.0,47.0
546,6406,2022-08-16,New York Yankees,Tampa Bay Rays,0,-169.0,141.0,0.6282527881040892,0.4149377593360996,0.5705515297906603,0.4294484702093397,-0.05770125831342898,0.014510710873240074,False,True,1,0,0,0,187.4473901304109,0,4277.549442775976,264.30082008387933,72.0,47.0
547,6735,2022-09-09,Minnesota Twins,Cleveland Guardians,0,-112.0,-108.0,0.5283018867924528,0.5192307692307693,0.4967330239374694,0.5032669760625306,-0.03156886285498345,-0.015963793168238705,False,False,0,0,0,0,0.0,0,4277.549442775976,0.0,72.0,47.0
548,2229,2021-05-03,Philadelphia Phillies,Milwaukee Brewers,1,-115.0,-105.0,0.5348837209302325,0.5121951219512195,0.5090415019762846,0.4909584980237154,-0.025842218953947893,-0.02123662392750414,False,False,0,0,0,0,0.0,0,4277.549442775976,0.0,72.0,47.0
549,8526,2023-06-03,Miami Marlins,Oakland Athletics,1,-200.0,165.0,0.6666666666666666,0.3773584905660377,0.6191971383147854,0.3808028616852146,-0.04746952835188123,0.003444371119176892,False,False,0,0,0,0,0.0,0,4277.549442775976,0.0,72.0,47.0
550,3312,2021-07-23,Houston Astros,Texas Rangers,1,-222.0,190.0,0.6894409937888198,0.3448275862068966,0.732438227486216,0.2675617725137839,0.042997233697396164,-0.0772658136931127,True,False,1,0,0,0,213.8774721387988,0,4373.890646442102,96.34120366612558,73.0,47.0
551,1161,2020-09-17,Seattle Mariners,San Francisco Giants,0,126.0,-145.0,0.4424778761061947,0.5918367346938775,0.417813257182416,0.582186742817584,-0.02466461892377869,-0.009649991876293562,False,False,0,0,0,0,0.0,0,4373.890646442102,0.0,73.0,47.0
552,5702,2022-06-23,Minnesota Twins,Cleveland Guardians,1,-135.0,113.0,0.574468085106383,0.4694835680751174,0.544608854331958,0.4553911456680419,-0.029859230774424983,-0.014092422407075478,False,False,0,0,0,0,0.0,0,4373.890646442102,0.0,73.0,47.0
553,6397,2022-08-15,Texas Rangers,Oakland Athletics,1,-159.0,132.0,0.6138996138996139,0.4310344827586206,0.5705515297906603,0.4294484702093397,-0.04334808410895363,-0.001586012549280924,False,False,0,0,0,0,0.0,0,4373.890646442102,0.0,73.0,47.0
554,1095,2020-09-12,Colorado Rockies,Los Angeles Angels,0,-130.0,110.0,0.5652173913043478,0.4761904761904761,0.544608854331958,0.4553911456680419,-0.020608536972389735,-0.020799330522434212,False,False,0,0,0,0,0.0,0,4373.890646442102,0.0,73.0,47.0
555,5625,2022-06-17,Arizona Diamondbacks,Minnesota Twins,1,113.0,-135.0,0.4694835680751174,0.574468085106383,0.417813257182416,0.582186742817584,-0.051670310892701354,0.007718657711200949,False,False,0,0,0,0,0.0,0,4373.890646442102,0.0,73.0,47.0
556,2357,2021-05-12,Atlanta Braves,Toronto Blue Jays,0,-106.0,-112.0,0.5145631067961165,0.5283018867924528,0.4967330239374694,0.5032669760625306,-0.017830082858647123,-0.025034910729922255,False,False,0,0,0,0,0.0,0,4373.890646442102,0.0,73.0,47.0
557,3602,2021-08-13,Los Angeles Angels,Houston Astros,0,130.0,-149.0,0.4347826086956521,0.5983935742971888,0.417813257182416,0.582186742817584,-0.016969351513236086,-0.016206831479604777,False,False,0,0,0,0,0.0,0,4373.890646442102,0.0,73.0,47.0
558,534,2020-08-05,Arizona Diamondbacks,Houston Astros,1,143.0,-167.0,0.411522633744856,0.6254681647940075,0.4136167219374937,0.5863832780625063,0.002094088192637733,-0.03908488673150112,False,False,0,0,0,0,0.0,0,4373.890646442102,0.0,73.0,47.0
559,4762,2022-04-17,New York Mets,Arizona Diamondbacks,1,-189.0,156.0,0.6539792387543253,0.390625,0.6191971383147854,0.3808028616852146,-0.03478210043953989,-0.0098221383147854,False,False,0,0,0,0,0.0,0,4373.890646442102,0.0,73.0,47.0
560,3423,2021-07-31,Pittsburgh Pirates,Philadelphia Phillies,1,140.0,-161.0,0.4166666666666667,0.6168582375478927,0.417813257182416,0.582186742817584,0.001146590515749335,-0.03467149473030873,False,False,0,0,0,0,0.0,0,4373.890646442102,0.0,73.0,47.0
561,1013,2020-09-06,Los Angeles Dodgers,Colorado Rockies,0,-263.0,220.0,0.7245179063360881,0.3125,0.7552939028842643,0.2447060971157356,0.0307759965481762,-0.0677939028842644,True,False,0,1,0,0,218.6945323221051,0,4155.196114119996,0.0,73.0,48.0
562,3672,2021-08-18,Miami Marlins,Atlanta Braves,0,180.0,-208.0,0.3571428571428571,0.6753246753246753,0.3595128373930217,0.6404871626069784,0.002369980250164605,-0.03483751271769697,False,False,0,0,0,0,0.0,0,4155.196114119996,0.0,73.0,48.0
563,4769,2022-04-17,Los Angeles Dodgers,Cincinnati Reds,1,-192.0,157.0,0.6575342465753424,0.3891050583657587,0.6191971383147854,0.3808028616852146,-0.03833710826055703,-0.008302196680544105,False,False,0,0,0,0,0.0,0,4155.196114119996,0.0,73.0,48.0
564,2903,2021-06-20,Seattle Mariners,Tampa Bay Rays,1,143.0,-167.0,0.411522633744856,0.6254681647940075,0.4136167219374937,0.5863832780625063,0.002094088192637733,-0.03908488673150112,False,False,0,0,0,0,0.0,0,4155.196114119996,0.0,73.0,48.0
565,5933,2022-07-09,Seattle Mariners,Toronto Blue Jays,1,102.0,-122.0,0.495049504950495,0.5495495495495496,0.4672730515427145,0.5327269484572856,-0.02777645340778051,-0.016822601092263967,False,False,0,0,0,0,0.0,0,4155.196114119996,0.0,73.0,48.0
566,6443,2022-08-19,Chicago Cubs,Milwaukee Brewers,1,119.0,-143.0,0.45662100456621,0.588477366255144,0.417813257182416,0.582186742817584,-0.038807747383794,-0.006290623437560039,False,False,0,0,0,0,0.0,0,4155.196114119996,0.0,73.0,48.0
567,1213,2020-09-20,Colorado Rockies,Los Angeles Dodgers,1,175.0,-204.0,0.3636363636363636,0.6710526315789473,0.3595128373930217,0.6404871626069784,-0.004123526243341891,-0.03056546897196899,False,False,0,0,0,0,0.0,0,4155.196114119996,0.0,73.0,48.0
568,2731,2021-06-08,Los Angeles Angels,Kansas City Royals,1,-149.0,130.0,0.5983935742971888,0.4347826086956521,0.5705515297906603,0.4294484702093397,-0.027842044506528496,-0.005334138486312423,False,False,0,0,0,0,0.0,0,4155.196114119996,0.0,73.0,48.0
569,2750,2021-06-10,Cincinnati Reds,Milwaukee Brewers,0,108.0,-128.0,0.4807692307692308,0.5614035087719298,0.441292093161252,0.5587079068387479,-0.039477137607978774,-0.002695601933181857,False,False,0,0,0,0,0.0,0,4155.196114119996,0.0,73.0,48.0
570,5516,2022-06-10,Philadelphia Phillies,Arizona Diamondbacks,1,-133.0,112.0,0.5708154506437768,0.4716981132075472,0.544608854331958,0.4553911456680419,-0.026206596311818764,-0.01630696753950528,False,False,0,0,0,0,0.0,0,4155.196114119996,0.0,73.0,48.0
571,2284,2021-05-07,New York Yankees,Washington Nationals,0,-189.0,162.0,0.6539792387543253,0.3816793893129771,0.6191971383147854,0.3808028616852146,-0.03478210043953989,-0.0008765276277625245,False,False,0,0,0,0,0.0,0,4155.196114119996,0.0,73.0,48.0
572,5418,2022-06-02,Milwaukee Brewers,San Diego Padres,1,-115.0,-105.0,0.5348837209302325,0.5121951219512195,0.5090415019762846,0.4909584980237154,-0.025842218953947893,-0.02123662392750414,False,False,0,0,0,0,0.0,0,4155.196114119996,0.0,73.0,48.0
573,8458,2023-05-29,Chicago Cubs,Tampa Bay Rays,1,108.0,-130.0,0.4807692307692308,0.5652173913043478,0.441292093161252,0.5587079068387479,-0.039477137607978774,-0.006509484465599846,False,False,0,0,0,0,0.0,0,4155.196114119996,0.0,73.0,48.0
574,2485,2021-05-21,San Diego Padres,Seattle Mariners,1,-208.0,180.0,0.6753246753246753,0.3571428571428571,0.6892655367231638,0.3107344632768362,0.013940861398488491,-0.046408393866020914,True,False,1,0,0,0,207.75980570599984,0,4255.080636094035,99.88452197403839,74.0,48.0
575,2101,2021-04-23,Los Angeles Dodgers,San Diego Padres,0,-145.0,126.0,0.5918367346938775,0.4424778761061947,0.5705515297906603,0.4294484702093397,-0.02128520490321728,-0.013029405896855029,False,False,0,0,0,0,0.0,0,4255.080636094035,0.0,74.0,48.0
576,1090,2020-09-12,Kansas City Royals,Pittsburgh Pirates,1,-122.0,102.0,0.5495495495495496,0.495049504950495,0.5235869565217391,0.4764130434782608,-0.025962593027810454,-0.01863646147223419,False,False,0,0,0,0,0.0,0,4255.080636094035,0.0,74.0,48.0
577,960,2020-09-03,Los Angeles Dodgers,Arizona Diamondbacks,1,-294.0,245.0,0.7461928934010152,0.2898550724637681,0.7588589652728561,0.2411410347271438,0.012666071871840878,-0.04871403773662433,True,False,1,0,0,0,212.75403180470175,0,4327.44595303441,72.36531694037474,75.0,48.0
578,6405,2022-08-16,Pittsburgh Pirates,Boston Red Sox,0,113.0,-135.0,0.4694835680751174,0.574468085106383,0.417813257182416,0.582186742817584,-0.051670310892701354,0.007718657711200949,False,False,0,0,0,0,0.0,0,4327.44595303441,0.0,75.0,48.0
579,5063,2022-05-08,Minnesota Twins,Oakland Athletics,1,-185.0,153.0,0.6491228070175439,0.3952569169960474,0.611780258519389,0.388219741480611,-0.03734254849815488,-0.007037175515436422,False,False,0,0,0,0,0.0,0,4327.44595303441,0.0,75.0,48.0
580,7912,2023-04-19,Detroit Tigers,Cleveland Guardians,0,122.0,-145.0,0.4504504504504504,0.5918367346938775,0.417813257182416,0.582186742817584,-0.03263719326803438,-0.009649991876293562,False,False,0,0,0,0,0.0,0,4327.44595303441,0.0,75.0,48.0
581,6072,2022-07-23,Seattle Mariners,Houston Astros,0,122.0,-145.0,0.4504504504504504,0.5918367346938775,0.417813257182416,0.582186742817584,-0.03263719326803438,-0.009649991876293562,False,False,0,0,0,0,0.0,0,4327.44595303441,0.0,75.0,48.0
582,3900,2021-09-04,Cincinnati Reds,Detroit Tigers,1,-189.0,165.0,0.6539792387543253,0.3773584905660377,0.6191971383147854,0.3808028616852146,-0.03478210043953989,0.003444371119176892,False,False,0,0,0,0,0.0,0,4327.44595303441,0.0,75.0,48.0
583,8891,2023-06-30,Seattle Mariners,Tampa Bay Rays,0,117.0,-140.0,0.4608294930875576,0.5833333333333334,0.417813257182416,0.582186742817584,-0.04301623590514159,-0.0011465905157493905,False,False,0,0,0,0,0.0,0,4327.44595303441,0.0,75.0,48.0
584,3778,2021-08-26,Miami Marlins,Washington Nationals,1,-115.0,-105.0,0.5348837209302325,0.5121951219512195,0.5090415019762846,0.4909584980237154,-0.025842218953947893,-0.02123662392750414,False,False,0,0,0,0,0.0,0,4327.44595303441,0.0,75.0,48.0
585,7802,2023-04-11,Tampa Bay Rays,Boston Red Sox,1,-185.0,153.0,0.6491228070175439,0.3952569169960474,0.611780258519389,0.388219741480611,-0.03734254849815488,-0.007037175515436422,False,False,0,0,0,0,0.0,0,4327.44595303441,0.0,75.0,48.0
586,5413,2022-06-02,Texas Rangers,Tampa Bay Rays,0,113.0,-135.0,0.4694835680751174,0.574468085106383,0.417813257182416,0.582186742817584,-0.051670310892701354,0.007718657711200949,False,False,0,0,0,0,0.0,0,4327.44595303441,0.0,75.0,48.0
587,1243,2020-09-22,Arizona Diamondbacks,Texas Rangers,1,-141.0,120.0,0.5850622406639004,0.4545454545454545,0.5679347826086957,0.4320652173913043,-0.01712745805520477,-0.02248023715415015,False,False,0,0,0,0,0.0,0,4327.44595303441,0.0,75.0,48.0
588,4942,2022-04-30,Oakland Athletics,Cleveland Guardians,0,134.0,-161.0,0.4273504273504273,0.6168582375478927,0.417813257182416,0.582186742817584,-0.009537170168011255,-0.03467149473030873,False,False,0,0,0,0,0.0,0,4327.44595303441,0.0,75.0,48.0
589,8279,2023-05-16,Toronto Blue Jays,New York Yankees,0,-190.0,156.0,0.6551724137931034,0.390625,0.6191971383147854,0.3808028616852146,-0.035975275478318025,-0.0098221383147854,False,False,0,0,0,0,0.0,0,4327.44595303441,0.0,75.0,48.0
590,4902,2022-04-27,Washington Nationals,Miami Marlins,0,130.0,-154.0,0.4347826086956521,0.6062992125984252,0.417813257182416,0.582186742817584,-0.016969351513236086,-0.02411246978084125,False,False,0,0,0,0,0.0,0,4327.44595303441,0.0,75.0,48.0
591,5144,2022-05-14,Washington Nationals,Houston Astros,1,141.0,-169.0,0.4149377593360996,0.6282527881040892,0.4136167219374937,0.5863832780625063,-0.0013210373986058954,-0.0418695100415829,False,False,0,0,0,0,0.0,0,4327.44595303441,0.0,75.0,48.0
592,7839,2023-04-14,Washington Nationals,Cleveland Guardians,0,130.0,-155.0,0.4347826086956521,0.6078431372549019,0.417813257182416,0.582186742817584,-0.016969351513236086,-0.02565639443731793,False,False,0,0,0,0,0.0,0,4327.44595303441,0.0,75.0,48.0
593,8178,2023-05-08,Los Angeles Angels,Houston Astros,1,105.0,-125.0,0.4878048780487805,0.5555555555555556,0.4672730515427145,0.5327269484572856,-0.020531826506065998,-0.02282860709826995,False,False,0,0,0,0,0.0,0,4327.44595303441,0.0,75.0,48.0
594,2757,2021-06-10,Oakland Athletics,Kansas City Royals,0,-154.0,135.0,0.6062992125984252,0.425531914893617,0.5705515297906603,0.4294484702093397,-0.03574768280776497,0.0039165553157226585,False,False,0,0,0,0,0.0,0,4327.44595303441,0.0,75.0,48.0
595,3738,2021-08-23,Chicago Cubs,Colorado Rockies,1,-127.0,106.0,0.5594713656387665,0.4854368932038835,0.544608854331958,0.4553911456680419,-0.01486251130680849,-0.030045747535841605,False,False,0,0,0,0,0.0,0,4327.44595303441,0.0,75.0,48.0
596,4924,2022-04-29,Miami Marlins,Seattle Mariners,1,-105.0,-115.0,0.5121951219512195,0.5348837209302325,0.4967330239374694,0.5032669760625306,-0.015462098013750147,-0.03161674486770194,False,False,0,0,0,0,0.0,0,4327.44595303441,0.0,75.0,48.0
597,5317,2022-05-26,Arizona Diamondbacks,Los Angeles Dodgers,0,153.0,-185.0,0.3952569169960474,0.6491228070175439,0.4082059988681381,0.591794001131862,0.012949081872090651,-0.0573288058856819,True,False,0,1,0,0,216.37229765172052,0,4111.07365538269,0.0,75.0,49.0
598,2600,2021-05-29,Seattle Mariners,Texas Rangers,1,-115.0,-105.0,0.5348837209302325,0.5121951219512195,0.5090415019762846,0.4909584980237154,-0.025842218953947893,-0.02123662392750414,False,False,0,0,0,0,0.0,0,4111.07365538269,0.0,75.0,49.0
599,1256,2020-09-23,Boston Red Sox,Baltimore Orioles,1,-161.0,141.0,0.6168582375478927,0.4149377593360996,0.5705515297906603,0.4294484702093397,-0.046306707757232446,0.014510710873240074,False,True,0,1,0,0,216.37229765172052,0,3894.7013577309694,0.0,75.0,50.0
600,7967,2023-04-23,Atlanta Braves,Houston Astros,0,-143.0,120.0,0.588477366255144,0.4545454545454545,0.5679347826086957,0.4320652173913043,-0.020542583646448342,-0.02248023715415015,False,False,0,0,0,0,0.0,0,3894.7013577309694,0.0,75.0,50.0
601,8325,2023-05-19,San Diego Padres,Boston Red Sox,0,-145.0,122.0,0.5918367346938775,0.4504504504504504,0.5705515297906603,0.4294484702093397,-0.02128520490321728,-0.021001980241110718,False,False,0,0,0,0,0.0,0,3894.7013577309694,0.0,75.0,50.0
602,483,2020-08-02,Baltimore Orioles,Tampa Bay Rays,1,165.0,-189.0,0.3773584905660377,0.6539792387543253,0.4082059988681381,0.591794001131862,0.030847508302100368,-0.06218523762246331,True,False,1,0,0,0,194.73506788654848,0,4216.014219743774,321.312862012805,76.0,50.0
603,2082,2021-04-22,Boston Red Sox,Seattle Mariners,0,-167.0,143.0,0.6254681647940075,0.411522633744856,0.6043478260869566,0.3956521739130434,-0.02112033870705088,-0.015870459831812567,False,False,0,0,0,0,0.0,0,4216.014219743774,0.0,76.0,50.0
604,3501,2021-08-06,Cincinnati Reds,Pittsburgh Pirates,1,-189.0,165.0,0.6539792387543253,0.3773584905660377,0.6191971383147854,0.3808028616852146,-0.03478210043953989,0.003444371119176892,False,False,0,0,0,0,0.0,0,4216.014219743774,0.0,76.0,50.0
605,2843,2021-06-16,Houston Astros,Texas Rangers,1,-233.0,195.0,0.6996996996996997,0.3389830508474576,0.732438227486216,0.2675617725137839,0.032738527786516314,-0.07142127833367373,True,False,1,0,0,0,210.80071098718872,0,4306.486627892782,90.47240814900803,77.0,50.0
606,5229,2022-05-20,Houston Astros,Texas Rangers,0,-169.0,141.0,0.6282527881040892,0.4149377593360996,0.5705515297906603,0.4294484702093397,-0.05770125831342898,0.014510710873240074,False,True,1,0,0,0,210.80071098718872,0,4603.715630384718,297.22900249193606,78.0,50.0
607,6623,2022-09-01,New York Mets,Los Angeles Dodgers,1,122.0,-145.0,0.4504504504504504,0.5918367346938775,0.417813257182416,0.582186742817584,-0.03263719326803438,-0.009649991876293562,False,False,0,0,0,0,0.0,0,4603.715630384718,0.0,78.0,50.0
608,6960,2022-09-25,Colorado Rockies,San Diego Padres,0,126.0,-150.0,0.4424778761061947,0.6,0.417813257182416,0.582186742817584,-0.02466461892377869,-0.017813257182415998,False,False,0,0,0,0,0.0,0,4603.715630384718,0.0,78.0,50.0
609,2425,2021-05-17,Texas Rangers,New York Yankees,1,230.0,-278.0,0.303030303030303,0.7354497354497355,0.225,0.775,-0.07803030303030298,0.03955026455026456,False,True,0,1,0,0,210.80071098718872,0,4392.914919397529,0.0,78.0,51.0
610,7040,2022-10-01,Los Angeles Dodgers,Colorado Rockies,1,-240.0,195.0,0.7058823529411765,0.3389830508474576,0.732438227486216,0.2675617725137839,0.026555874545039493,-0.07142127833367373,True,False,1,0,0,0,219.64574596987646,0,4484.433980218311,91.51906082078186,79.0,51.0
611,6671,2022-09-04,Los Angeles Angels,Houston Astros,0,139.0,-164.0,0.4184100418410041,0.6212121212121212,0.417813257182416,0.582186742817584,-0.0005967846585880898,-0.039025378394537236,False,False,0,0,0,0,0.0,0,4484.433980218311,0.0,79.0,51.0
612,2154,2021-04-27,Houston Astros,Seattle Mariners,1,-182.0,158.0,0.6453900709219859,0.3875968992248062,0.611780258519389,0.388219741480611,-0.03360981240259686,0.0006228422558047786,False,False,0,0,0,0,0.0,0,4484.433980218311,0.0,79.0,51.0
613,5856,2022-07-04,Cincinnati Reds,New York Mets,0,142.0,-172.0,0.4132231404958678,0.6323529411764706,0.4136167219374937,0.5863832780625063,0.0003935814416259342,-0.04596966311396422,False,False,0,0,0,0,0.0,0,4484.433980218311,0.0,79.0,51.0
614,4053,2021-09-15,Texas Rangers,Houston Astros,0,170.0,-208.0,0.3703703703703703,0.6753246753246753,0.3595128373930217,0.6404871626069784,-0.010857532977348594,-0.03483751271769697,False,False,0,0,0,0,0.0,0,4484.433980218311,0.0,79.0,51.0
615,5478,2022-06-07,Baltimore Orioles,Chicago Cubs,1,-103.0,-118.0,0.5073891625615764,0.5412844036697247,0.4967330239374694,0.5032669760625306,-0.010656138624107026,-0.038017427607194176,False,False,0,0,0,0,0.0,0,4484.433980218311,0.0,79.0,51.0
616,4119,2021-09-20,Tampa Bay Rays,Toronto Blue Jays,1,108.0,-130.0,0.4807692307692308,0.5652173913043478,0.441292093161252,0.5587079068387479,-0.039477137607978774,-0.006509484465599846,False,False,0,0,0,0,0.0,0,4484.433980218311,0.0,79.0,51.0
617,5006,2022-05-04,Milwaukee Brewers,Cincinnati Reds,1,-270.0,220.0,0.7297297297297297,0.3125,0.7552939028842643,0.2447060971157356,0.02556417315453463,-0.0677939028842644,True,False,1,0,0,0,224.2216990109156,0,4567.4790539260575,83.04507370774651,80.0,51.0
618,5405,2022-06-01,Detroit Tigers,Minnesota Twins,1,105.0,-125.0,0.4878048780487805,0.5555555555555556,0.4672730515427145,0.5327269484572856,-0.020531826506065998,-0.02282860709826995,False,False,0,0,0,0,0.0,0,4567.4790539260575,0.0,80.0,51.0
619,8446,2023-05-28,Minnesota Twins,Toronto Blue Jays,0,-105.0,-115.0,0.5121951219512195,0.5348837209302325,0.4967330239374694,0.5032669760625306,-0.015462098013750147,-0.03161674486770194,False,False,0,0,0,0,0.0,0,4567.4790539260575,0.0,80.0,51.0
620,8739,2023-06-19,Detroit Tigers,Kansas City Royals,1,-147.0,123.0,0.5951417004048583,0.4484304932735426,0.5705515297906603,0.4294484702093397,-0.024590170614197993,-0.018982023064202935,False,False,0,0,0,0,0.0,0,4567.4790539260575,0.0,80.0,51.0
621,6212,2022-08-02,Pittsburgh Pirates,Milwaukee Brewers,1,210.0,-263.0,0.3225806451612903,0.7245179063360881,0.2666666666666666,0.7333333333333334,-0.055913978494623706,0.008815426997245246,False,False,0,0,0,0,0.0,0,4567.4790539260575,0.0,80.0,51.0
622,2023,2021-04-18,Washington Nationals,Arizona Diamondbacks,0,-200.0,170.0,0.6666666666666666,0.3703703703703703,0.6191971383147854,0.3808028616852146,-0.04746952835188123,0.010432491314844305,False,True,1,0,0,0,228.3739526963029,0,4955.714773509772,388.2357195837149,81.0,51.0
623,6986,2022-09-28,Detroit Tigers,Kansas City Royals,1,-130.0,108.0,0.5652173913043478,0.4807692307692308,0.544608854331958,0.4553911456680419,-0.020608536972389735,-0.025378085101188885,False,False,0,0,0,0,0.0,0,4955.714773509772,0.0,81.0,51.0
624,7791,2023-04-10,New York Mets,San Diego Padres,1,-135.0,113.0,0.574468085106383,0.4694835680751174,0.544608854331958,0.4553911456680419,-0.029859230774424983,-0.014092422407075478,False,False,0,0,0,0,0.0,0,4955.714773509772,0.0,81.0,51.0
625,8573,2023-06-07,Miami Marlins,Kansas City Royals,1,-180.0,148.0,0.6428571428571429,0.4032258064516129,0.611780258519389,0.388219741480611,-0.031076884337753907,-0.015006064971001876,False,False,0,0,0,0,0.0,0,4955.714773509772,0.0,81.0,51.0
626,5614,2022-06-17,Chicago Cubs,Atlanta Braves,1,148.0,-179.0,0.4032258064516129,0.6415770609318996,0.4136167219374937,0.5863832780625063,0.010390915485880836,-0.05519378286939325,True,False,1,0,0,0,247.78573867548863,0,5322.437666749495,366.7228932397232,82.0,51.0
627,5292,2022-05-24,Seattle Mariners,Oakland Athletics,0,-154.0,130.0,0.6062992125984252,0.4347826086956521,0.5705515297906603,0.4294484702093397,-0.03574768280776497,-0.005334138486312423,False,False,0,0,0,0,0.0,0,5322.437666749495,0.0,82.0,51.0
628,659,2020-08-14,Chicago Cubs,Milwaukee Brewers,0,-114.0,-106.0,0.5327102803738317,0.5145631067961165,0.5090415019762846,0.4909584980237154,-0.023668778397547108,-0.023604608772401114,False,False,0,0,0,0,0.0,0,5322.437666749495,0.0,82.0,51.0
629,8552,2023-06-05,Toronto Blue Jays,Houston Astros,0,-126.0,106.0,0.5575221238938053,0.4854368932038835,0.544608854331958,0.4553911456680419,-0.01291326956184724,-0.030045747535841605,False,False,0,0,0,0,0.0,0,5322.437666749495,0.0,82.0,51.0
630,5200,2022-05-18,Colorado Rockies,San Francisco Giants,1,132.0,-159.0,0.4310344827586206,0.6138996138996139,0.417813257182416,0.582186742817584,-0.013221225576204587,-0.031712871082029914,False,False,0,0,0,0,0.0,0,5322.437666749495,0.0,82.0,51.0
631,3254,2021-07-19,Toronto Blue Jays,Boston Red Sox,0,-127.0,106.0,0.5594713656387665,0.4854368932038835,0.544608854331958,0.4553911456680419,-0.01486251130680849,-0.030045747535841605,False,False,0,0,0,0,0.0,0,5322.437666749495,0.0,82.0,51.0
632,7973,2023-04-23,Chicago Cubs,Los Angeles Dodgers,0,117.0,-140.0,0.4608294930875576,0.5833333333333334,0.417813257182416,0.582186742817584,-0.04301623590514159,-0.0011465905157493905,False,False,0,0,0,0,0.0,0,5322.437666749495,0.0,82.0,51.0
633,5126,2022-05-13,Tampa Bay Rays,Toronto Blue Jays,1,106.0,-127.0,0.4854368932038835,0.5594713656387665,0.441292093161252,0.5587079068387479,-0.044144800042631493,-0.0007634588000186016,False,False,0,0,0,0,0.0,0,5322.437666749495,0.0,82.0,51.0
634,3714,2021-08-21,Baltimore Orioles,Atlanta Braves,0,180.0,-208.0,0.3571428571428571,0.6753246753246753,0.3595128373930217,0.6404871626069784,0.002369980250164605,-0.03483751271769697,False,False,0,0,0,0,0.0,0,5322.437666749495,0.0,82.0,51.0
635,5707,2022-06-23,San Diego Padres,Philadelphia Phillies,0,-149.0,126.0,0.5983935742971888,0.4424778761061947,0.5705515297906603,0.4294484702093397,-0.027842044506528496,-0.013029405896855029,False,False,0,0,0,0,0.0,0,5322.437666749495,0.0,82.0,51.0
636,3061,2021-07-02,Kansas City Royals,Minnesota Twins,1,-112.0,-106.0,0.5283018867924528,0.5145631067961165,0.4967330239374694,0.5032669760625306,-0.03156886285498345,-0.01129613073358593,False,False,0,0,0,0,0.0,0,5322.437666749495,0.0,82.0,51.0
637,2483,2021-05-21,Los Angeles Angels,Oakland Athletics,0,100.0,-120.0,0.5,0.5454545454545454,0.4672730515427145,0.5327269484572856,-0.03272694845728552,-0.012727596997259782,False,False,0,0,0,0,0.0,0,5322.437666749495,0.0,82.0,51.0
638,3466,2021-08-03,Arizona Diamondbacks,San Francisco Giants,1,145.0,-169.0,0.4081632653061224,0.6282527881040892,0.4136167219374937,0.5863832780625063,0.005453456631371312,-0.0418695100415829,False,False,0,0,0,0,0.0,0,5322.437666749495,0.0,82.0,51.0
639,2545,2021-05-26,Washington Nationals,Cincinnati Reds,1,-135.0,115.0,0.574468085106383,0.4651162790697674,0.5476778656126482,0.4523221343873517,-0.026790219493734835,-0.012794144682415687,False,False,0,0,0,0,0.0,0,5322.437666749495,0.0,82.0,51.0
640,6575,2022-08-28,Minnesota Twins,San Francisco Giants,1,-115.0,-105.0,0.5348837209302325,0.5121951219512195,0.5090415019762846,0.4909584980237154,-0.025842218953947893,-0.02123662392750414,False,False,0,0,0,0,0.0,0,5322.437666749495,0.0,82.0,51.0
641,6490,2022-08-22,Philadelphia Phillies,Cincinnati Reds,1,-244.0,200.0,0.7093023255813954,0.3333333333333333,0.732438227486216,0.2675617725137839,0.02313590190482062,-0.06577156081954944,True,False,1,0,0,0,266.1218833374748,0,5431.504012379608,109.06634563011262,83.0,51.0
642,946,2020-09-02,Milwaukee Brewers,Detroit Tigers,1,-159.0,138.0,0.6138996138996139,0.4201680672268907,0.5705515297906603,0.4294484702093397,-0.04334808410895363,0.009280402982448976,False,False,0,0,0,0,0.0,0,5431.504012379608,0.0,83.0,51.0
643,8445,2023-05-28,Kansas City Royals,Washington Nationals,1,-110.0,-110.0,0.5238095238095238,0.5238095238095238,0.4967330239374694,0.5032669760625306,-0.02707649987205446,-0.020542547746993267,False,False,0,0,0,0,0.0,0,5431.504012379608,0.0,83.0,51.0
644,4047,2021-09-15,Pittsburgh Pirates,Cincinnati Reds,1,122.0,-145.0,0.4504504504504504,0.5918367346938775,0.417813257182416,0.582186742817584,-0.03263719326803438,-0.009649991876293562,False,False,0,0,0,0,0.0,0,5431.504012379608,0.0,83.0,51.0
645,3003,2021-06-28,Boston Red Sox,Kansas City Royals,1,-145.0,125.0,0.5918367346938775,0.4444444444444444,0.5705515297906603,0.4294484702093397,-0.02128520490321728,-0.014995974235104736,False,False,0,0,0,0,0.0,0,5431.504012379608,0.0,83.0,51.0
646,5802,2022-07-01,Toronto Blue Jays,Tampa Bay Rays,1,-135.0,113.0,0.574468085106383,0.4694835680751174,0.544608854331958,0.4553911456680419,-0.029859230774424983,-0.014092422407075478,False,False,0,0,0,0,0.0,0,5431.504012379608,0.0,83.0,51.0
647,6584,2022-08-29,Toronto Blue Jays,Chicago Cubs,1,-238.0,195.0,0.7041420118343196,0.3389830508474576,0.732438227486216,0.2675617725137839,0.02829621565189644,-0.07142127833367373,True,False,1,0,0,0,271.57520061898043,0,5545.61123953044,114.10722715083212,84.0,51.0
648,6543,2022-08-26,Texas Rangers,Detroit Tigers,1,-164.0,137.0,0.6212121212121212,0.4219409282700422,0.5705515297906603,0.4294484702093397,-0.050660591421460954,0.00750754193929748,False,False,0,0,0,0,0.0,0,5545.61123953044,0.0,84.0,51.0
649,7026,2022-10-01,Washington Nationals,Philadelphia Phillies,0,153.0,-185.0,0.3952569169960474,0.6491228070175439,0.4082059988681381,0.591794001131862,0.012949081872090651,-0.0573288058856819,True,False,0,1,0,0,271.57520061898043,0,5274.036038911459,0.0,84.0,52.0
650,6639,2022-09-02,Los Angeles Angels,Houston Astros,0,126.0,-149.0,0.4424778761061947,0.5983935742971888,0.417813257182416,0.582186742817584,-0.02466461892377869,-0.016206831479604777,False,False,0,0,0,0,0.0,0,5274.036038911459,0.0,84.0,52.0
651,4871,2022-04-24,Seattle Mariners,Kansas City Royals,1,-189.0,155.0,0.6539792387543253,0.392156862745098,0.611780258519389,0.388219741480611,-0.04219898023493629,-0.003937121264486976,False,False,0,0,0,0,0.0,0,5274.036038911459,0.0,84.0,52.0
652,8854,2023-06-28,Pittsburgh Pirates,San Diego Padres,1,139.0,-165.0,0.4184100418410041,0.6226415094339622,0.417813257182416,0.582186742817584,-0.0005967846585880898,-0.04045476661637826,False,False,0,0,0,0,0.0,0,5274.036038911459,0.0,84.0,52.0
653,4923,2022-04-29,Pittsburgh Pirates,San Diego Padres,0,156.0,-189.0,0.390625,0.6539792387543253,0.4082059988681381,0.591794001131862,0.017580998868138076,-0.06218523762246331,True,False,0,1,0,0,263.701801945573,0,5010.334236965887,0.0,84.0,53.0
654,2570,2021-05-28,Chicago Cubs,Cincinnati Reds,1,-159.0,138.0,0.6138996138996139,0.4201680672268907,0.5705515297906603,0.4294484702093397,-0.04334808410895363,0.009280402982448976,False,False,0,0,0,0,0.0,0,5010.334236965887,0.0,84.0,53.0
655,5840,2022-07-03,Houston Astros,Los Angeles Angels,1,-233.0,190.0,0.6996996996996997,0.3448275862068966,0.732438227486216,0.2675617725137839,0.032738527786516314,-0.0772658136931127,True,False,1,0,0,0,250.51671184829434,0,5117.852139046699,107.51790208081302,85.0,53.0
656,2353,2021-05-12,Washington Nationals,Philadelphia Phillies,0,120.0,-141.0,0.4545454545454545,0.5850622406639004,0.417813257182416,0.582186742817584,-0.036732197363038455,-0.002875497846316466,False,False,0,0,0,0,0.0,0,5117.852139046699,0.0,85.0,53.0
657,6555,2022-08-27,Miami Marlins,Los Angeles Dodgers,1,165.0,-200.0,0.3773584905660377,0.6666666666666666,0.4082059988681381,0.591794001131862,0.030847508302100368,-0.07487266553480465,True,False,1,0,0,0,250.51671184829434,0,5531.204713596385,413.35257454968564,86.0,53.0
658,3396,2021-07-29,Detroit Tigers,Baltimore Orioles,1,-154.0,133.0,0.6062992125984252,0.4291845493562232,0.5705515297906603,0.4294484702093397,-0.03574768280776497,0.00026392085311649494,False,False,0,0,0,0,0.0,0,5531.204713596385,0.0,86.0,53.0
659,1311,2020-09-27,New York Yankees,Miami Marlins,0,-179.0,152.0,0.6415770609318996,0.3968253968253968,0.611780258519389,0.388219741480611,-0.029796802412510592,-0.0086056553447858,False,False,0,0,0,0,0.0,0,5531.204713596385,0.0,86.0,53.0
660,6729,2022-09-09,Baltimore Orioles,Boston Red Sox,1,-135.0,113.0,0.574468085106383,0.4694835680751174,0.544608854331958,0.4553911456680419,-0.029859230774424983,-0.014092422407075478,False,False,0,0,0,0,0.0,0,5531.204713596385,0.0,86.0,53.0
661,6587,2022-08-29,Los Angeles Angels,New York Yankees,1,144.0,-175.0,0.4098360655737705,0.6363636363636364,0.4136167219374937,0.5863832780625063,0.0037806563637232116,-0.04998035830113001,False,False,0,0,0,0,0.0,0,5531.204713596385,0.0,86.0,53.0
662,7799,2023-04-11,Cleveland Guardians,New York Yankees,0,141.0,-170.0,0.4149377593360996,0.6296296296296297,0.4136167219374937,0.5863832780625063,-0.0013210373986058954,-0.04324635156712331,False,False,0,0,0,0,0.0,0,5531.204713596385,0.0,86.0,53.0
663,2067,2021-04-21,Colorado Rockies,Houston Astros,1,130.0,-149.0,0.4347826086956521,0.5983935742971888,0.417813257182416,0.582186742817584,-0.016969351513236086,-0.016206831479604777,False,False,0,0,0,0,0.0,0,5531.204713596385,0.0,86.0,53.0
664,3451,2021-08-02,Milwaukee Brewers,Pittsburgh Pirates,1,-233.0,195.0,0.6996996996996997,0.3389830508474576,0.732438227486216,0.2675617725137839,0.032738527786516314,-0.07142127833367373,True,False,1,0,0,0,276.56023567981924,0,5649.900093716479,118.6953801200941,87.0,53.0
665,8744,2023-06-19,Houston Astros,New York Mets,0,-125.0,105.0,0.5555555555555556,0.4878048780487805,0.544608854331958,0.4553911456680419,-0.010946701223597533,-0.03241373238073858,False,False,0,0,0,0,0.0,0,5649.900093716479,0.0,87.0,53.0
666,3872,2021-09-02,Tampa Bay Rays,Boston Red Sox,0,-167.0,143.0,0.6254681647940075,0.411522633744856,0.6043478260869566,0.3956521739130434,-0.02112033870705088,-0.015870459831812567,False,False,0,0,0,0,0.0,0,5649.900093716479,0.0,87.0,53.0
667,8830,2023-06-26,Baltimore Orioles,Cincinnati Reds,1,-135.0,113.0,0.574468085106383,0.4694835680751174,0.544608854331958,0.4553911456680419,-0.029859230774424983,-0.014092422407075478,False,False,0,0,0,0,0.0,0,5649.900093716479,0.0,87.0,53.0
668,3039,2021-07-01,Toronto Blue Jays,Seattle Mariners,0,-185.0,160.0,0.6491228070175439,0.3846153846153846,0.611780258519389,0.388219741480611,-0.03734254849815488,0.0036043568652264213,False,False,0,0,0,0,0.0,0,5649.900093716479,0.0,87.0,53.0
669,7780,2023-04-09,Colorado Rockies,Washington Nationals,1,-143.0,120.0,0.588477366255144,0.4545454545454545,0.5679347826086957,0.4320652173913043,-0.020542583646448342,-0.02248023715415015,False,False,0,0,0,0,0.0,0,5649.900093716479,0.0,87.0,53.0
670,5989,2022-07-13,Colorado Rockies,San Diego Padres,1,139.0,-164.0,0.4184100418410041,0.6212121212121212,0.417813257182416,0.582186742817584,-0.0005967846585880898,-0.039025378394537236,False,False,0,0,0,0,0.0,0,5649.900093716479,0.0,87.0,53.0
671,8023,2023-04-27,Chicago Cubs,San Diego Padres,1,113.0,-135.0,0.4694835680751174,0.574468085106383,0.417813257182416,0.582186742817584,-0.051670310892701354,0.007718657711200949,False,False,0,0,0,0,0.0,0,5649.900093716479,0.0,87.0,53.0
672,5865,2022-07-05,Baltimore Orioles,Texas Rangers,1,-110.0,-110.0,0.5238095238095238,0.5238095238095238,0.4967330239374694,0.5032669760625306,-0.02707649987205446,-0.020542547746993267,False,False,0,0,0,0,0.0,0,5649.900093716479,0.0,87.0,53.0
673,2151,2021-04-27,Milwaukee Brewers,Miami Marlins,1,-161.0,140.0,0.6168582375478927,0.4166666666666667,0.5705515297906603,0.4294484702093397,-0.046306707757232446,0.012781803542672998,False,True,0,1,0,0,282.495004685824,0,5367.405089030655,0.0,87.0,54.0
674,926,2020-09-01,Pittsburgh Pirates,Chicago Cubs,0,140.0,-161.0,0.4166666666666667,0.6168582375478927,0.417813257182416,0.582186742817584,0.001146590515749335,-0.03467149473030873,False,False,0,0,0,0,0.0,0,5367.405089030655,0.0,87.0,54.0
675,8598,2023-06-09,Detroit Tigers,Arizona Diamondbacks,0,122.0,-145.0,0.4504504504504504,0.5918367346938775,0.417813257182416,0.582186742817584,-0.03263719326803438,-0.009649991876293562,False,False,0,0,0,0,0.0,0,5367.405089030655,0.0,87.0,54.0
676,5616,2022-06-17,Cincinnati Reds,Milwaukee Brewers,0,-110.0,-110.0,0.5238095238095238,0.5238095238095238,0.4967330239374694,0.5032669760625306,-0.02707649987205446,-0.020542547746993267,False,False,0,0,0,0,0.0,0,5367.405089030655,0.0,87.0,54.0
677,6634,2022-09-02,Boston Red Sox,Texas Rangers,1,-185.0,153.0,0.6491228070175439,0.3952569169960474,0.611780258519389,0.388219741480611,-0.03734254849815488,-0.007037175515436422,False,False,0,0,0,0,0.0,0,5367.405089030655,0.0,87.0,54.0
678,6328,2022-08-10,Boston Red Sox,Atlanta Braves,0,126.0,-149.0,0.4424778761061947,0.5983935742971888,0.417813257182416,0.582186742817584,-0.02466461892377869,-0.016206831479604777,False,False,0,0,0,0,0.0,0,5367.405089030655,0.0,87.0,54.0
679,6053,2022-07-21,Oakland Athletics,Detroit Tigers,0,126.0,-149.0,0.4424778761061947,0.5983935742971888,0.417813257182416,0.582186742817584,-0.02466461892377869,-0.016206831479604777,False,False,0,0,0,0,0.0,0,5367.405089030655,0.0,87.0,54.0
680,7777,2023-04-09,Minnesota Twins,Houston Astros,0,-108.0,-112.0,0.5192307692307693,0.5283018867924528,0.4967330239374694,0.5032669760625306,-0.022497745293299898,-0.025034910729922255,False,False,0,0,0,0,0.0,0,5367.405089030655,0.0,87.0,54.0
681,5837,2022-07-03,New York Mets,Texas Rangers,1,-141.0,117.0,0.5850622406639004,0.4608294930875576,0.5476778656126482,0.4523221343873517,-0.03738437505125225,-0.008507358700205914,False,False,0,0,0,0,0.0,0,5367.405089030655,0.0,87.0,54.0
682,8391,2023-05-24,Tampa Bay Rays,Toronto Blue Jays,1,-200.0,165.0,0.6666666666666666,0.3773584905660377,0.6191971383147854,0.3808028616852146,-0.04746952835188123,0.003444371119176892,False,False,0,0,0,0,0.0,0,5367.405089030655,0.0,87.0,54.0
683,2830,2021-06-15,Seattle Mariners,Minnesota Twins,1,-105.0,-115.0,0.5121951219512195,0.5348837209302325,0.4967330239374694,0.5032669760625306,-0.015462098013750147,-0.03161674486770194,False,False,0,0,0,0,0.0,0,5367.405089030655,0.0,87.0,54.0
684,2749,2021-06-10,Pittsburgh Pirates,Los Angeles Dodgers,0,195.0,-233.0,0.3389830508474576,0.6996996996996997,0.3595128373930217,0.6404871626069784,0.020529786545564088,-0.05921253709272134,True,False,0,1,0,0,268.3702544515328,0,5099.034834579123,0.0,87.0,55.0
685,1277,2020-09-25,Tampa Bay Rays,Philadelphia Phillies,1,-161.0,140.0,0.6168582375478927,0.4166666666666667,0.5705515297906603,0.4294484702093397,-0.046306707757232446,0.012781803542672998,False,True,0,1,0,0,254.95174172895614,0,4844.083092850166,0.0,87.0,56.0
686,3175,2021-07-10,Miami Marlins,Atlanta Braves,0,-106.0,-112.0,0.5145631067961165,0.5283018867924528,0.4967330239374694,0.5032669760625306,-0.017830082858647123,-0.025034910729922255,False,False,0,0,0,0,0.0,0,4844.083092850166,0.0,87.0,56.0
687,2086,2021-04-22,Los Angeles Dodgers,San Diego Padres,0,-175.0,150.0,0.6363636363636364,0.4,0.6057176891006552,0.3942823108993448,-0.0306459472629812,-0.005717689100655232,False,False,0,0,0,0,0.0,0,4844.083092850166,0.0,87.0,56.0
688,5642,2022-06-18,Colorado Rockies,San Diego Padres,1,117.0,-141.0,0.4608294930875576,0.5850622406639004,0.417813257182416,0.582186742817584,-0.04301623590514159,-0.002875497846316466,False,False,0,0,0,0,0.0,0,4844.083092850166,0.0,87.0,56.0
689,3328,2021-07-24,Minnesota Twins,Los Angeles Angels,0,-127.0,106.0,0.5594713656387665,0.4854368932038835,0.544608854331958,0.4553911456680419,-0.01486251130680849,-0.030045747535841605,False,False,0,0,0,0,0.0,0,4844.083092850166,0.0,87.0,56.0
690,7761,2023-04-08,New York Mets,Miami Marlins,1,-170.0,141.0,0.6296296296296297,0.4149377593360996,0.6057176891006552,0.3942823108993448,-0.023911940528974496,-0.02065544843675482,False,False,0,0,0,0,0.0,0,4844.083092850166,0.0,87.0,56.0
691,5638,2022-06-18,Cincinnati Reds,Milwaukee Brewers,0,-110.0,-110.0,0.5238095238095238,0.5238095238095238,0.4967330239374694,0.5032669760625306,-0.02707649987205446,-0.020542547746993267,False,False,0,0,0,0,0.0,0,4844.083092850166,0.0,87.0,56.0
692,2443,2021-05-18,San Diego Padres,Colorado Rockies,1,-233.0,195.0,0.6996996996996997,0.3389830508474576,0.732438227486216,0.2675617725137839,0.032738527786516314,-0.07142127833367373,True,False,1,0,0,0,242.20415464250834,0,4948.033373812616,103.95028096244994,88.0,56.0
693,3311,2021-07-23,Kansas City Royals,Detroit Tigers,1,-122.0,102.0,0.5495495495495496,0.495049504950495,0.5235869565217391,0.4764130434782608,-0.025962593027810454,-0.01863646147223419,False,False,0,0,0,0,0.0,0,4948.033373812616,0.0,88.0,56.0
694,6439,2022-08-18,New York Yankees,Toronto Blue Jays,0,-141.0,117.0,0.5850622406639004,0.4608294930875576,0.5476778656126482,0.4523221343873517,-0.03738437505125225,-0.008507358700205914,False,False,0,0,0,0,0.0,0,4948.033373812616,0.0,88.0,56.0
695,2813,2021-06-14,Oakland Athletics,Los Angeles Angels,1,-164.0,142.0,0.6212121212121212,0.4132231404958678,0.5705515297906603,0.4294484702093397,-0.050660591421460954,0.016225329713471903,False,True,0,1,0,0,247.40166869063083,0,4700.631705121986,0.0,88.0,57.0
696,2800,2021-06-13,Oakland Athletics,Kansas City Royals,1,-189.0,165.0,0.6539792387543253,0.3773584905660377,0.6191971383147854,0.3808028616852146,-0.03478210043953989,0.003444371119176892,False,False,0,0,0,0,0.0,0,4700.631705121986,0.0,88.0,57.0
697,6712,2022-09-07,Philadelphia Phillies,Miami Marlins,1,-185.0,153.0,0.6491228070175439,0.3952569169960474,0.611780258519389,0.388219741480611,-0.03734254849815488,-0.007037175515436422,False,False,0,0,0,0,0.0,0,4700.631705121986,0.0,88.0,57.0
698,5153,2022-05-15,Washington Nationals,Houston Astros,0,170.0,-208.0,0.3703703703703703,0.6753246753246753,0.3595128373930217,0.6404871626069784,-0.010857532977348594,-0.03483751271769697,False,False,0,0,0,0,0.0,0,4700.631705121986,0.0,88.0,57.0
699,2821,2021-06-15,Atlanta Braves,Boston Red Sox,0,-106.0,-112.0,0.5145631067961165,0.5283018867924528,0.4967330239374694,0.5032669760625306,-0.017830082858647123,-0.025034910729922255,False,False,0,0,0,0,0.0,0,4700.631705121986,0.0,88.0,57.0
700,2956,2021-06-25,Miami Marlins,Washington Nationals,1,-135.0,115.0,0.574468085106383,0.4651162790697674,0.5476778656126482,0.4523221343873517,-0.026790219493734835,-0.012794144682415687,False,False,0,0,0,0,0.0,0,4700.631705121986,0.0,88.0,57.0
701,6038,2022-07-17,Tampa Bay Rays,Baltimore Orioles,1,-154.0,130.0,0.6062992125984252,0.4347826086956521,0.5705515297906603,0.4294484702093397,-0.03574768280776497,-0.005334138486312423,False,False,0,0,0,0,0.0,0,4700.631705121986,0.0,88.0,57.0
702,3730,2021-08-22,Los Angeles Dodgers,New York Mets,0,-185.0,160.0,0.6491228070175439,0.3846153846153846,0.611780258519389,0.388219741480611,-0.03734254849815488,0.0036043568652264213,False,False,0,0,0,0,0.0,0,4700.631705121986,0.0,88.0,57.0
703,985,2020-09-05,Tampa Bay Rays,Miami Marlins,0,-238.0,205.0,0.7041420118343196,0.3278688524590163,0.732438227486216,0.2675617725137839,0.02829621565189644,-0.060307079945232434,True,False,0,1,0,0,235.0315852560993,0,4465.600119865887,0.0,88.0,58.0
704,8033,2023-04-28,Toronto Blue Jays,Seattle Mariners,1,-115.0,-105.0,0.5348837209302325,0.5121951219512195,0.5090415019762846,0.4909584980237154,-0.025842218953947893,-0.02123662392750414,False,False,0,0,0,0,0.0,0,4465.600119865887,0.0,88.0,58.0
705,3840,2021-08-31,Detroit Tigers,Oakland Athletics,0,100.0,-120.0,0.5,0.5454545454545454,0.4672730515427145,0.5327269484572856,-0.03272694845728552,-0.012727596997259782,False,False,0,0,0,0,0.0,0,4465.600119865887,0.0,88.0,58.0
706,2271,2021-05-05,Oakland Athletics,Toronto Blue Jays,0,-122.0,102.0,0.5495495495495496,0.495049504950495,0.5235869565217391,0.4764130434782608,-0.025962593027810454,-0.01863646147223419,False,False,0,0,0,0,0.0,0,4465.600119865887,0.0,88.0,58.0
707,810,2020-08-24,Milwaukee Brewers,Cincinnati Reds,1,123.0,-143.0,0.4484304932735426,0.588477366255144,0.417813257182416,0.582186742817584,-0.0306172360911266,-0.006290623437560039,False,False,0,0,0,0,0.0,0,4465.600119865887,0.0,88.0,58.0
708,7067,2022-10-03,Seattle Mariners,Detroit Tigers,0,-245.0,200.0,0.7101449275362319,0.3333333333333333,0.732438227486216,0.2675617725137839,0.02229329994998408,-0.06577156081954944,True,False,0,1,0,0,223.28000599329437,0,4242.320113872593,0.0,88.0,59.0
709,5788,2022-06-29,Cleveland Guardians,Minnesota Twins,1,-115.0,-105.0,0.5348837209302325,0.5121951219512195,0.5090415019762846,0.4909584980237154,-0.025842218953947893,-0.02123662392750414,False,False,0,0,0,0,0.0,0,4242.320113872593,0.0,88.0,59.0
710,688,2020-08-16,Miami Marlins,Atlanta Braves,0,-114.0,-106.0,0.5327102803738317,0.5145631067961165,0.5090415019762846,0.4909584980237154,-0.023668778397547108,-0.023604608772401114,False,False,0,0,0,0,0.0,0,4242.320113872593,0.0,88.0,59.0
711,2263,2021-05-05,New York Yankees,Houston Astros,1,-141.0,120.0,0.5850622406639004,0.4545454545454545,0.5679347826086957,0.4320652173913043,-0.01712745805520477,-0.02248023715415015,False,False,0,0,0,0,0.0,0,4242.320113872593,0.0,88.0,59.0
712,5206,2022-05-18,Baltimore Orioles,New York Yankees,0,210.0,-263.0,0.3225806451612903,0.7245179063360881,0.2666666666666666,0.7333333333333334,-0.055913978494623706,0.008815426997245246,False,False,0,0,0,0,0.0,0,4242.320113872593,0.0,88.0,59.0
713,3788,2021-08-27,Miami Marlins,Cincinnati Reds,0,130.0,-149.0,0.4347826086956521,0.5983935742971888,0.417813257182416,0.582186742817584,-0.016969351513236086,-0.016206831479604777,False,False,0,0,0,0,0.0,0,4242.320113872593,0.0,88.0,59.0
714,6120,2022-07-26,New York Mets,New York Yankees,1,-105.0,-115.0,0.5121951219512195,0.5348837209302325,0.4967330239374694,0.5032669760625306,-0.015462098013750147,-0.03161674486770194,False,False,0,0,0,0,0.0,0,4242.320113872593,0.0,88.0,59.0
715,2825,2021-06-15,Milwaukee Brewers,Cincinnati Reds,0,-110.0,-110.0,0.5238095238095238,0.5238095238095238,0.4967330239374694,0.5032669760625306,-0.02707649987205446,-0.020542547746993267,False,False,0,0,0,0,0.0,0,4242.320113872593,0.0,88.0,59.0
716,1041,2020-09-08,Arizona Diamondbacks,Los Angeles Dodgers,0,200.0,-233.0,0.3333333333333333,0.6996996996996997,0.3175627240143369,0.6824372759856632,-0.01577060931899643,-0.017262423714036523,False,False,0,0,0,0,0.0,0,4242.320113872593,0.0,88.0,59.0
717,8251,2023-05-14,New York Yankees,Tampa Bay Rays,0,105.0,-125.0,0.4878048780487805,0.5555555555555556,0.4672730515427145,0.5327269484572856,-0.020531826506065998,-0.02282860709826995,False,False,0,0,0,0,0.0,0,4242.320113872593,0.0,88.0,59.0
718,2029,2021-04-18,Miami Marlins,San Francisco Giants,0,-120.0,100.0,0.5454545454545454,0.5,0.5235869565217391,0.4764130434782608,-0.02186758893280627,-0.0235869565217392,False,False,0,0,0,0,0.0,0,4242.320113872593,0.0,88.0,59.0
719,3918,2021-09-05,Colorado Rockies,Atlanta Braves,0,170.0,-200.0,0.3703703703703703,0.6666666666666666,0.4082059988681381,0.591794001131862,0.03783562849776778,-0.07487266553480465,True,False,0,1,0,0,212.11600569362963,0,4030.204108178963,0.0,88.0,60.0
720,3753,2021-08-24,Milwaukee Brewers,Cincinnati Reds,1,-185.0,160.0,0.6491228070175439,0.3846153846153846,0.611780258519389,0.388219741480611,-0.03734254849815488,0.0036043568652264213,False,False,0,0,0,0,0.0,0,4030.204108178963,0.0,88.0,60.0
721,3857,2021-09-01,Seattle Mariners,Houston Astros,1,125.0,-145.0,0.4444444444444444,0.5918367346938775,0.417813257182416,0.582186742817584,-0.0266311872620284,-0.009649991876293562,False,False,0,0,0,0,0.0,0,4030.204108178963,0.0,88.0,60.0
722,4792,2022-04-19,Milwaukee Brewers,Pittsburgh Pirates,1,-250.0,205.0,0.7142857142857143,0.3278688524590163,0.732438227486216,0.2675617725137839,0.018152513200501708,-0.060307079945232434,True,False,1,0,0,0,201.51020540894817,0,4110.808190342543,80.60408216357928,89.0,60.0
723,6067,2022-07-22,Oakland Athletics,Texas Rangers,1,-105.0,-115.0,0.5121951219512195,0.5348837209302325,0.4967330239374694,0.5032669760625306,-0.015462098013750147,-0.03161674486770194,False,False,0,0,0,0,0.0,0,4110.808190342543,0.0,89.0,60.0
724,5437,2022-06-04,New York Yankees,Detroit Tigers,1,-303.0,240.0,0.7518610421836228,0.2941176470588235,0.7588589652728561,0.2411410347271438,0.006997923089233304,-0.05297661233167969,False,False,0,0,0,0,0.0,0,4110.808190342543,0.0,89.0,60.0
725,3373,2021-07-28,Minnesota Twins,Detroit Tigers,0,-135.0,116.0,0.574468085106383,0.4629629629629629,0.5476778656126482,0.4523221343873517,-0.026790219493734835,-0.010640828575611216,False,False,0,0,0,0,0.0,0,4110.808190342543,0.0,89.0,60.0
726,7779,2023-04-09,Chicago Cubs,Texas Rangers,0,-108.0,-112.0,0.5192307692307693,0.5283018867924528,0.4967330239374694,0.5032669760625306,-0.022497745293299898,-0.025034910729922255,False,False,0,0,0,0,0.0,0,4110.808190342543,0.0,89.0,60.0
727,6766,2022-09-11,Colorado Rockies,Arizona Diamondbacks,0,139.0,-164.0,0.4184100418410041,0.6212121212121212,0.417813257182416,0.582186742817584,-0.0005967846585880898,-0.039025378394537236,False,False,0,0,0,0,0.0,0,4110.808190342543,0.0,89.0,60.0
728,703,2020-08-17,Atlanta Braves,Washington Nationals,1,-149.0,130.0,0.5983935742971888,0.4347826086956521,0.5705515297906603,0.4294484702093397,-0.027842044506528496,-0.005334138486312423,False,False,0,0,0,0,0.0,0,4110.808190342543,0.0,89.0,60.0
729,5187,2022-05-17,Tampa Bay Rays,Detroit Tigers,1,-270.0,220.0,0.7297297297297297,0.3125,0.7552939028842643,0.2447060971157356,0.02556417315453463,-0.0677939028842644,True,False,1,0,0,0,205.54040951712716,0,4186.9342679414785,76.12607759893598,90.0,60.0
730,5519,2022-06-10,Cleveland Guardians,Oakland Athletics,1,-164.0,139.0,0.6212121212121212,0.4184100418410041,0.5705515297906603,0.4294484702093397,-0.050660591421460954,0.011038428368335573,False,True,0,1,0,0,209.34671339707393,0,3977.5875545444046,0.0,90.0,61.0
731,8454,2023-05-28,Atlanta Braves,Philadelphia Phillies,1,-260.0,210.0,0.7222222222222222,0.3225806451612903,0.7515060240963856,0.2484939759036144,0.02928380187416335,-0.0740866692576759,True,False,1,0,0,0,209.34671339707393,0,4058.105521235587,80.51796669118228,91.0,61.0
732,8824,2023-06-25,Cleveland Guardians,Milwaukee Brewers,0,-110.0,-110.0,0.5238095238095238,0.5238095238095238,0.4967330239374694,0.5032669760625306,-0.02707649987205446,-0.020542547746993267,False,False,0,0,0,0,0.0,0,4058.105521235587,0.0,91.0,61.0
733,3294,2021-07-22,Detroit Tigers,Texas Rangers,1,-137.0,117.0,0.5780590717299579,0.4608294930875576,0.5476778656126482,0.4523221343873517,-0.030381206117309656,-0.008507358700205914,False,False,0,0,0,0,0.0,0,4058.105521235587,0.0,91.0,61.0
734,8276,2023-05-16,Baltimore Orioles,Los Angeles Angels,1,-135.0,113.0,0.574468085106383,0.4694835680751174,0.544608854331958,0.4553911456680419,-0.029859230774424983,-0.014092422407075478,False,False,0,0,0,0,0.0,0,4058.105521235587,0.0,91.0,61.0
735,5423,2022-06-03,Cincinnati Reds,Washington Nationals,0,-130.0,108.0,0.5652173913043478,0.4807692307692308,0.544608854331958,0.4553911456680419,-0.020608536972389735,-0.025378085101188885,False,False,0,0,0,0,0.0,0,4058.105521235587,0.0,91.0,61.0
736,2289,2021-05-07,Atlanta Braves,Philadelphia Phillies,0,-169.0,145.0,0.6282527881040892,0.4081632653061224,0.6057176891006552,0.3942823108993448,-0.02253509900343409,-0.013880954406777612,False,False,0,0,0,0,0.0,0,4058.105521235587,0.0,91.0,61.0
737,471,2020-08-01,Arizona Diamondbacks,Los Angeles Dodgers,0,132.0,-152.0,0.4310344827586206,0.6031746031746031,0.417813257182416,0.582186742817584,-0.013221225576204587,-0.02098786035701916,False,False,0,0,0,0,0.0,0,4058.105521235587,0.0,91.0,61.0
738,8689,2023-06-15,Houston Astros,Washington Nationals,0,-220.0,180.0,0.6875,0.3571428571428571,0.732438227486216,0.2675617725137839,0.04493822748621601,-0.08958108462907322,True,False,0,1,0,0,202.90527606177935,0,3855.2002451738076,0.0,91.0,62.0
739,6859,2022-09-18,Cleveland Guardians,Minnesota Twins,0,-108.0,-112.0,0.5192307692307693,0.5283018867924528,0.4967330239374694,0.5032669760625306,-0.022497745293299898,-0.025034910729922255,False,False,0,0,0,0,0.0,0,3855.2002451738076,0.0,91.0,62.0
740,2897,2021-06-20,Texas Rangers,Minnesota Twins,0,100.0,-120.0,0.5,0.5454545454545454,0.4672730515427145,0.5327269484572856,-0.03272694845728552,-0.012727596997259782,False,False,0,0,0,0,0.0,0,3855.2002451738076,0.0,91.0,62.0
741,2884,2021-06-19,Los Angeles Angels,Detroit Tigers,1,-204.0,175.0,0.6710526315789473,0.3636363636363636,0.6633646358222629,0.336635364177737,-0.00768799575668444,-0.027000999458626607,False,False,0,0,0,0,0.0,0,3855.2002451738076,0.0,91.0,62.0
742,6452,2022-08-19,Minnesota Twins,Texas Rangers,1,-141.0,117.0,0.5850622406639004,0.4608294930875576,0.5476778656126482,0.4523221343873517,-0.03738437505125225,-0.008507358700205914,False,False,0,0,0,0,0.0,0,3855.2002451738076,0.0,91.0,62.0
743,4720,2022-04-14,Pittsburgh Pirates,Washington Nationals,1,-130.0,108.0,0.5652173913043478,0.4807692307692308,0.544608854331958,0.4553911456680419,-0.020608536972389735,-0.025378085101188885,False,False,0,0,0,0,0.0,0,3855.2002451738076,0.0,91.0,62.0
744,3014,2021-06-29,Cincinnati Reds,San Diego Padres,0,141.0,-161.0,0.4149377593360996,0.6168582375478927,0.417813257182416,0.582186742817584,0.0028754978463164105,-0.03467149473030873,False,False,0,0,0,0,0.0,0,3855.2002451738076,0.0,91.0,62.0
745,6078,2022-07-23,Baltimore Orioles,New York Yankees,1,195.0,-238.0,0.3389830508474576,0.7041420118343196,0.3595128373930217,0.6404871626069784,0.020529786545564088,-0.06365484922734121,True,False,1,0,0,0,192.76001225869038,0,4231.082269078253,375.8820239044462,92.0,62.0
746,2835,2021-06-16,Milwaukee Brewers,Cincinnati Reds,0,-145.0,125.0,0.5918367346938775,0.4444444444444444,0.5705515297906603,0.4294484702093397,-0.02128520490321728,-0.014995974235104736,False,False,0,0,0,0,0.0,0,4231.082269078253,0.0,92.0,62.0
