,id,game_date,home_team,away_team,home_is_winner,home_odds,away_odds,home_implied_prob,away_implied_prob,model_home_win_prob,model_away_win_prob,homediff,awaydiff,bethome,betaway,game_won,game_lost,win,loss,bet_amount,bet_win,bankroll,net_bet_win,total_won_games,total_lost_games
0,6092,2022-07-24,Detroit Tigers,Minnesota Twins,0,160.0,-175.0,0.3846153846153846,0.6363636363636364,0.4361384588950834,0.5638615411049166,0.05152307427969882,-0.07250209525871976,True,False,0,1,0,0,125.0,0,2375.0,0.0,0.0,1.0
1,7909,2023-04-18,Seattle Mariners,Milwaukee Brewers,0,-153.0,141.0,0.6047430830039525,0.4149377593360996,0.453556989298154,0.546443010701846,-0.1511860937057985,0.13150525136574637,False,True,1,0,0,0,125.0,0,2551.25,176.25,1.0,1.0
2,4993,2022-05-04,Detroit Tigers,Pittsburgh Pirates,1,-143.0,132.0,0.588477366255144,0.4310344827586206,0.5941318781938665,0.4058681218061336,0.005654511938722462,-0.025166360952487032,False,False,0,0,0,0,0.0,0,2551.25,0.0,1.0,1.0
3,979,2020-09-04,Los Angeles Dodgers,Colorado Rockies,1,-238.0,216.0,0.7041420118343196,0.3164556962025316,0.6417166377847191,0.3582833622152809,-0.06242537404960047,0.04182766601274929,False,True,0,1,0,0,125.0,0,2426.25,0.0,1.0,2.0
4,8078,2023-05-01,New York Mets,Atlanta Braves,1,108.0,-118.0,0.4807692307692308,0.5412844036697247,0.4522651949488541,0.5477348050511459,-0.028504035820376694,0.006450401381421167,False,False,0,0,0,0,0.0,0,2426.25,0.0,1.0,2.0
5,8525,2023-06-03,New York Mets,Toronto Blue Jays,0,105.0,-115.0,0.4878048780487805,0.5348837209302325,0.4983384191938043,0.5016615808061957,0.010533541145023806,-0.03322214012403679,True,False,0,1,0,0,121.3125,0,2304.9375,0.0,1.0,3.0
6,787,2020-08-22,Seattle Mariners,Texas Rangers,1,-133.0,123.0,0.5708154506437768,0.4484304932735426,0.5571659649937822,0.4428340350062177,-0.013649485649994575,-0.005596458267324911,False,False,0,0,0,0,0.0,0,2304.9375,0.0,1.0,3.0
7,5597,2022-06-15,Boston Red Sox,Oakland Athletics,1,-192.0,175.0,0.6575342465753424,0.3636363636363636,0.6388713477579367,0.3611286522420632,-0.018662898817405682,-0.0025077113943003937,False,False,0,0,0,0,0.0,0,2304.9375,0.0,1.0,3.0
8,6669,2022-09-04,Cleveland Guardians,Seattle Mariners,0,113.0,-123.0,0.4694835680751174,0.5515695067264574,0.452191412394753,0.547808587605247,-0.01729215568036435,-0.00376091912121046,False,False,0,0,0,0,0.0,0,2304.9375,0.0,1.0,3.0
9,5124,2022-05-13,Detroit Tigers,Baltimore Orioles,1,-143.0,132.0,0.588477366255144,0.4310344827586206,0.4996998497327293,0.5003001502672708,-0.08877751652241472,0.06926566750865021,False,True,0,1,0,0,121.3125,0,2183.625,0.0,1.0,4.0
10,4848,2022-04-23,Philadelphia Phillies,Milwaukee Brewers,0,-141.0,130.0,0.5850622406639004,0.4347826086956521,0.5045267135522986,0.4954732864477014,-0.08053552711160183,0.06069067775204928,False,True,1,0,0,0,109.18125,0,2325.560625,141.93562500000002,2.0,4.0
11,1242,2020-09-22,Seattle Mariners,Houston Astros,0,165.0,-179.0,0.3773584905660377,0.6415770609318996,0.4348467662638844,0.5651532337361156,0.0574882756978467,-0.076423827195784,True,False,0,1,0,0,109.18125,0,2216.379375,0.0,2.0,5.0
12,2264,2021-05-05,Philadelphia Phillies,Milwaukee Brewers,1,120.0,-130.0,0.4545454545454545,0.5652173913043478,0.5658252898549981,0.4341747101450018,0.11127983530954366,-0.13104268115934598,True,False,1,0,0,0,109.18125,0,2347.396875,131.0175,3.0,5.0
13,6868,2022-09-19,Los Angeles Angels,Seattle Mariners,0,125.0,-135.0,0.4444444444444444,0.574468085106383,0.4927196085500396,0.5072803914499604,0.04827516410559518,-0.06718769365642263,True,False,0,1,0,0,109.18125,0,2238.215625,0.0,3.0,6.0
14,8547,2023-06-04,Los Angeles Dodgers,New York Yankees,0,-146.0,135.0,0.5934959349593496,0.425531914893617,0.5721800623260559,0.4278199376739441,-0.02131587263329371,0.0022880227803270814,False,False,0,0,0,0,0.0,0,2238.215625,0.0,3.0,6.0
15,5135,2022-05-13,Los Angeles Dodgers,Philadelphia Phillies,0,-208.0,192.0,0.6753246753246753,0.3424657534246575,0.624465966226255,0.3755340337737449,-0.050858709098420274,0.033068280349087376,False,True,1,0,0,0,111.91078125,0,2453.084325,214.8687,4.0,6.0
16,955,2020-09-03,Philadelphia Phillies,Washington Nationals,1,-156.0,144.0,0.609375,0.4098360655737705,0.6287344365001893,0.3712655634998106,0.019359436500189342,-0.0385705020739599,True,False,1,0,0,0,111.91078125,0,2524.8220052884612,71.73768028846155,5.0,6.0
17,8887,2023-06-30,Colorado Rockies,Detroit Tigers,1,106.0,-116.0,0.4854368932038835,0.5370370370370371,0.4475183114172651,0.5524816885827348,-0.03791858178661839,0.01544465154569774,False,True,0,1,0,0,111.91078125,0,2412.911224038461,0.0,5.0,7.0
18,8071,2023-04-30,Colorado Rockies,Arizona Diamondbacks,1,115.0,-125.0,0.4651162790697674,0.5555555555555556,0.4166503613631809,0.5833496386368191,-0.04846591770658648,0.02779408308126352,False,True,0,1,0,0,111.91078125,0,2301.000442788461,0.0,5.0,8.0
19,8478,2023-05-30,Seattle Mariners,New York Yankees,0,-142.0,131.0,0.5867768595041323,0.4329004329004329,0.4535006123976512,0.5464993876023487,-0.13327624710648106,0.11359895470191583,False,True,1,0,0,0,111.91078125,0,2447.603566225961,146.60312343750002,6.0,8.0
20,5860,2022-07-04,Oakland Athletics,Toronto Blue Jays,1,214.0,-238.0,0.3184713375796178,0.7041420118343196,0.4229642477270235,0.5770357522729764,0.1044929101474057,-0.12710625956134314,True,False,1,0,0,0,122.38017831129805,0,2709.497147812139,261.89358158617785,7.0,8.0
21,6622,2022-09-01,Washington Nationals,Oakland Athletics,1,-115.0,105.0,0.5348837209302325,0.4878048780487805,0.5069308835252467,0.4930691164747532,-0.027952837404985775,0.005264238425972734,False,False,0,0,0,0,0.0,0,2709.497147812139,0.0,7.0,8.0
22,5491,2022-06-08,Kansas City Royals,Toronto Blue Jays,1,136.0,-147.0,0.423728813559322,0.5951417004048583,0.4173458299107182,0.5826541700892818,-0.0063829836486037905,-0.012487530315576478,False,False,0,0,0,0,0.0,0,2709.497147812139,0.0,7.0,8.0
23,6893,2022-09-21,Milwaukee Brewers,New York Mets,1,115.0,-125.0,0.4651162790697674,0.5555555555555556,0.4364862927132327,0.5635137072867673,-0.028629986356534687,0.007958151731211727,False,False,0,0,0,0,0.0,0,2709.497147812139,0.0,7.0,8.0
24,5395,2022-06-01,New York Mets,Washington Nationals,1,-227.0,208.0,0.6941896024464832,0.3246753246753247,0.6417389175205155,0.3582610824794844,-0.05245068492596772,0.03358575780415973,False,True,0,1,0,0,122.38017831129805,0,2587.1169695008407,0.0,7.0,9.0
25,6050,2022-07-21,Miami Marlins,Texas Rangers,0,-110.0,100.0,0.5238095238095238,0.5,0.5733221882490485,0.4266778117509516,0.04951266443952462,-0.0733221882490484,True,False,0,1,0,0,129.35584847504205,0,2457.7611210257987,0.0,7.0,10.0
26,4866,2022-04-24,Chicago Cubs,Pittsburgh Pirates,0,-161.0,148.0,0.6168582375478927,0.4032258064516129,0.6417380959599714,0.3582619040400285,0.024879858412078737,-0.04496390241158438,True,False,0,1,0,0,129.35584847504205,0,2328.4052725507568,0.0,7.0,11.0
27,3248,2021-07-18,Los Angeles Angels,Seattle Mariners,0,-123.0,113.0,0.5515695067264574,0.4694835680751174,0.60603296529487,0.3939670347051299,0.054463458568412615,-0.07551653336998748,True,False,0,1,0,0,129.35584847504205,0,2199.049424075715,0.0,7.0,12.0
28,8334,2023-05-20,Houston Astros,Oakland Athletics,1,-283.0,251.0,0.7389033942558747,0.2849002849002849,0.6419272893815179,0.3580727106184821,-0.09697610487435682,0.07317242571819721,False,True,0,1,0,0,129.35584847504205,0,2069.693575600673,0.0,7.0,13.0
29,5567,2022-06-13,Chicago Cubs,San Diego Padres,0,112.0,-122.0,0.4716981132075472,0.5495495495495496,0.4242522584793946,0.5757477415206054,-0.0474458547281526,0.026198191971055773,False,True,1,0,0,0,129.35584847504205,0,2175.722959596609,106.02938399593612,8.0,13.0
30,892,2020-08-29,Milwaukee Brewers,Pittsburgh Pirates,1,-164.0,152.0,0.6212121212121212,0.3968253968253968,0.6336415497247856,0.3663584502752143,0.012429428512664376,-0.030466946550182505,True,False,1,0,0,0,108.78614797983046,0,2242.0559766574816,66.33301706087224,9.0,13.0
31,2302,2021-05-08,Detroit Tigers,Minnesota Twins,1,160.0,-175.0,0.3846153846153846,0.6363636363636364,0.4208433648251022,0.5791566351748978,0.036227980209717625,-0.05720700118873856,True,False,1,0,0,0,108.78614797983046,0,2416.1138134252105,174.05783676772876,10.0,13.0
32,2019,2021-04-17,Milwaukee Brewers,Pittsburgh Pirates,1,-127.0,116.0,0.5594713656387665,0.4629629629629629,0.5660423507807888,0.4339576492192112,0.0065709851420222565,-0.029005313743751704,False,False,0,0,0,0,0.0,0,2416.1138134252105,0.0,10.0,13.0
33,4899,2022-04-27,Cincinnati Reds,San Diego Padres,0,159.0,-172.0,0.3861003861003861,0.6323529411764706,0.4170740067522072,0.5829259932477928,0.030973620651821077,-0.049426947928677745,True,False,0,1,0,0,108.78614797983046,0,2307.3276654453803,0.0,10.0,14.0
34,6989,2022-09-28,Boston Red Sox,Baltimore Orioles,1,-112.0,102.0,0.5283018867924528,0.495049504950495,0.611624162273669,0.388375837726331,0.08332227548121618,-0.10667366722416399,True,False,1,0,0,0,108.78614797983046,0,2404.458154713086,97.13048926770577,11.0,14.0
35,3350,2021-07-26,Philadelphia Phillies,Washington Nationals,1,-118.0,107.0,0.5412844036697247,0.4830917874396135,0.5889392647922572,0.4110607352077428,0.04765486112253248,-0.07203105223187073,True,False,1,0,0,0,120.2229077356543,0,2506.341974828047,101.88382011496127,12.0,14.0
36,6463,2022-08-20,Baltimore Orioles,Boston Red Sox,0,108.0,-118.0,0.4807692307692308,0.5412844036697247,0.5971155418712807,0.4028844581287193,0.1163463111020499,-0.13839994554100543,True,False,0,1,0,0,120.2229077356543,0,2386.119067092393,0.0,12.0,15.0
37,3085,2021-07-04,Toronto Blue Jays,Tampa Bay Rays,0,-149.0,138.0,0.5983935742971888,0.4201680672268907,0.6002498251953736,0.3997501748046263,0.0018562508981848636,-0.020417892422264383,False,False,0,0,0,0,0.0,0,2386.119067092393,0.0,12.0,15.0
38,1956,2021-04-13,Atlanta Braves,Miami Marlins,0,-169.0,157.0,0.6282527881040892,0.3891050583657587,0.6246317705128899,0.37536822948711,-0.0036210175911993714,-0.013736828878648688,False,False,0,0,0,0,0.0,0,2386.119067092393,0.0,12.0,15.0
39,5976,2022-07-13,Washington Nationals,Seattle Mariners,0,-102.0,-108.0,0.504950495049505,0.5192307692307693,0.42306870464305,0.5769312953569499,-0.08188179040645494,0.057700526126180596,False,True,1,0,0,0,120.2229077356543,0,2497.436574255036,111.31750716264287,13.0,15.0
40,2547,2021-05-26,Tampa Bay Rays,Kansas City Royals,1,-200.0,185.0,0.6666666666666666,0.3508771929824561,0.6322137776679051,0.3677862223320948,-0.03445288899876153,0.01690902934963867,False,True,0,1,0,0,124.87182871275179,0,2372.564745542284,0.0,13.0,16.0
41,4834,2022-04-22,Houston Astros,Toronto Blue Jays,0,-164.0,150.0,0.6212121212121212,0.4,0.4971380972073497,0.5028619027926502,-0.12407402400477152,0.10286190279265017,False,True,1,0,0,0,124.87182871275179,0,2559.872488611412,187.3077430691277,14.0,16.0
42,2163,2021-04-28,New York Mets,Boston Red Sox,0,-238.0,216.0,0.7041420118343196,0.3164556962025316,0.554004508848913,0.445995491151087,-0.15013750298540662,0.1295397949485554,False,True,1,0,0,0,124.87182871275179,0,2829.595638630956,269.7231500195439,15.0,16.0
43,8120,2023-05-04,Kansas City Royals,Baltimore Orioles,0,152.0,-165.0,0.3968253968253968,0.6226415094339622,0.4173533433693887,0.5826466566306114,0.02052794654399187,-0.0399948528033508,True,False,0,1,0,0,124.87182871275179,0,2704.723809918204,0.0,15.0,17.0
44,8507,2023-06-02,Texas Rangers,Seattle Mariners,1,105.0,-115.0,0.4878048780487805,0.5348837209302325,0.5319224191265841,0.4680775808734159,0.044117541077803635,-0.06680614005681662,True,False,1,0,0,0,124.87182871275179,0,2835.8392300665937,131.11542014838938,16.0,17.0
45,8854,2023-06-28,Pittsburgh Pirates,San Diego Padres,1,149.0,-162.0,0.4016064257028112,0.6183206106870229,0.4746774629496811,0.5253225370503188,0.07307103724686992,-0.09299807363670409,True,False,1,0,0,0,141.7919615033297,0,3047.109252706555,211.27002263996127,17.0,17.0
46,5517,2022-06-10,New York Yankees,Chicago Cubs,1,-256.0,227.0,0.7191011235955056,0.3058103975535168,0.6403540124892213,0.3596459875107786,-0.0787471111062843,0.05383558995726179,False,True,0,1,0,0,141.7919615033297,0,2905.317291203225,0.0,17.0,18.0
47,6494,2022-08-22,Minnesota Twins,Texas Rangers,0,-200.0,184.0,0.6666666666666666,0.352112676056338,0.5977478131905494,0.4022521868094506,-0.06891885347611726,0.05013951075311257,False,True,1,0,0,0,141.7919615033297,0,3166.2145003693518,260.8972091661267,18.0,18.0
48,505,2020-08-03,San Diego Padres,Los Angeles Dodgers,1,124.0,-133.0,0.4464285714285714,0.5708154506437768,0.4214253833366647,0.5785746166633352,-0.025003188091906714,0.0077591660195583945,False,False,0,0,0,0,0.0,0,3166.2145003693518,0.0,18.0,18.0
49,2685,2021-06-04,San Diego Padres,New York Mets,1,-179.0,166.0,0.6415770609318996,0.3759398496240601,0.6152728732736306,0.3847271267263694,-0.02630418765826903,0.00878727710230931,False,False,0,0,0,0,0.0,0,3166.2145003693518,0.0,18.0,18.0
50,5951,2022-07-11,Miami Marlins,Pittsburgh Pirates,0,-152.0,140.0,0.6031746031746031,0.4166666666666667,0.612527113475841,0.387472886524159,0.009352510301237849,-0.029193780142507675,False,False,0,0,0,0,0.0,0,3166.2145003693518,0.0,18.0,18.0
51,6964,2022-09-25,New York Yankees,Boston Red Sox,1,-172.0,158.0,0.6323529411764706,0.3875968992248062,0.6290075295790012,0.3709924704209987,-0.003345411597469372,-0.016604428803807525,False,False,0,0,0,0,0.0,0,3166.2145003693518,0.0,18.0,18.0
52,704,2020-08-17,Miami Marlins,New York Mets,0,130.0,-141.0,0.4347826086956521,0.5850622406639004,0.5717867336646238,0.4282132663353761,0.13700412496897174,-0.15684897432852435,True,False,0,1,0,0,158.3107250184676,0,3007.903775350884,0.0,18.0,19.0
53,7876,2023-04-16,Los Angeles Dodgers,Chicago Cubs,0,-230.0,208.0,0.696969696969697,0.3246753246753247,0.6365888140862519,0.363411185913748,-0.06038088288344512,0.03873586123842332,False,True,1,0,0,0,158.3107250184676,0,3337.190083389297,329.2863080384126,19.0,19.0
54,3476,2021-08-04,Miami Marlins,New York Mets,0,135.0,-145.0,0.425531914893617,0.5918367346938775,0.5096674140410138,0.4903325859589862,0.08413549914739676,-0.10150414873489133,True,False,0,1,0,0,158.3107250184676,0,3178.8793583708293,0.0,19.0,20.0
55,6362,2022-08-13,Washington Nationals,San Diego Padres,1,246.0,-278.0,0.2890173410404624,0.7354497354497355,0.4168010551113187,0.5831989448886812,0.1277837140708563,-0.15225079056105428,True,False,1,0,0,0,158.9439679185415,0,3569.8815194504414,391.00216107961205,20.0,20.0
56,7803,2023-04-11,Philadelphia Phillies,Miami Marlins,0,-148.0,137.0,0.5967741935483871,0.4219409282700422,0.6403135154972066,0.3596864845027934,0.04353932194881949,-0.06225444376724881,True,False,0,1,0,0,158.9439679185415,0,3410.9375515318998,0.0,20.0,21.0
57,3423,2021-07-31,Pittsburgh Pirates,Philadelphia Phillies,1,143.0,-154.0,0.411522633744856,0.6062992125984252,0.4529854422846849,0.5470145577153152,0.04146280853982892,-0.05928465488311008,True,False,1,0,0,0,158.9439679185415,0,3638.227425655414,227.28987412351432,21.0,21.0
58,8608,2023-06-09,Milwaukee Brewers,Oakland Athletics,0,-220.0,200.0,0.6875,0.3333333333333333,0.6404525893175324,0.3595474106824677,-0.04704741068246765,0.02621407734913439,False,True,1,0,0,0,158.9439679185415,0,3956.115361492497,317.887935837083,22.0,21.0
59,1045,2020-09-09,Toronto Blue Jays,New York Yankees,0,124.0,-133.0,0.4464285714285714,0.5708154506437768,0.5150606135752289,0.4849393864247711,0.06863204214665752,-0.08587606421900573,True,False,0,1,0,0,158.9439679185415,0,3797.1713935739554,0.0,22.0,22.0
60,5134,2022-05-13,Oakland Athletics,Los Angeles Angels,0,129.0,-139.0,0.4366812227074236,0.5815899581589958,0.4354681721501097,0.5645318278498903,-0.0012130505573139105,-0.017058130309105524,False,False,0,0,0,0,0.0,0,3797.1713935739554,0.0,22.0,22.0
61,5068,2022-05-08,San Diego Padres,Miami Marlins,1,-164.0,150.0,0.6212121212121212,0.4,0.5909133245822409,0.4090866754177591,-0.03029879662988033,0.009086675417759094,False,False,0,0,0,0,0.0,0,3797.1713935739554,0.0,22.0,22.0
62,6346,2022-08-12,Tampa Bay Rays,Baltimore Orioles,0,-145.0,133.0,0.5918367346938775,0.4291845493562232,0.6133097055353964,0.3866902944646036,0.02147297084151889,-0.042494254891619565,True,False,0,1,0,0,189.8585696786978,0,3607.3128238952577,0.0,22.0,23.0
63,2729,2021-06-08,Minnesota Twins,New York Yankees,0,103.0,-112.0,0.4926108374384236,0.5283018867924528,0.507369335112045,0.492630664887955,0.014758497673621362,-0.03567122190449784,True,False,0,1,0,0,189.8585696786978,0,3417.45425421656,0.0,22.0,24.0
64,1305,2020-09-26,Los Angeles Dodgers,Los Angeles Angels,1,-172.0,159.0,0.6323529411764706,0.3861003861003861,0.6396046319950133,0.3603953680049866,0.007251690818542711,-0.02570501809539949,False,False,0,0,0,0,0.0,0,3417.45425421656,0.0,22.0,24.0
65,6690,2022-09-06,Baltimore Orioles,Toronto Blue Jays,1,-105.0,-105.0,0.5121951219512195,0.5121951219512195,0.4326359668868663,0.5673640331131337,-0.07955915506435324,0.055168911161914136,False,True,0,1,0,0,170.872712710828,0,3246.581541505732,0.0,22.0,25.0
66,3086,2021-07-04,Cincinnati Reds,Chicago Cubs,1,-120.0,111.0,0.5454545454545454,0.4739336492890995,0.5436616751695347,0.4563383248304653,-0.0017928702850107392,-0.017595324458634154,False,False,0,0,0,0,0.0,0,3246.581541505732,0.0,22.0,25.0
67,1296,2020-09-26,Kansas City Royals,Detroit Tigers,0,-112.0,102.0,0.5283018867924528,0.495049504950495,0.6246073167311256,0.3753926832688744,0.09630542993867275,-0.11965682168162056,True,False,0,1,0,0,170.872712710828,0,3075.7088287949036,0.0,22.0,26.0
68,5149,2022-05-14,Arizona Diamondbacks,Chicago Cubs,0,-152.0,139.0,0.6031746031746031,0.4184100418410041,0.6187055563064665,0.3812944436935335,0.015530953131863368,-0.03711559814747062,True,False,0,1,0,0,170.872712710828,0,2904.8361160840755,0.0,22.0,27.0
69,1311,2020-09-27,New York Yankees,Miami Marlins,0,-169.0,155.0,0.6282527881040892,0.392156862745098,0.6380593096173053,0.3619406903826946,0.009806521513216038,-0.03021617236240337,False,False,0,0,0,0,0.0,0,2904.8361160840755,0.0,22.0,27.0
70,6786,2022-09-13,Miami Marlins,Philadelphia Phillies,0,-125.0,115.0,0.5555555555555556,0.4651162790697674,0.4494603380308366,0.5505396619691634,-0.10609521752471895,0.085423382899396,False,True,1,0,0,0,145.24180580420378,0,3071.8641927589097,167.02807667483432,23.0,27.0
71,8633,2023-06-11,Atlanta Braves,Washington Nationals,0,-251.0,225.0,0.7150997150997151,0.3076923076923077,0.6414597516024715,0.3585402483975285,-0.07363996349724367,0.05084794070522081,False,True,1,0,0,0,145.24180580420378,0,3398.658255818368,326.7940630594585,24.0,27.0
72,7833,2023-04-13,Toronto Blue Jays,Detroit Tigers,0,-220.0,200.0,0.6875,0.3333333333333333,0.641896392279383,0.358103607720617,-0.045603607720617,0.024770274387283686,False,True,1,0,0,0,145.24180580420378,0,3689.1418674267757,290.48361160840756,25.0,27.0
73,4839,2022-04-22,Seattle Mariners,Kansas City Royals,1,-132.0,122.0,0.5689655172413793,0.4504504504504504,0.6183100870651094,0.3816899129348906,0.04934456982373003,-0.06876053751555983,True,False,1,0,0,0,145.24180580420378,0,3799.1735384905664,110.03167106379074,26.0,27.0
74,2661,2021-06-03,Houston Astros,Boston Red Sox,0,-132.0,121.0,0.5689655172413793,0.4524886877828054,0.6068754548635631,0.3931245451364368,0.037909937622183754,-0.05936414264636858,True,False,0,1,0,0,145.24180580420378,0,3653.9317326863625,0.0,26.0,28.0
75,8072,2023-04-30,San Diego Padres,San Francisco Giants,1,-145.0,134.0,0.5918367346938775,0.4273504273504273,0.6354203195998669,0.3645796804001331,0.04358358490598935,-0.06277074695029417,True,False,1,0,0,0,182.69658663431812,0,3779.9293786410644,125.99764595470216,27.0,28.0
76,3921,2021-09-05,Arizona Diamondbacks,Seattle Mariners,0,123.0,-133.0,0.4484304932735426,0.5708154506437768,0.4280568159760541,0.5719431840239458,-0.020373677297488513,0.001127733380169027,False,False,0,0,0,0,0.0,0,3779.9293786410644,0.0,27.0,28.0
77,8419,2023-05-26,Milwaukee Brewers,San Francisco Giants,0,-130.0,120.0,0.5652173913043478,0.4545454545454545,0.5552912769027994,0.4447087230972005,-0.009926114401548336,-0.009836731448253977,False,False,0,0,0,0,0.0,0,3779.9293786410644,0.0,27.0,28.0
78,4005,2021-09-12,Pittsburgh Pirates,Washington Nationals,0,109.0,-119.0,0.4784688995215311,0.54337899543379,0.5304281926933065,0.4695718073066934,0.051959293171775445,-0.07380718812709658,True,False,0,1,0,0,182.69658663431812,0,3597.2327920067464,0.0,27.0,29.0
79,8340,2023-05-20,San Diego Padres,Boston Red Sox,0,-125.0,115.0,0.5555555555555556,0.4651162790697674,0.459406888619657,0.5405931113803428,-0.09614866693589857,0.07547683231057545,False,True,1,0,0,0,182.69658663431812,0,3807.3338666362124,210.1010746294658,28.0,29.0
80,3239,2021-07-18,Cincinnati Reds,Milwaukee Brewers,0,120.0,-130.0,0.4545454545454545,0.5652173913043478,0.4417406939900462,0.5582593060099539,-0.012804760555408301,-0.006958085294393901,False,False,0,0,0,0,0.0,0,3807.3338666362124,0.0,28.0,29.0
81,8069,2023-04-30,Milwaukee Brewers,Los Angeles Angels,0,-121.0,111.0,0.5475113122171946,0.4739336492890995,0.612307421829964,0.3876925781700359,0.06479610961276938,-0.0862410711190636,True,False,0,1,0,0,190.36669333181064,0,3616.967173304402,0.0,28.0,30.0
82,1087,2020-09-12,Miami Marlins,Philadelphia Phillies,0,105.0,-115.0,0.4878048780487805,0.5348837209302325,0.4614045514743828,0.538595448525617,-0.02640032657439767,0.0037117275953845175,False,False,0,0,0,0,0.0,0,3616.967173304402,0.0,28.0,30.0
83,1013,2020-09-06,Los Angeles Dodgers,Colorado Rockies,0,-256.0,230.0,0.7191011235955056,0.303030303030303,0.6410139866566686,0.3589860133433313,-0.07808713693883695,0.05595571031302832,False,True,1,0,0,0,190.36669333181064,0,4054.8105679675664,437.8433946631644,29.0,30.0
84,809,2020-08-24,Texas Rangers,Oakland Athletics,1,128.0,-137.0,0.4385964912280701,0.5780590717299579,0.4189862245347808,0.5810137754652192,-0.019610266693289302,0.0029547037352612993,False,False,0,0,0,0,0.0,0,4054.8105679675664,0.0,29.0,30.0
85,5095,2022-05-10,Arizona Diamondbacks,Miami Marlins,1,123.0,-133.0,0.4484304932735426,0.5708154506437768,0.5073391497289064,0.4926608502710936,0.05890865645536375,-0.07815460037268324,True,False,1,0,0,0,202.74052839837833,0,4304.181417897572,249.37084993000533,30.0,30.0
86,2830,2021-06-15,Seattle Mariners,Minnesota Twins,1,100.0,-110.0,0.5,0.5238095238095238,0.5605843528578235,0.4394156471421765,0.06058435285782349,-0.08439387666734732,True,False,1,0,0,0,202.74052839837833,0,4506.92194629595,202.74052839837833,31.0,30.0
87,3146,2021-07-08,Chicago Cubs,Philadelphia Phillies,0,-109.0,-101.0,0.5215311004784688,0.5024875621890548,0.5254876425356283,0.4745123574643717,0.003956542057159451,-0.027975204724683067,False,False,0,0,0,0,0.0,0,4506.92194629595,0.0,31.0,30.0
88,6400,2022-08-15,Los Angeles Angels,Seattle Mariners,0,-109.0,-101.0,0.5215311004784688,0.5024875621890548,0.507911414478214,0.492088585521786,-0.013619686000254871,-0.010398976667268744,False,False,0,0,0,0,0.0,0,4506.92194629595,0.0,31.0,30.0
89,946,2020-09-02,Milwaukee Brewers,Detroit Tigers,1,-156.0,145.0,0.609375,0.4081632653061224,0.4963901524591233,0.5036098475408766,-0.11298484754087668,0.09544658223475416,False,True,0,1,0,0,202.74052839837833,0,4304.181417897572,0.0,31.0,31.0
90,8396,2023-05-24,Chicago Cubs,New York Mets,1,-115.0,105.0,0.5348837209302325,0.4878048780487805,0.5106180634107277,0.4893819365892723,-0.024265657519504824,0.001577058540491838,False,False,0,0,0,0,0.0,0,4304.181417897572,0.0,31.0,31.0
91,3312,2021-07-23,Houston Astros,Texas Rangers,1,-208.0,192.0,0.6753246753246753,0.3424657534246575,0.6392182274009981,0.3607817725990018,-0.03610644792367723,0.018316019174344278,False,True,0,1,0,0,215.2090708948786,0,4088.9723470026934,0.0,31.0,32.0
92,6283,2022-08-07,Baltimore Orioles,Pittsburgh Pirates,0,-164.0,150.0,0.6212121212121212,0.4,0.6326145485913302,0.3673854514086699,0.011402427379208935,-0.03261454859133012,True,False,0,1,0,0,215.2090708948786,0,3873.763276107815,0.0,31.0,33.0
93,8767,2023-06-21,Detroit Tigers,Kansas City Royals,1,-120.0,110.0,0.5454545454545454,0.4761904761904761,0.6026915075136414,0.3973084924863586,0.05723696205909601,-0.07888198370411753,True,False,1,0,0,0,215.2090708948786,0,4053.1041685202135,179.34089241239886,32.0,33.0
94,6081,2022-07-23,Milwaukee Brewers,Colorado Rockies,1,-270.0,242.0,0.7297297297297297,0.2923976608187134,0.6364550093514095,0.3635449906485904,-0.09327472037832019,0.07114732982987704,False,True,0,1,0,0,215.2090708948786,0,3837.895097625335,0.0,32.0,34.0
95,7039,2022-10-01,Los Angeles Angels,Texas Rangers,1,-144.0,133.0,0.5901639344262295,0.4291845493562232,0.620605988606556,0.379394011393444,0.030442054180326528,-0.04979053796277921,True,False,1,0,0,0,191.89475488126675,0,3971.1553440706593,133.26024644532413,33.0,34.0
96,8498,2023-06-01,Arizona Diamondbacks,Colorado Rockies,1,-165.0,152.0,0.6226415094339622,0.3968253968253968,0.6382513914952954,0.3617486085047045,0.01560988206133318,-0.035076788320692276,True,False,1,0,0,0,191.89475488126675,0,4087.4551955138513,116.29985144319197,34.0,34.0
97,6982,2022-09-27,Seattle Mariners,Texas Rangers,0,-208.0,190.0,0.6753246753246753,0.3448275862068966,0.6375015586826178,0.3624984413173821,-0.03782311664205751,0.01767085511048555,False,True,1,0,0,0,191.89475488126675,0,4452.055229788258,364.6000342744068,35.0,34.0
98,6848,2022-09-17,Atlanta Braves,Philadelphia Phillies,1,-105.0,-105.0,0.5121951219512195,0.5121951219512195,0.5867653067097958,0.4132346932902042,0.07457018475857624,-0.09896042866101534,True,False,1,0,0,0,191.89475488126675,0,4634.812139198988,182.75690941073023,36.0,34.0
99,8103,2023-05-03,Houston Astros,San Francisco Giants,0,-162.0,149.0,0.6183206106870229,0.4016064257028112,0.6340245284452412,0.3659754715547588,0.015703917758218222,-0.035630954148052396,True,False,0,1,0,0,191.89475488126675,0,4442.917384317721,0.0,36.0,35.0
100,5113,2022-05-12,Detroit Tigers,Oakland Athletics,0,-108.0,-102.0,0.5192307692307693,0.504950495049505,0.4525188480006523,0.5474811519993477,-0.06671192123011699,0.042530656949842705,False,True,1,0,0,0,222.14586921588608,0,4660.707452176433,217.79006785871184,37.0,35.0
101,4706,2022-04-13,Pittsburgh Pirates,Chicago Cubs,1,112.0,-122.0,0.4716981132075472,0.5495495495495496,0.4164095332566767,0.5835904667433233,-0.0552885799508705,0.03404091719377367,False,True,0,1,0,0,222.14586921588608,0,4438.561582960548,0.0,37.0,36.0
102,7959,2023-04-22,Milwaukee Brewers,Boston Red Sox,1,-126.0,116.0,0.5575221238938053,0.4629629629629629,0.5911080227599055,0.4088919772400946,0.033585898866100194,-0.05407098572286834,True,False,1,0,0,0,222.14586921588608,0,4614.867828369981,176.3062454094334,38.0,36.0
103,6496,2022-08-22,Oakland Athletics,Miami Marlins,0,124.0,-133.0,0.4464285714285714,0.5708154506437768,0.5365225584288036,0.4634774415711964,0.09009398700023219,-0.1073380090725804,True,False,0,1,0,0,222.14586921588608,0,4392.721959154095,0.0,38.0,37.0
104,8880,2023-06-30,Philadelphia Phillies,Washington Nationals,0,-173.0,159.0,0.6336996336996337,0.3861003861003861,0.6365591474661567,0.3634408525338433,0.0028595137665230475,-0.022659533566542822,False,False,0,0,0,0,0.0,0,4392.721959154095,0.0,38.0,37.0
105,645,2020-08-13,Boston Red Sox,Tampa Bay Rays,0,140.0,-152.0,0.4166666666666667,0.6031746031746031,0.4179712647356522,0.5820287352643476,0.0013045980689855297,-0.021145867910255522,False,False,0,0,0,0,0.0,0,4392.721959154095,0.0,38.0,37.0
106,807,2020-08-24,Detroit Tigers,Chicago Cubs,0,128.0,-137.0,0.4385964912280701,0.5780590717299579,0.4270305740307931,0.5729694259692069,-0.01156591719727701,-0.005089645760750994,False,False,0,0,0,0,0.0,0,4392.721959154095,0.0,38.0,37.0
107,5866,2022-07-05,Philadelphia Phillies,Washington Nationals,1,-154.0,143.0,0.6062992125984252,0.411522633744856,0.6374244765900678,0.3625755234099321,0.031125263991642615,-0.04894711033492388,True,False,1,0,0,0,219.63609795770478,0,4535.342801983774,142.62084282967842,39.0,37.0
108,4926,2022-04-29,Toronto Blue Jays,Houston Astros,0,-115.0,105.0,0.5348837209302325,0.4878048780487805,0.5672902017237332,0.4327097982762667,0.032406480793500725,-0.055095079772513766,True,False,0,1,0,0,219.63609795770478,0,4315.706704026069,0.0,39.0,38.0
109,6193,2022-07-31,Colorado Rockies,Los Angeles Dodgers,0,161.0,-175.0,0.3831417624521073,0.6363636363636364,0.4180290545369687,0.5819709454630313,0.03488729208486141,-0.054392690900605056,True,False,0,1,0,0,219.63609795770478,0,4096.070606068364,0.0,39.0,39.0
110,536,2020-08-05,Oakland Athletics,Texas Rangers,1,-167.0,154.0,0.6254681647940075,0.3937007874015748,0.6383985441285278,0.3616014558714722,0.012930379334520348,-0.03209933153010264,True,False,1,0,0,0,204.80353030341823,0,4218.707450561429,122.6368444930648,40.0,39.0
111,7848,2023-04-14,San Diego Padres,Milwaukee Brewers,0,-155.0,143.0,0.6078431372549019,0.411522633744856,0.4517084412850692,0.5482915587149307,-0.1561346959698327,0.13676892497007476,False,True,1,0,0,0,204.80353030341823,0,4511.576498895317,292.86904833388803,41.0,39.0
112,751,2020-08-20,Seattle Mariners,Los Angeles Dodgers,0,228.0,-256.0,0.3048780487804878,0.7191011235955056,0.4166947633677251,0.5833052366322748,0.1118167145872373,-0.13579588696323075,True,False,0,1,0,0,204.80353030341823,0,4306.7729685918985,0.0,41.0,40.0
113,4771,2022-04-17,San Diego Padres,Atlanta Braves,1,-127.0,117.0,0.5594713656387665,0.4608294930875576,0.5295483807299916,0.4704516192700084,-0.029922984908774986,0.009622126182450785,False,False,0,0,0,0,0.0,0,4306.7729685918985,0.0,41.0,40.0
114,3311,2021-07-23,Kansas City Royals,Detroit Tigers,1,-118.0,108.0,0.5412844036697247,0.4807692307692308,0.4950108258530342,0.5049891741469656,-0.04627357781669056,0.024219943377734865,False,True,0,1,0,0,204.80353030341823,0,4101.96943828848,0.0,41.0,41.0
115,5450,2022-06-04,Philadelphia Phillies,Los Angeles Angels,1,-185.0,169.0,0.6491228070175439,0.3717472118959107,0.6257571228082345,0.3742428771917655,-0.0233656842093094,0.002495665295854821,False,False,0,0,0,0,0.0,0,4101.96943828848,0.0,41.0,41.0
116,5669,2022-06-21,Miami Marlins,Colorado Rockies,1,-123.0,113.0,0.5515695067264574,0.4694835680751174,0.508435135019379,0.4915648649806211,-0.043134371707078456,0.0220812969055037,False,True,0,1,0,0,205.098471914424,0,3896.870966374056,0.0,41.0,42.0
117,5116,2022-05-12,Minnesota Twins,Houston Astros,0,119.0,-130.0,0.45662100456621,0.5652173913043478,0.4331555754861258,0.5668444245138742,-0.0234654290800842,0.0016270332095263962,False,False,0,0,0,0,0.0,0,3896.870966374056,0.0,41.0,42.0
118,2775,2021-06-12,Philadelphia Phillies,New York Yankees,1,107.0,-118.0,0.4830917874396135,0.5412844036697247,0.4923175720244997,0.5076824279755003,0.00922578458488621,-0.033601975694224406,False,False,0,0,0,0,0.0,0,3896.870966374056,0.0,41.0,42.0
119,6365,2022-08-13,New York Mets,Philadelphia Phillies,1,-185.0,170.0,0.6491228070175439,0.3703703703703703,0.5877971171506926,0.4122028828493073,-0.061325689866851274,0.04183251247893699,False,True,0,1,0,0,205.098471914424,0,3691.772494459632,0.0,41.0,43.0
120,5707,2022-06-23,San Diego Padres,Philadelphia Phillies,0,-141.0,130.0,0.5850622406639004,0.4347826086956521,0.6204984749877178,0.3795015250122822,0.03543623432381737,-0.055281083683369925,True,False,0,1,0,0,184.58862472298162,0,3507.1838697366506,0.0,41.0,44.0
121,3225,2021-07-17,Cincinnati Reds,Milwaukee Brewers,0,111.0,-120.0,0.4739336492890995,0.5454545454545454,0.451433107286449,0.548566892713551,-0.022500542002650503,0.0031123472590055545,False,False,0,0,0,0,0.0,0,3507.1838697366506,0.0,41.0,44.0
122,6247,2022-08-04,New York Mets,Atlanta Braves,1,-115.0,105.0,0.5348837209302325,0.4878048780487805,0.5229847966433154,0.4770152033566846,-0.011898924286917079,-0.010789674692095852,False,False,0,0,0,0,0.0,0,3507.1838697366506,0.0,41.0,44.0
123,6046,2022-07-17,San Diego Padres,Arizona Diamondbacks,0,-149.0,138.0,0.5983935742971888,0.4201680672268907,0.6294956902384286,0.3705043097615714,0.031102115941239794,-0.049663757465319314,True,False,0,1,0,0,184.58862472298162,0,3322.5952450136692,0.0,41.0,45.0
124,6568,2022-08-28,Washington Nationals,Cincinnati Reds,1,112.0,-122.0,0.4716981132075472,0.5495495495495496,0.4417421780072664,0.5582578219927337,-0.02995593520028078,0.008708272443184062,False,False,0,0,0,0,0.0,0,3322.5952450136692,0.0,41.0,45.0
125,8683,2023-06-15,Oakland Athletics,Tampa Bay Rays,0,181.0,-197.0,0.3558718861209964,0.6632996632996633,0.416493468878387,0.583506531121613,0.0606215827573906,-0.07979313217805029,True,False,0,1,0,0,166.12976225068348,0,3156.4654827629856,0.0,41.0,46.0
126,2749,2021-06-10,Pittsburgh Pirates,Los Angeles Dodgers,0,200.0,-217.0,0.3333333333333333,0.6845425867507886,0.4173527222296449,0.5826472777703551,0.08401938889631161,-0.10189530898043353,True,False,0,1,0,0,166.12976225068348,0,2990.335720512302,0.0,41.0,47.0
127,3734,2021-08-23,Boston Red Sox,Texas Rangers,1,-294.0,258.0,0.7461928934010152,0.2793296089385474,0.6283272839104592,0.3716727160895408,-0.11786560949055602,0.09234310715099336,False,True,0,1,0,0,166.12976225068348,0,2824.2059582616184,0.0,41.0,48.0
128,5865,2022-07-05,Baltimore Orioles,Texas Rangers,1,-106.0,-104.0,0.5145631067961165,0.5098039215686274,0.5602360898163901,0.43976391018361,0.04567298302027356,-0.07004001138501742,True,False,1,0,0,0,166.12976225068348,0,2980.93214906415,156.7261908025316,42.0,48.0
129,1297,2020-09-26,Texas Rangers,Houston Astros,1,179.0,-196.0,0.3584229390681003,0.6621621621621622,0.4211733409188437,0.5788266590811563,0.06275040185074338,-0.0833355030810059,True,False,1,0,0,0,166.12976225068348,0,3278.3044234928734,297.3722744287234,43.0,48.0
130,5098,2022-05-11,New York Yankees,Toronto Blue Jays,1,-139.0,129.0,0.5815899581589958,0.4366812227074236,0.587620453985427,0.412379546014573,0.006030495826431115,-0.024301676692850604,False,False,0,0,0,0,0.0,0,3278.3044234928734,0.0,43.0,48.0
131,8905,2023-07-01,Kansas City Royals,Los Angeles Dodgers,1,200.0,-220.0,0.3333333333333333,0.6875,0.4163967761101017,0.5836032238898983,0.08306344277676836,-0.10389677611010173,True,False,1,0,0,0,163.91522117464368,0,3606.1348658421607,327.83044234928735,44.0,48.0
132,2736,2021-06-09,San Diego Padres,Chicago Cubs,0,-204.0,187.0,0.6710526315789473,0.3484320557491289,0.5782252964131789,0.4217747035868211,-0.09282733516576847,0.07334264783769223,False,True,1,0,0,0,163.91522117464368,0,3912.6563294387443,306.5214635965837,45.0,48.0
133,6707,2022-09-07,Oakland Athletics,Atlanta Braves,0,241.0,-270.0,0.2932551319648094,0.7297297297297297,0.4175577116478228,0.5824422883521772,0.12430257968301339,-0.14728744137755256,True,False,0,1,0,0,163.91522117464368,0,3748.7411082641006,0.0,45.0,49.0
134,5666,2022-06-20,Los Angeles Angels,Kansas City Royals,0,-185.0,170.0,0.6491228070175439,0.3703703703703703,0.6329729255325256,0.3670270744674744,-0.01614988148501828,-0.003343295902895893,False,False,0,0,0,0,0.0,0,3748.7411082641006,0.0,45.0,49.0
135,5671,2022-06-21,Pittsburgh Pirates,Chicago Cubs,1,-152.0,140.0,0.6031746031746031,0.4166666666666667,0.6321972700453956,0.3678027299546044,0.02902266687079247,-0.048863936712062295,True,False,1,0,0,0,187.43705541320503,0,3872.0549605096303,123.31385224552963,46.0,49.0
136,4769,2022-04-17,Los Angeles Dodgers,Cincinnati Reds,1,-179.0,166.0,0.6415770609318996,0.3759398496240601,0.6417321044551991,0.3582678955448008,0.0001550435232995362,-0.017671954079259256,False,False,0,0,0,0,0.0,0,3872.0549605096303,0.0,46.0,49.0
137,8852,2023-06-28,Seattle Mariners,Washington Nationals,0,-233.0,210.0,0.6996996996996997,0.3225806451612903,0.6346048333073284,0.3653951666926716,-0.06509486639237128,0.04281452153138127,False,True,1,0,0,0,187.43705541320503,0,4265.672776877361,393.6178163677306,47.0,49.0
138,7777,2023-04-09,Minnesota Twins,Houston Astros,0,-104.0,-106.0,0.5098039215686274,0.5145631067961165,0.5455574566564714,0.4544425433435285,0.03575353508784396,-0.06012056345258798,True,False,0,1,0,0,187.43705541320503,0,4078.2357214641556,0.0,47.0,50.0
139,8441,2023-05-28,Baltimore Orioles,Texas Rangers,1,-146.0,135.0,0.5934959349593496,0.425531914893617,0.4654674809095366,0.5345325190904633,-0.128028454049813,0.10900060419684626,False,True,0,1,0,0,187.43705541320503,0,3890.7986660509505,0.0,47.0,51.0
140,5613,2022-06-17,Washington Nationals,Philadelphia Phillies,0,193.0,-213.0,0.3412969283276451,0.6805111821086262,0.4171656189499613,0.5828343810500387,0.07586869062231621,-0.09767680105858745,True,False,0,1,0,0,194.53993330254752,0,3696.258732748403,0.0,47.0,52.0
141,828,2020-08-25,Arizona Diamondbacks,Colorado Rockies,0,103.0,-112.0,0.4926108374384236,0.5283018867924528,0.5489098663696675,0.4510901336303324,0.056299028931243944,-0.07721175316212042,True,False,0,1,0,0,194.53993330254752,0,3501.7187994458554,0.0,47.0,53.0
142,3477,2021-08-04,Texas Rangers,Los Angeles Angels,0,143.0,-154.0,0.411522633744856,0.6062992125984252,0.4370245390641813,0.5629754609358186,0.025501905319325335,-0.0433237516626066,True,False,0,1,0,0,194.53993330254752,0,3307.178866143308,0.0,47.0,54.0
143,2133,2021-04-26,Detroit Tigers,Kansas City Royals,0,-104.0,-106.0,0.5098039215686274,0.5145631067961165,0.4274862063041917,0.5725137936958083,-0.08231771526443571,0.05795068689969185,False,True,1,0,0,0,194.53993330254752,0,3490.7071051079756,183.52823896466748,48.0,54.0
144,8316,2023-05-19,Philadelphia Phillies,Chicago Cubs,0,-120.0,110.0,0.5454545454545454,0.4761904761904761,0.5628243368135171,0.437175663186483,0.017369791358971653,-0.03901481300399312,True,False,0,1,0,0,194.53993330254752,0,3296.167171805428,0.0,48.0,55.0
145,3193,2021-07-11,Los Angeles Dodgers,Arizona Diamondbacks,1,-222.0,202.0,0.6894409937888198,0.3311258278145695,0.6419449940343745,0.3580550059656254,-0.047495999754445295,0.026929178151055888,False,True,0,1,0,0,164.8083585902714,0,3131.3588132151567,0.0,48.0,56.0
146,5453,2022-06-05,New York Yankees,Detroit Tigers,1,-294.0,258.0,0.7461928934010152,0.2793296089385474,0.6392032109014136,0.3607967890985864,-0.10698968249960161,0.08146718016003901,False,True,0,1,0,0,164.8083585902714,0,2966.5504546248853,0.0,48.0,57.0
147,8198,2023-05-10,New York Yankees,Oakland Athletics,1,-222.0,201.0,0.6894409937888198,0.3322259136212624,0.6419272698125573,0.3580727301874427,-0.04751372397626252,0.025846816566180264,False,True,0,1,0,0,164.8083585902714,0,2801.742096034614,0.0,48.0,58.0
148,4840,2022-04-22,Oakland Athletics,Texas Rangers,0,113.0,-123.0,0.4694835680751174,0.5515695067264574,0.6359451007858519,0.3640548992141481,0.1664615327107345,-0.18751460751230936,True,False,0,1,0,0,164.8083585902714,0,2636.9337374443426,0.0,48.0,59.0
149,2716,2021-06-07,Boston Red Sox,Miami Marlins,1,-143.0,132.0,0.588477366255144,0.4310344827586206,0.6201656293348716,0.3798343706651284,0.03168826307972761,-0.051200112093492234,True,False,1,0,0,0,164.8083585902714,0,2752.1843378571198,115.2506004127772,49.0,59.0
150,1021,2020-09-07,Toronto Blue Jays,New York Yankees,1,-137.0,127.0,0.5780590717299579,0.4405286343612334,0.5384099099429658,0.4615900900570342,-0.03964916178699207,0.021061455695800813,False,True,0,1,0,0,137.60921689285598,0,2614.575120964264,0.0,49.0,60.0
151,6218,2022-08-02,Texas Rangers,Baltimore Orioles,0,-125.0,115.0,0.5555555555555556,0.4651162790697674,0.5100640871682576,0.4899359128317423,-0.045491468387298006,0.024819633761974935,False,True,1,0,0,0,137.60921689285598,0,2772.8257203910484,158.25059942678436,50.0,60.0
152,7836,2023-04-14,Detroit Tigers,San Francisco Giants,1,134.0,-145.0,0.4273504273504273,0.5918367346938775,0.4184114601946114,0.5815885398053886,-0.00893896715581588,-0.010248194888488937,False,False,0,0,0,0,0.0,0,2772.8257203910484,0.0,50.0,60.0
153,7056,2022-10-03,Cleveland Guardians,Kansas City Royals,0,-170.0,157.0,0.6296296296296297,0.3891050583657587,0.6305976421357875,0.3694023578642125,0.0009680125061578559,-0.01970270050154621,False,False,0,0,0,0,0.0,0,2772.8257203910484,0.0,50.0,60.0
154,602,2020-08-10,Philadelphia Phillies,Atlanta Braves,1,-152.0,139.0,0.6031746031746031,0.4184100418410041,0.4310432830832519,0.5689567169167481,-0.17213132009135124,0.15054667507574399,False,True,0,1,0,0,137.60921689285598,0,2635.2165034981927,0.0,50.0,61.0
155,6481,2022-08-21,Chicago Cubs,Milwaukee Brewers,0,136.0,-147.0,0.423728813559322,0.5951417004048583,0.4541704546183453,0.5458295453816547,0.030441641059023306,-0.04931215502320352,True,False,0,1,0,0,131.76082517490963,0,2503.455678323283,0.0,50.0,62.0
156,6903,2022-09-21,Colorado Rockies,San Francisco Giants,0,120.0,-130.0,0.4545454545454545,0.5652173913043478,0.4253507352767407,0.5746492647232593,-0.029194719268713754,0.009431873418911496,False,False,0,0,0,0,0.0,0,2503.455678323283,0.0,50.0,62.0
157,5498,2022-06-08,Minnesota Twins,New York Yankees,1,158.0,-172.0,0.3875968992248062,0.6323529411764706,0.4180877914912611,0.5819122085087389,0.03049089226645485,-0.050440732667731636,True,False,1,0,0,0,131.76082517490963,0,2711.63778209964,208.18210377635722,51.0,62.0
158,6186,2022-07-31,New York Yankees,Kansas City Royals,0,-256.0,228.0,0.7191011235955056,0.3048780487804878,0.6411578342272224,0.3588421657727775,-0.07794328936828321,0.0539641169922897,False,True,1,0,0,0,131.76082517490963,0,3012.052463498434,300.4146813987939,52.0,62.0
159,6739,2022-09-09,Seattle Mariners,Atlanta Braves,0,102.0,-112.0,0.495049504950495,0.5283018867924528,0.4325045556920838,0.5674954443079162,-0.0625449492584112,0.039193557515463384,False,True,1,0,0,0,131.76082517490963,0,3129.6960574046034,117.64359390616931,53.0,62.0
160,6198,2022-08-01,Washington Nationals,New York Mets,0,221.0,-244.0,0.3115264797507788,0.7093023255813954,0.417181092969192,0.582818907030808,0.10565461321841318,-0.12648341855058742,True,False,0,1,0,0,156.48480287023017,0,2973.2112545343734,0.0,53.0,63.0
161,4751,2022-04-16,Pittsburgh Pirates,Washington Nationals,1,-112.0,102.0,0.5283018867924528,0.495049504950495,0.5641923242843826,0.4358076757156174,0.03589043749192977,-0.059241829234877585,True,False,1,0,0,0,156.48480287023017,0,3112.9298285256505,139.71857399127694,54.0,63.0
162,7905,2023-04-18,Houston Astros,Toronto Blue Jays,0,-109.0,-101.0,0.5215311004784688,0.5024875621890548,0.6087816051392225,0.3912183948607775,0.08725050466075368,-0.1112691673282773,True,False,0,1,0,0,156.48480287023017,0,2956.44502565542,0.0,54.0,64.0
163,7975,2023-04-23,Los Angeles Angels,Kansas City Royals,1,-205.0,188.0,0.6721311475409836,0.3472222222222222,0.6389859216512817,0.3610140783487183,-0.033145225889701924,0.013791856126496083,False,True,0,1,0,0,156.48480287023017,0,2799.96022278519,0.0,54.0,65.0
164,6694,2022-09-06,Houston Astros,Texas Rangers,0,-256.0,230.0,0.7191011235955056,0.303030303030303,0.639928696468764,0.3600713035312359,-0.07917242712674155,0.057041000500932915,False,True,1,0,0,0,156.48480287023017,0,3159.8752693867195,359.91504660152935,55.0,65.0
165,3804,2021-08-28,Baltimore Orioles,Tampa Bay Rays,0,174.0,-189.0,0.364963503649635,0.6539792387543253,0.4171664207276571,0.5828335792723429,0.052202917078022104,-0.07114565948198237,True,False,0,1,0,0,157.993763469336,0,3001.8815059173835,0.0,55.0,66.0
166,8787,2023-06-23,Detroit Tigers,Minnesota Twins,0,124.0,-134.0,0.4464285714285714,0.5726495726495726,0.4526568177582405,0.5473431822417596,0.006228246329669118,-0.025306390407813018,False,False,0,0,0,0,0.0,0,3001.8815059173835,0.0,55.0,66.0
167,5471,2022-06-06,Los Angeles Angels,Boston Red Sox,0,-120.0,110.0,0.5454545454545454,0.4761904761904761,0.4507646274157694,0.5492353725842306,-0.09468991803877602,0.0730448963937545,False,True,1,0,0,0,157.993763469336,0,3175.674645733653,173.7931398162696,56.0,66.0
168,5885,2022-07-06,Pittsburgh Pirates,New York Yankees,0,203.0,-222.0,0.33003300330033,0.6894409937888198,0.4192507839633019,0.580749216036698,0.08921778066297192,-0.1086917777521218,True,False,0,1,0,0,157.993763469336,0,3017.680882264317,0.0,56.0,67.0
169,2828,2021-06-15,Oakland Athletics,Los Angeles Angels,1,-127.0,116.0,0.5594713656387665,0.4629629629629629,0.6237196376670107,0.3762803623329894,0.06424827202824412,-0.08668260062997352,True,False,1,0,0,0,157.993763469336,0,3142.0854204291486,124.4045381648315,57.0,67.0
170,1138,2020-09-15,San Diego Padres,Los Angeles Dodgers,0,119.0,-130.0,0.45662100456621,0.5652173913043478,0.4485555708758361,0.5514444291241639,-0.008065433690373935,-0.013772962180183868,False,False,0,0,0,0,0.0,0,3142.0854204291486,0.0,57.0,67.0
171,777,2020-08-22,Oakland Athletics,Los Angeles Angels,0,-141.0,130.0,0.5850622406639004,0.4347826086956521,0.6406160526188359,0.3593839473811641,0.05555381195493547,-0.07539866131448802,True,False,0,1,0,0,157.10427102145744,0,2984.981149407691,0.0,57.0,68.0
172,6288,2022-08-07,Milwaukee Brewers,Cincinnati Reds,0,-270.0,240.0,0.7297297297297297,0.2941176470588235,0.6328206927930544,0.3671793072069455,-0.0969090369366753,0.07306166014812204,False,True,1,0,0,0,157.10427102145744,0,3362.031399859189,377.05025045149785,58.0,68.0
173,4930,2022-04-29,Texas Rangers,Atlanta Braves,0,130.0,-141.0,0.4347826086956521,0.5850622406639004,0.4246778310598182,0.5753221689401817,-0.010104777635833895,-0.009740071723718713,False,False,0,0,0,0,0.0,0,3362.031399859189,0.0,58.0,68.0
174,2347,2021-05-11,Los Angeles Dodgers,Seattle Mariners,1,-217.0,197.0,0.6845425867507886,0.3367003367003367,0.6395655344131164,0.3604344655868836,-0.04497705233767224,0.023734128886546857,False,True,0,1,0,0,157.10427102145744,0,3204.9271288377317,0.0,58.0,69.0
175,6124,2022-07-26,Oakland Athletics,Houston Astros,1,147.0,-159.0,0.4048582995951417,0.6138996138996139,0.4217610758137047,0.5782389241862953,0.01690277621856301,-0.035660689713318594,True,False,1,0,0,0,160.2463564418866,0,3440.489272807305,235.5621439695733,59.0,69.0
176,6103,2022-07-25,Philadelphia Phillies,Atlanta Braves,1,157.0,-172.0,0.3891050583657587,0.6323529411764706,0.4333066478625692,0.5666933521374308,0.04420158949681052,-0.06565958903903979,True,False,1,0,0,0,160.2463564418866,0,3692.076052421067,251.586779613762,60.0,69.0
177,6210,2022-08-02,Washington Nationals,New York Mets,1,262.0,-294.0,0.2762430939226519,0.7461928934010152,0.4169460099186731,0.5830539900813269,0.1407029159960212,-0.1631389033196884,True,False,1,0,0,0,160.2463564418866,0,4111.92150629881,419.8454538777429,61.0,69.0
178,7791,2023-04-10,New York Mets,San Diego Padres,1,-130.0,120.0,0.5652173913043478,0.4545454545454545,0.4775868372214937,0.5224131627785062,-0.08763055408285408,0.06786770823305177,False,True,0,1,0,0,160.2463564418866,0,3951.675149856923,0.0,61.0,70.0
179,6654,2022-09-03,Arizona Diamondbacks,Milwaukee Brewers,0,161.0,-175.0,0.3831417624521073,0.6363636363636364,0.4433041148122724,0.5566958851877276,0.060162352360165094,-0.07966775117590874,True,False,0,1,0,0,160.2463564418866,0,3791.428793415036,0.0,61.0,71.0
180,8096,2023-05-02,San Diego Padres,Cincinnati Reds,0,-188.0,173.0,0.6527777777777778,0.3663003663003663,0.6387186462018678,0.3612813537981322,-0.014059131575909989,-0.005019012502234077,False,False,0,0,0,0,0.0,0,3791.428793415036,0.0,61.0,71.0
181,2002,2021-04-16,Seattle Mariners,Houston Astros,1,100.0,-110.0,0.5,0.5238095238095238,0.5830015078218105,0.4169984921781895,0.08300150782181048,-0.10681103163133432,True,False,1,0,0,0,189.57143967075183,0,3981.000233085788,189.57143967075183,62.0,71.0
182,5559,2022-06-12,San Diego Padres,Colorado Rockies,0,-179.0,165.0,0.6415770609318996,0.3773584905660377,0.6278049412843243,0.3721950587156757,-0.013772119647575298,-0.005163431850361999,False,False,0,0,0,0,0.0,0,3981.000233085788,0.0,62.0,71.0
183,6262,2022-08-05,Arizona Diamondbacks,Colorado Rockies,1,-125.0,115.0,0.5555555555555556,0.4651162790697674,0.5396046891560663,0.4603953108439337,-0.015950866399489283,-0.004720968225833677,False,False,0,0,0,0,0.0,0,3981.000233085788,0.0,62.0,71.0
184,805,2020-08-24,Tampa Bay Rays,Toronto Blue Jays,0,-208.0,190.0,0.6753246753246753,0.3448275862068966,0.6357100111783656,0.3642899888216344,-0.039614664146309764,0.019462402614737806,False,True,1,0,0,0,189.57143967075183,0,4341.185968460216,360.1857353744285,63.0,71.0
185,2051,2021-04-20,New York Yankees,Atlanta Braves,1,-115.0,105.0,0.5348837209302325,0.4878048780487805,0.4554074900981949,0.5445925099018051,-0.07947623083203759,0.0567876318530246,False,True,0,1,0,0,217.0592984230108,0,4124.126670037205,0.0,63.0,72.0
186,8797,2023-06-23,San Diego Padres,Washington Nationals,1,-275.0,245.0,0.7333333333333333,0.2898550724637681,0.6406031834212622,0.3593968165787377,-0.09273014991207107,0.06954174411496955,False,True,0,1,0,0,217.0592984230108,0,3907.0673716141946,0.0,63.0,73.0
187,2435,2021-05-18,Chicago Cubs,Washington Nationals,1,-102.0,-108.0,0.504950495049505,0.5192307692307693,0.6116613051155276,0.3883386948844723,0.10671081006602268,-0.13089207434629696,True,False,1,0,0,0,217.0592984230108,0,4119.8706053622445,212.8032337480498,64.0,73.0
188,6658,2022-09-04,Pittsburgh Pirates,Toronto Blue Jays,0,186.0,-204.0,0.3496503496503496,0.6710526315789473,0.4197332304337045,0.5802667695662955,0.0700828807833549,-0.09078586201265182,True,False,0,1,0,0,217.0592984230108,0,3902.811306939234,0.0,64.0,74.0
189,2183,2021-04-29,Arizona Diamondbacks,Colorado Rockies,1,-152.0,139.0,0.6031746031746031,0.4184100418410041,0.6040997901596674,0.3959002098403326,0.0009251869850642747,-0.022509832000671526,False,False,0,0,0,0,0.0,0,3902.811306939234,0.0,64.0,74.0
190,8850,2023-06-27,Oakland Athletics,New York Yankees,1,120.0,-130.0,0.4545454545454545,0.5652173913043478,0.4166578747294655,0.5833421252705344,-0.03788757981598895,0.018124733966186635,False,True,0,1,0,0,195.1405653469617,0,3707.670741592272,0.0,64.0,75.0
191,4971,2022-05-02,Baltimore Orioles,Minnesota Twins,0,140.0,-152.0,0.4166666666666667,0.6031746031746031,0.4287977193829685,0.5712022806170315,0.012131052716301827,-0.03197232255757165,True,False,0,1,0,0,195.1405653469617,0,3512.53017624531,0.0,64.0,76.0
192,6184,2022-07-31,Pittsburgh Pirates,Philadelphia Phillies,0,160.0,-175.0,0.3846153846153846,0.6363636363636364,0.4234358767094576,0.5765641232905425,0.03882049209407301,-0.059799513073093835,True,False,0,1,0,0,195.1405653469617,0,3317.389610898348,0.0,64.0,77.0
193,8820,2023-06-25,Toronto Blue Jays,Oakland Athletics,1,-281.0,250.0,0.7375328083989501,0.2857142857142857,0.6417643610579407,0.3582356389420593,-0.09576844734100942,0.07252135322777359,False,True,0,1,0,0,195.1405653469617,0,3122.249045551386,0.0,64.0,78.0
194,5568,2022-06-13,Texas Rangers,Houston Astros,1,145.0,-156.0,0.4081632653061224,0.609375,0.4270284103659023,0.5729715896340977,0.018865145059779875,-0.03640341036590233,True,False,1,0,0,0,195.1405653469617,0,3405.202865304481,282.9538197530944,65.0,78.0
195,827,2020-08-25,San Diego Padres,Seattle Mariners,0,-179.0,163.0,0.6415770609318996,0.3802281368821292,0.6296605486200346,0.3703394513799654,-0.011916512311864969,-0.009888685502163819,False,False,0,0,0,0,0.0,0,3405.202865304481,0.0,65.0,78.0
196,2322,2021-05-09,Los Angeles Angels,Los Angeles Dodgers,1,161.0,-175.0,0.3831417624521073,0.6363636363636364,0.4195321830923105,0.5804678169076894,0.0363904206402032,-0.055895819455946905,True,False,1,0,0,0,170.26014326522406,0,3679.3216959614915,274.11883065701073,66.0,78.0
197,3039,2021-07-01,Toronto Blue Jays,Seattle Mariners,0,-175.0,162.0,0.6363636363636364,0.3816793893129771,0.608280361872626,0.391719638127374,-0.028083274491010335,0.010040248814396857,False,True,1,0,0,0,170.26014326522406,0,3955.1431280511547,275.821432089663,67.0,78.0
198,582,2020-08-08,San Diego Padres,Arizona Diamondbacks,0,-152.0,140.0,0.6031746031746031,0.4166666666666667,0.626084052728433,0.373915947271567,0.022909449553829897,-0.04275071939509967,True,False,0,1,0,0,170.26014326522406,0,3784.8829847859306,0.0,67.0,79.0
199,8389,2023-05-24,Milwaukee Brewers,Houston Astros,1,-103.0,-107.0,0.5073891625615764,0.5169082125603864,0.4680372259462731,0.5319627740537269,-0.039351936615303285,0.015054561493340501,False,True,0,1,0,0,170.26014326522406,0,3614.6228415207065,0.0,67.0,80.0
200,4701,2022-04-12,Texas Rangers,Colorado Rockies,0,-147.0,137.0,0.5951417004048583,0.4219409282700422,0.4168762125423477,0.5831237874576523,-0.17826548786251056,0.16118285918761005,False,True,1,0,0,0,180.73114207603533,0,3862.224506164875,247.6016646441684,68.0,80.0
201,5400,2022-06-01,Arizona Diamondbacks,Atlanta Braves,0,139.0,-152.0,0.4184100418410041,0.6031746031746031,0.4809485029582678,0.5190514970417321,0.06253846111726369,-0.084123106132871,True,False,0,1,0,0,180.73114207603533,0,3681.49336408884,0.0,68.0,81.0
202,5551,2022-06-12,Washington Nationals,Milwaukee Brewers,0,110.0,-120.0,0.4761904761904761,0.5454545454545454,0.4629534762693802,0.5370465237306198,-0.013236999921095893,-0.00840802172392563,False,False,0,0,0,0,0.0,0,3681.49336408884,0.0,68.0,81.0
203,3089,2021-07-04,Atlanta Braves,Miami Marlins,1,-185.0,170.0,0.6491228070175439,0.3703703703703703,0.6070851089821308,0.3929148910178692,-0.04203769803541313,0.0225445206474989,False,True,0,1,0,0,180.73114207603533,0,3500.7622220128046,0.0,68.0,82.0
204,8816,2023-06-25,Detroit Tigers,Minnesota Twins,0,127.0,-137.0,0.4405286343612334,0.5780590717299579,0.4524808979964567,0.5475191020035433,0.011952263635223281,-0.030539969726414595,True,False,0,1,0,0,180.73114207603533,0,3320.0310799367694,0.0,68.0,83.0
205,5152,2022-05-15,Atlanta Braves,San Diego Padres,0,-106.0,-103.0,0.5145631067961165,0.5073891625615764,0.5173218177126504,0.4826781822873496,0.002758710916533902,-0.0247109802742268,False,False,0,0,0,0,0.0,0,3320.0310799367694,0.0,68.0,83.0
206,5795,2022-06-30,Houston Astros,New York Yankees,1,109.0,-119.0,0.4784688995215311,0.54337899543379,0.4628780469584269,0.5371219530415732,-0.015590852563104218,-0.006257042392216805,False,False,0,0,0,0,0.0,0,3320.0310799367694,0.0,68.0,83.0
207,1288,2020-09-25,Oakland Athletics,Seattle Mariners,1,-196.0,180.0,0.6621621621621622,0.3571428571428571,0.6305762456411892,0.3694237543588107,-0.03158591652097298,0.012280897215953601,False,True,0,1,0,0,166.00155399683848,0,3154.029525939931,0.0,68.0,84.0
208,5173,2022-05-16,Milwaukee Brewers,Atlanta Braves,1,-125.0,115.0,0.5555555555555556,0.4651162790697674,0.6188707481698297,0.3811292518301702,0.0633151926142741,-0.08398702723959717,True,False,1,0,0,0,166.00155399683848,0,3286.8307691374016,132.8012431974708,69.0,84.0
209,893,2020-08-29,Boston Red Sox,Washington Nationals,1,-101.0,-109.0,0.5024875621890548,0.5215311004784688,0.423835292165473,0.5761647078345269,-0.07865227002358177,0.054633607356058045,False,True,0,1,0,0,166.00155399683848,0,3120.829215140563,0.0,69.0,85.0
210,5756,2022-06-27,Cleveland Guardians,Minnesota Twins,0,119.0,-130.0,0.45662100456621,0.5652173913043478,0.4644687593713321,0.535531240628668,0.007847754805122065,-0.029686150675679812,False,False,0,0,0,0,0.0,0,3120.829215140563,0.0,69.0,85.0
211,2147,2021-04-27,Toronto Blue Jays,Washington Nationals,1,115.0,-125.0,0.4651162790697674,0.5555555555555556,0.5874897463055312,0.4125102536944688,0.12237346723576381,-0.14304530186108677,True,False,1,0,0,0,156.04146075702818,0,3300.2768950111454,179.4476798705824,70.0,85.0
212,2892,2021-06-20,Kansas City Royals,Boston Red Sox,1,121.0,-132.0,0.4524886877828054,0.5689655172413793,0.4377761916140146,0.5622238083859854,-0.014712496168790778,-0.006741708855393935,False,False,0,0,0,0,0.0,0,3300.2768950111454,0.0,70.0,85.0
213,3143,2021-07-08,Arizona Diamondbacks,Colorado Rockies,0,-135.0,125.0,0.574468085106383,0.4444444444444444,0.5110508754868889,0.4889491245131111,-0.06341720961949415,0.0445046800686667,False,True,1,0,0,0,156.04146075702818,0,3495.3287209574305,195.05182594628522,71.0,85.0
214,7825,2023-04-12,Toronto Blue Jays,Detroit Tigers,1,-265.0,237.0,0.726027397260274,0.2967359050445103,0.6418463414766251,0.3581536585233748,-0.08418105578364887,0.06141775347886447,False,True,0,1,0,0,156.04146075702818,0,3339.287260200402,0.0,71.0,86.0
215,6355,2022-08-12,Los Angeles Angels,Minnesota Twins,0,118.0,-128.0,0.4587155963302752,0.5614035087719298,0.5383190392284696,0.4616809607715303,0.07960344289819438,-0.09972254800039948,True,False,0,1,0,0,166.96436301002012,0,3172.3228971903823,0.0,71.0,87.0
216,5545,2022-06-11,Los Angeles Angels,New York Mets,1,119.0,-130.0,0.45662100456621,0.5652173913043478,0.4435276435765972,0.5564723564234029,-0.013093360989612834,-0.008745034880944913,False,False,0,0,0,0,0.0,0,3172.3228971903823,0.0,71.0,87.0
217,3223,2021-07-17,Washington Nationals,San Diego Padres,0,119.0,-130.0,0.45662100456621,0.5652173913043478,0.4164825308385916,0.5835174691614083,-0.04013847372761842,0.01830007785706056,False,True,1,0,0,0,166.96436301002012,0,3300.7570225827053,128.43412539232318,72.0,87.0
218,8231,2023-05-12,Oakland Athletics,Texas Rangers,1,157.0,-171.0,0.3891050583657587,0.6309963099630996,0.41634194723661,0.5836580527633899,0.027236888870851295,-0.04733825719970974,True,False,1,0,0,0,166.96436301002012,0,3562.891072508437,262.1340499257316,73.0,87.0
219,5940,2022-07-10,Milwaukee Brewers,Pittsburgh Pirates,0,-167.0,153.0,0.6254681647940075,0.3952569169960474,0.6340180619423088,0.3659819380576912,0.008549897148301344,-0.029274978938356233,False,False,0,0,0,0,0.0,0,3562.891072508437,0.0,73.0,87.0
220,6351,2022-08-12,Kansas City Royals,Los Angeles Dodgers,0,204.0,-227.0,0.3289473684210526,0.6941896024464832,0.4169633411971803,0.5830366588028197,0.08801597277612772,-0.11115294364366346,True,False,0,1,0,0,178.14455362542185,0,3384.746518883015,0.0,73.0,88.0
221,6635,2022-09-02,Tampa Bay Rays,New York Yankees,1,-120.0,110.0,0.5454545454545454,0.4761904761904761,0.5663737441125403,0.4336262558874598,0.020919198657994853,-0.04256422030301632,True,False,1,0,0,0,178.14455362542185,0,3533.2003135708665,148.45379468785154,74.0,88.0
222,3309,2021-07-23,Miami Marlins,San Diego Padres,0,143.0,-154.0,0.411522633744856,0.6062992125984252,0.428226463729345,0.571773536270655,0.016703829984488994,-0.03452567632777026,True,False,0,1,0,0,178.14455362542185,0,3355.0557599454446,0.0,74.0,89.0
223,2120,2021-04-25,Boston Red Sox,Seattle Mariners,1,-185.0,169.0,0.6491228070175439,0.3717472118959107,0.5472298867946287,0.4527701132053713,-0.10189292022291518,0.0810229013094606,False,True,0,1,0,0,178.14455362542185,0,3176.9112063200228,0.0,74.0,90.0
224,8752,2023-06-20,Pittsburgh Pirates,Chicago Cubs,0,114.0,-124.0,0.4672897196261682,0.5535714285714286,0.446364817839764,0.553635182160236,-0.020924901786404215,6.375358880739146e-05,False,False,0,0,0,0,0.0,0,3176.9112063200228,0.0,74.0,90.0
225,6390,2022-08-15,Cincinnati Reds,Philadelphia Phillies,0,161.0,-175.0,0.3831417624521073,0.6363636363636364,0.441760452162261,0.558239547837739,0.058618689710153715,-0.07812408852589736,True,False,0,1,0,0,158.84556031600115,0,3018.065646004022,0.0,74.0,91.0
226,2130,2021-04-25,Colorado Rockies,Philadelphia Phillies,1,-111.0,101.0,0.5260663507109005,0.4975124378109453,0.4651873839578182,0.5348126160421818,-0.06087896675308224,0.03730017823123649,False,True,0,1,0,0,158.84556031600115,0,2859.220085688021,0.0,74.0,92.0
227,5144,2022-05-14,Washington Nationals,Houston Astros,1,153.0,-167.0,0.3952569169960474,0.6254681647940075,0.416733319090948,0.5832666809090519,0.021476402094900593,-0.04220148388495559,True,False,1,0,0,0,158.84556031600115,0,3102.2537929715027,243.03370728348176,75.0,92.0
228,5605,2022-06-16,Toronto Blue Jays,Baltimore Orioles,0,-244.0,220.0,0.7093023255813954,0.3125,0.6407785885108059,0.359221411489194,-0.06852373707058945,0.04672141148919401,False,True,1,0,0,0,158.84556031600115,0,3451.7140256667053,349.4602326952026,76.0,92.0
229,5948,2022-07-10,Boston Red Sox,New York Yankees,1,117.0,-127.0,0.4608294930875576,0.5594713656387665,0.4405068715547656,0.5594931284452345,-0.020322621532792018,2.176280646792872e-05,False,False,0,0,0,0,0.0,0,3451.7140256667053,0.0,76.0,92.0
230,4795,2022-04-19,Colorado Rockies,Philadelphia Phillies,1,115.0,-125.0,0.4651162790697674,0.5555555555555556,0.6198778234216715,0.3801221765783285,0.15476154435190415,-0.1754333789772271,True,False,1,0,0,0,172.58570128333528,0,3650.187582142541,198.47355647583555,77.0,92.0
231,6954,2022-09-25,Miami Marlins,Washington Nationals,0,-171.0,157.0,0.6309963099630996,0.3891050583657587,0.6255224140884432,0.3744775859115568,-0.005473895874656409,-0.014627472454201929,False,False,0,0,0,0,0.0,0,3650.187582142541,0.0,77.0,92.0
232,6451,2022-08-19,Atlanta Braves,Houston Astros,1,-118.0,108.0,0.5412844036697247,0.4807692307692308,0.4234169192589304,0.5765830807410696,-0.11786748441079437,0.09581384997183878,False,True,0,1,0,0,172.58570128333528,0,3477.6018808592057,0.0,77.0,93.0
233,7807,2023-04-11,Chicago Cubs,Seattle Mariners,1,-109.0,-101.0,0.5215311004784688,0.5024875621890548,0.5884289169182303,0.4115710830817697,0.06689781643976145,-0.09091647910728506,True,False,1,0,0,0,172.58570128333528,0,3635.9373866237333,158.3355057645278,78.0,93.0
234,6394,2022-08-15,Toronto Blue Jays,Baltimore Orioles,0,-154.0,142.0,0.6062992125984252,0.4132231404958678,0.6163174648526983,0.3836825351473016,0.010018252254273108,-0.029540605348566173,True,False,0,1,0,0,172.58570128333528,0,3463.351685340398,0.0,78.0,94.0
235,5848,2022-07-04,Washington Nationals,Miami Marlins,0,102.0,-112.0,0.495049504950495,0.5283018867924528,0.4268645293609956,0.5731354706390044,-0.06818497558949937,0.04483358384655156,False,True,1,0,0,0,173.16758426701992,0,3617.965599864523,154.61391452412494,79.0,94.0
236,819,2020-08-25,Toronto Blue Jays,Boston Red Sox,0,-119.0,109.0,0.54337899543379,0.4784688995215311,0.6130169767685604,0.3869830232314396,0.0696379813347704,-0.09148587629009147,True,False,0,1,0,0,173.16758426701992,0,3444.7980155975033,0.0,79.0,95.0
237,4952,2022-04-30,Los Angeles Dodgers,Detroit Tigers,0,-312.0,279.0,0.7572815533980582,0.2638522427440633,0.6404932491103205,0.3595067508896795,-0.11678830428773779,0.09565450814561616,False,True,1,0,0,0,173.16758426701992,0,3927.9355757024887,483.1375601049856,80.0,95.0
238,1236,2020-09-22,New York Mets,Tampa Bay Rays,1,118.0,-128.0,0.4587155963302752,0.5614035087719298,0.4287910532417359,0.571208946758264,-0.029924543088539313,0.009805437986334153,False,False,0,0,0,0,0.0,0,3927.9355757024887,0.0,80.0,95.0
239,8405,2023-05-25,New York Yankees,Baltimore Orioles,0,-130.0,120.0,0.5652173913043478,0.4545454545454545,0.5206731231403923,0.4793268768596078,-0.044544268163955514,0.024781422314153312,False,True,1,0,0,0,173.16758426701992,0,4135.736676822912,207.8011011204239,81.0,95.0
240,5659,2022-06-20,New York Mets,Miami Marlins,1,-159.0,147.0,0.6138996138996139,0.4048582995951417,0.6061738866460835,0.3938261133539165,-0.007725727253530379,-0.011032186241225206,False,False,0,0,0,0,0.0,0,4135.736676822912,0.0,81.0,95.0
241,2001,2021-04-16,San Diego Padres,Los Angeles Dodgers,0,141.0,-154.0,0.4149377593360996,0.6062992125984252,0.4245694236137557,0.5754305763862443,0.009631664277656105,-0.030868636212180944,False,False,0,0,0,0,0.0,0,4135.736676822912,0.0,81.0,95.0
242,3077,2021-07-03,Oakland Athletics,Boston Red Sox,1,-128.0,118.0,0.5614035087719298,0.4587155963302752,0.5060260236738388,0.4939739763261612,-0.05537748509809104,0.03525837999588599,False,True,0,1,0,0,206.7868338411456,0,3928.949842981767,0.0,81.0,96.0
243,5205,2022-05-18,Philadelphia Phillies,San Diego Padres,1,-145.0,135.0,0.5918367346938775,0.425531914893617,0.5011305165058826,0.4988694834941173,-0.09070621818799496,0.07333756860050028,False,True,0,1,0,0,206.7868338411456,0,3722.1630091406214,0.0,81.0,97.0
244,5004,2022-05-04,Boston Red Sox,Los Angeles Angels,0,-118.0,108.0,0.5412844036697247,0.4807692307692308,0.5300868481651535,0.4699131518348464,-0.011197555504571244,-0.010856078934384394,False,False,0,0,0,0,0.0,0,3722.1630091406214,0.0,81.0,97.0
245,2146,2021-04-27,Baltimore Orioles,New York Yankees,0,158.0,-172.0,0.3875968992248062,0.6323529411764706,0.4746984893406366,0.5253015106593634,0.08710159011583035,-0.1070514305171072,True,False,0,1,0,0,186.1081504570311,0,3536.0548586835903,0.0,81.0,98.0
246,694,2020-08-16,Colorado Rockies,Texas Rangers,1,-143.0,132.0,0.588477366255144,0.4310344827586206,0.526517032984031,0.473482967015969,-0.061960333271113055,0.04244848425734837,False,True,0,1,0,0,186.1081504570311,0,3349.946708226559,0.0,81.0,99.0
247,6527,2022-08-24,Los Angeles Dodgers,Milwaukee Brewers,1,-227.0,208.0,0.6941896024464832,0.3246753246753247,0.6358878051558108,0.3641121948441891,-0.05830179729067242,0.039436870168864435,False,True,0,1,0,0,186.1081504570311,0,3163.838557769528,0.0,81.0,100.0
248,5399,2022-06-01,Oakland Athletics,Houston Astros,0,196.0,-213.0,0.3378378378378378,0.6805111821086262,0.418114177332242,0.581885822667758,0.08027633949440421,-0.09862535944086814,True,False,0,1,0,0,186.1081504570311,0,2977.730407312497,0.0,81.0,101.0
249,5001,2022-05-04,Philadelphia Phillies,Texas Rangers,0,-164.0,152.0,0.6212121212121212,0.3968253968253968,0.6017939021811383,0.3982060978188617,-0.019418219030982953,0.0013807009934648784,False,False,0,0,0,0,0.0,0,2977.730407312497,0.0,81.0,101.0
250,754,2020-08-20,San Diego Padres,Texas Rangers,1,-179.0,164.0,0.6415770609318996,0.3787878787878788,0.6380920904132839,0.3619079095867162,-0.0034849705186157376,-0.01687996920116258,False,False,0,0,0,0,0.0,0,2977.730407312497,0.0,81.0,101.0
251,6922,2022-09-23,Cincinnati Reds,Milwaukee Brewers,0,152.0,-165.0,0.3968253968253968,0.6226415094339622,0.427589626908799,0.572410373091201,0.030764230083402178,-0.05023113634276122,True,False,0,1,0,0,148.88652036562485,0,2828.843886946872,0.0,81.0,102.0
252,1141,2020-09-16,Tampa Bay Rays,Washington Nationals,0,-161.0,148.0,0.6168582375478927,0.4032258064516129,0.6356231610054894,0.3643768389945105,0.018764923457596727,-0.03884896745710237,True,False,0,1,0,0,148.88652036562485,0,2679.957366581247,0.0,81.0,103.0
253,5968,2022-07-12,Chicago Cubs,Baltimore Orioles,0,-112.0,103.0,0.5283018867924528,0.4926108374384236,0.4606668700019969,0.5393331299980031,-0.06763501679045592,0.04672229255957949,False,True,1,0,0,0,148.88652036562485,0,2833.3104825578403,153.35311597659359,82.0,103.0
254,5003,2022-05-04,Toronto Blue Jays,New York Yankees,1,128.0,-137.0,0.4385964912280701,0.5780590717299579,0.4233418294407924,0.5766581705592075,-0.01525466178727769,-0.0014009011707503127,False,False,0,0,0,0,0.0,0,2833.3104825578403,0.0,82.0,103.0
255,5810,2022-07-01,Houston Astros,Los Angeles Angels,1,-159.0,146.0,0.6138996138996139,0.4065040650406504,0.623721816093194,0.376278183906806,0.009822202193580098,-0.03022588113384439,False,False,0,0,0,0,0.0,0,2833.3104825578403,0.0,82.0,103.0
256,8014,2023-04-26,Philadelphia Phillies,Seattle Mariners,1,105.0,-115.0,0.4878048780487805,0.5348837209302325,0.4902110933348672,0.5097889066651329,0.002406215286086699,-0.02509481426509963,False,False,0,0,0,0,0.0,0,2833.3104825578403,0.0,82.0,103.0
257,5512,2022-06-09,Atlanta Braves,Pittsburgh Pirates,1,-256.0,228.0,0.7191011235955056,0.3048780487804878,0.6411168719342465,0.3588831280657535,-0.07798425166125911,0.05400507928526571,False,True,0,1,0,0,141.665524127892,0,2691.644958429948,0.0,82.0,104.0
258,8710,2023-06-17,Washington Nationals,Miami Marlins,0,138.0,-149.0,0.4201680672268907,0.5983935742971888,0.4334018044714665,0.5665981955285335,0.013233737244575772,-0.031795378768655236,True,False,0,1,0,0,141.665524127892,0,2549.979434302056,0.0,82.0,105.0
259,1090,2020-09-12,Kansas City Royals,Pittsburgh Pirates,1,-118.0,107.0,0.5412844036697247,0.4830917874396135,0.6014449468142051,0.3985550531857948,0.06016054314448038,-0.08453673425381869,True,False,1,0,0,0,141.665524127892,0,2670.034963223998,120.05552892194238,83.0,105.0
260,4787,2022-04-19,New York Mets,San Francisco Giants,1,-120.0,110.0,0.5454545454545454,0.4761904761904761,0.4406314613896864,0.5593685386103135,-0.10482308406485902,0.08317806241983744,False,True,0,1,0,0,133.5017481611999,0,2536.5332150627983,0.0,83.0,106.0
261,5709,2022-06-24,New York Yankees,Houston Astros,0,-127.0,117.0,0.5594713656387665,0.4608294930875576,0.5300096762058242,0.4699903237941757,-0.029461689432942362,0.009160830706618106,False,False,0,0,0,0,0.0,0,2536.5332150627983,0.0,83.0,106.0
262,6966,2022-09-26,Washington Nationals,Atlanta Braves,0,212.0,-235.0,0.3205128205128205,0.7014925373134329,0.4183723767267232,0.5816276232732768,0.09785955621390274,-0.11986491404015609,True,False,0,1,0,0,133.5017481611999,0,2403.0314669015984,0.0,83.0,107.0
263,6425,2022-08-17,Cleveland Guardians,Detroit Tigers,1,-200.0,185.0,0.6666666666666666,0.3508771929824561,0.6191930833422532,0.3808069166577467,-0.047473583324413426,0.029929723675290565,False,True,0,1,0,0,133.5017481611999,0,2269.5297187403985,0.0,83.0,108.0
264,8308,2023-05-18,Miami Marlins,Washington Nationals,1,-144.0,133.0,0.5901639344262295,0.4291845493562232,0.6153591899368271,0.3846408100631728,0.025195255510597647,-0.04454373929305039,True,False,1,0,0,0,133.5017481611999,0,2362.239266074565,92.7095473341666,84.0,108.0
265,8536,2023-06-04,New York Mets,Toronto Blue Jays,0,-125.0,115.0,0.5555555555555556,0.4651162790697674,0.5073865169021388,0.4926134830978613,-0.04816903865341682,0.027497204028093913,False,True,1,0,0,0,118.11196330372826,0,2498.0680238738523,135.8287577992875,85.0,108.0
266,5724,2022-06-25,Tampa Bay Rays,Pittsburgh Pirates,1,-182.0,168.0,0.6453900709219859,0.373134328358209,0.639562316470909,0.360437683529091,-0.005827754451076861,-0.012696644829117976,False,False,0,0,0,0,0.0,0,2498.0680238738523,0.0,85.0,108.0
267,6941,2022-09-24,Cincinnati Reds,Milwaukee Brewers,0,192.0,-210.0,0.3424657534246575,0.6774193548387096,0.4222132259630403,0.5777867740369595,0.07974747253838277,-0.09963258080175008,True,False,0,1,0,0,118.11196330372826,0,2379.956060570124,0.0,85.0,109.0
268,8708,2023-06-17,Chicago Cubs,Baltimore Orioles,1,-121.0,111.0,0.5475113122171946,0.4739336492890995,0.5778133969280086,0.4221866030719914,0.03030208471081397,-0.05174704621710807,True,False,1,0,0,0,118.11196330372826,0,2477.5692533831225,97.61319281299856,86.0,109.0
269,3175,2021-07-10,Miami Marlins,Atlanta Braves,0,-108.0,-102.0,0.5192307692307693,0.504950495049505,0.4545966151779898,0.5454033848220101,-0.06463415405277945,0.04045288977250516,False,True,1,0,0,0,118.11196330372826,0,2593.365295837758,115.79604245463554,87.0,109.0
270,6957,2022-09-25,Minnesota Twins,Los Angeles Angels,0,-105.0,-105.0,0.5121951219512195,0.5121951219512195,0.5845916487201182,0.4154083512798819,0.07239652676889863,-0.09678677067133762,True,False,0,1,0,0,129.6682647918879,0,2463.69703104587,0.0,87.0,110.0
271,6501,2022-08-23,Pittsburgh Pirates,Atlanta Braves,0,228.0,-256.0,0.3048780487804878,0.7191011235955056,0.4179566455099817,0.5820433544900183,0.11307859672949389,-0.13705776910548728,True,False,0,1,0,0,129.6682647918879,0,2334.028766253982,0.0,87.0,111.0
272,4007,2021-09-12,Philadelphia Phillies,Colorado Rockies,0,-278.0,247.0,0.7354497354497355,0.2881844380403458,0.6294063916200068,0.3705936083799933,-0.10604334382972869,0.08240917033964745,False,True,1,0,0,0,129.6682647918879,0,2654.3093802899452,320.28061403596314,88.0,111.0
273,1257,2020-09-23,Minnesota Twins,Detroit Tigers,1,-286.0,252.0,0.7409326424870466,0.2840909090909091,0.6412796365850808,0.3587203634149191,-0.0996530059019658,0.07462945432400997,False,True,0,1,0,0,129.6682647918879,0,2524.6411154980574,0.0,88.0,112.0
274,2320,2021-05-09,Texas Rangers,Seattle Mariners,1,-122.0,112.0,0.5495495495495496,0.4716981132075472,0.5515059591830229,0.448494040816977,0.0019564096334733216,-0.023204072390570152,False,False,0,0,0,0,0.0,0,2524.6411154980574,0.0,88.0,112.0
275,1285,2020-09-25,Minnesota Twins,Cincinnati Reds,0,-143.0,131.0,0.588477366255144,0.4329004329004329,0.6089712962212019,0.3910287037787981,0.020493929966057922,-0.04187172912163478,True,False,0,1,0,0,126.23205577490288,0,2398.4090597231543,0.0,88.0,113.0
276,8688,2023-06-15,Texas Rangers,Los Angeles Angels,0,-141.0,130.0,0.5850622406639004,0.4347826086956521,0.5783297972198866,0.4216702027801133,-0.006732443444013803,-0.013112405915538805,False,False,0,0,0,0,0.0,0,2398.4090597231543,0.0,88.0,113.0
277,6008,2022-07-15,Cleveland Guardians,Detroit Tigers,1,-182.0,166.0,0.6453900709219859,0.3759398496240601,0.6218327219950861,0.3781672780049139,-0.023557348926899757,0.0022274283808538242,False,False,0,0,0,0,0.0,0,2398.4090597231543,0.0,88.0,113.0
278,6273,2022-08-06,Detroit Tigers,Tampa Bay Rays,1,230.0,-256.0,0.303030303030303,0.7191011235955056,0.4193325282161382,0.5806674717838618,0.11630222518583522,-0.1384336518116438,True,False,1,0,0,0,126.23205577490288,0,2688.742788005431,290.3337282822766,89.0,113.0
279,1072,2020-09-11,Toronto Blue Jays,New York Mets,0,179.0,-196.0,0.3584229390681003,0.6621621621621622,0.4946465501555861,0.5053534498444139,0.13622361108748582,-0.1568087123177483,True,False,0,1,0,0,126.23205577490288,0,2562.510732230528,0.0,89.0,114.0
280,4908,2022-04-27,Los Angeles Angels,Cleveland Guardians,1,-196.0,179.0,0.6621621621621622,0.3584229390681003,0.6285697118200315,0.3714302881799684,-0.03359245034213065,0.013007349111868127,False,True,0,1,0,0,128.1255366115264,0,2434.3851956190015,0.0,89.0,115.0
281,5423,2022-06-03,Cincinnati Reds,Washington Nationals,0,-123.0,113.0,0.5515695067264574,0.4694835680751174,0.6258047021657631,0.3741952978342368,0.07423519543930568,-0.0952882702408806,True,False,0,1,0,0,128.1255366115264,0,2306.259659007475,0.0,89.0,116.0
282,1228,2020-09-21,Seattle Mariners,Houston Astros,1,130.0,-141.0,0.4347826086956521,0.5850622406639004,0.4265366722501429,0.5734633277498571,-0.008245936445509194,-0.011598912914043358,False,False,0,0,0,0,0.0,0,2306.259659007475,0.0,89.0,116.0
283,3485,2021-08-05,Texas Rangers,Los Angeles Angels,0,-109.0,-101.0,0.5215311004784688,0.5024875621890548,0.4645208164862341,0.5354791835137659,-0.057010283992234734,0.03299162132471112,False,True,1,0,0,0,128.1255366115264,0,2433.1166259495803,126.85696694210534,90.0,116.0
284,5371,2022-05-30,Colorado Rockies,Miami Marlins,1,144.0,-156.0,0.4098360655737705,0.609375,0.461161945609484,0.538838054390516,0.05132588003571348,-0.07053694560948398,True,False,1,0,0,0,128.1255366115264,0,2617.6173986701783,184.500772720598,91.0,116.0
285,1261,2020-09-24,Pittsburgh Pirates,Chicago Cubs,1,172.0,-189.0,0.3676470588235294,0.6539792387543253,0.4266535383952425,0.5733464616047574,0.05900647957171312,-0.08063277714956785,True,False,1,0,0,0,130.88086993350893,0,2842.7324949558138,225.11509628563536,92.0,116.0
286,4945,2022-04-30,Pittsburgh Pirates,San Diego Padres,1,148.0,-161.0,0.4032258064516129,0.6168582375478927,0.4178386975504454,0.5821613024495547,0.014612891098832514,-0.034696935098338044,True,False,1,0,0,0,130.88086993350893,0,3036.436182457407,193.7036875015932,93.0,116.0
287,5434,2022-06-03,Colorado Rockies,Atlanta Braves,0,161.0,-175.0,0.3831417624521073,0.6363636363636364,0.4171561818533735,0.5828438181466264,0.034014419401266205,-0.05351981821700991,True,False,0,1,0,0,130.88086993350893,0,2905.555312523898,0.0,93.0,117.0
288,4764,2022-04-17,Miami Marlins,Philadelphia Phillies,1,133.0,-145.0,0.4291845493562232,0.5918367346938775,0.4493623753546053,0.5506376246453947,0.020177825998382137,-0.04119911004848287,True,False,1,0,0,0,130.88086993350893,0,3079.6268695354647,174.07155701156688,94.0,117.0
289,8267,2023-05-15,Boston Red Sox,Seattle Mariners,0,108.0,-118.0,0.4807692307692308,0.5412844036697247,0.4475033181282831,0.5524966818717169,-0.03326591264094769,0.01121227820199211,False,True,1,0,0,0,130.88086993350893,0,3190.54286100454,110.91599146907537,95.0,117.0
290,3564,2021-08-11,Houston Astros,Colorado Rockies,1,-233.0,210.0,0.6996996996996997,0.3225806451612903,0.6345745033261763,0.3654254966738237,-0.06512519637352343,0.042844851512533366,False,True,0,1,0,0,159.527143050227,0,3031.015717954313,0.0,95.0,118.0
291,3663,2021-08-17,Los Angeles Dodgers,Pittsburgh Pirates,1,-294.0,262.0,0.7461928934010152,0.2762430939226519,0.6417970546325257,0.3582029453674743,-0.10439583876848957,0.08195985144482243,False,True,0,1,0,0,159.527143050227,0,2871.488574904086,0.0,95.0,119.0
292,4111,2021-09-19,New York Mets,Philadelphia Phillies,1,-118.0,108.0,0.5412844036697247,0.4807692307692308,0.4656054394646489,0.5343945605353511,-0.07567896420507586,0.05362532976612028,False,True,0,1,0,0,159.527143050227,0,2711.961431853859,0.0,95.0,120.0
293,8465,2023-05-29,Seattle Mariners,New York Yankees,0,-134.0,124.0,0.5726495726495726,0.4464285714285714,0.5013433548091224,0.4986566451908776,-0.07130621784045021,0.052228073762306204,False,True,1,0,0,0,159.527143050227,0,2909.7750892361405,197.8136573822815,96.0,120.0
294,3672,2021-08-18,Miami Marlins,Atlanta Braves,0,181.0,-196.0,0.3558718861209964,0.6621621621621622,0.425159431526198,0.5748405684738018,0.0692875454052016,-0.08732159368836034,True,False,0,1,0,0,159.527143050227,0,2750.2479461859134,0.0,96.0,121.0
295,6156,2022-07-29,New York Yankees,Kansas City Royals,1,-345.0,305.0,0.7752808988764045,0.2469135802469135,0.6406804375464604,0.3593195624535396,-0.13460046132994408,0.11240598220662606,False,True,0,1,0,0,137.51239730929566,0,2612.735548876618,0.0,96.0,122.0
296,5229,2022-05-20,Houston Astros,Texas Rangers,0,-167.0,154.0,0.6254681647940075,0.3937007874015748,0.6356814532387045,0.3643185467612955,0.010213288444697044,-0.029382240640279333,True,False,0,1,0,0,137.51239730929566,0,2475.2231515673225,0.0,96.0,123.0
297,1181,2020-09-18,Houston Astros,Arizona Diamondbacks,0,-161.0,148.0,0.6168582375478927,0.4032258064516129,0.6313015545062728,0.3686984454937272,0.014443316958380081,-0.03452736095788567,True,False,0,1,0,0,137.51239730929566,0,2337.710754258027,0.0,96.0,124.0
298,2527,2021-05-25,New York Yankees,Toronto Blue Jays,0,-164.0,150.0,0.6212121212121212,0.4,0.6330554684566774,0.3669445315433225,0.011843347244556157,-0.033055468456677506,True,False,0,1,0,0,137.51239730929566,0,2200.1983569487315,0.0,96.0,125.0
299,7049,2022-10-02,Chicago Cubs,Cincinnati Reds,1,-173.0,159.0,0.6336996336996337,0.3861003861003861,0.6150767358906313,0.3849232641093686,-0.018622897809002392,-0.0011771219910174935,False,False,0,0,0,0,0.0,0,2200.1983569487315,0.0,96.0,125.0
300,2651,2021-06-02,Toronto Blue Jays,Miami Marlins,1,-143.0,132.0,0.588477366255144,0.4310344827586206,0.6070469583785307,0.3929530416214692,0.018569592123386713,-0.038081441137151395,True,False,1,0,0,0,110.00991784743658,0,2277.1283694294566,76.93001248072488,97.0,125.0
301,8839,2023-06-27,Boston Red Sox,Miami Marlins,0,-116.0,106.0,0.5370370370370371,0.4854368932038835,0.5003089951392561,0.4996910048607439,-0.036728041897781005,0.014254111656860413,False,True,1,0,0,0,110.00991784743658,0,2393.7388823477395,116.61051291828278,98.0,125.0
302,5692,2022-06-22,Tampa Bay Rays,New York Yankees,0,127.0,-137.0,0.4405286343612334,0.5780590717299579,0.4566853212916325,0.5433146787083675,0.016156686930399067,-0.03474439302159038,True,False,0,1,0,0,110.00991784743658,0,2283.728964500303,0.0,98.0,126.0
303,2822,2021-06-15,Kansas City Royals,Detroit Tigers,0,-141.0,130.0,0.5850622406639004,0.4347826086956521,0.5377843129523701,0.4622156870476299,-0.04727792771153039,0.02743307835197778,False,True,1,0,0,0,110.00991784743658,0,2426.7418577019707,143.01289320166757,99.0,126.0
304,3170,2021-07-10,Texas Rangers,Oakland Athletics,0,127.0,-137.0,0.4405286343612334,0.5780590717299579,0.4453101246409199,0.5546898753590801,0.0047814902796864955,-0.023369196370877754,False,False,0,0,0,0,0.0,0,2426.7418577019707,0.0,99.0,126.0
305,6908,2022-09-22,Kansas City Royals,Minnesota Twins,1,113.0,-123.0,0.4694835680751174,0.5515695067264574,0.4999017097639305,0.5000982902360694,0.030418141688813127,-0.051471216490387994,True,False,1,0,0,0,121.33709288509854,0,2563.852772662132,137.11091496016135,100.0,126.0
306,509,2020-08-04,Tampa Bay Rays,Boston Red Sox,1,-139.0,129.0,0.5815899581589958,0.4366812227074236,0.6239896049675513,0.3760103950324487,0.04239964680855546,-0.06067082767497489,True,False,1,0,0,0,121.33709288509854,0,2651.1456452413395,87.29287257920758,101.0,126.0
307,4755,2022-04-16,Colorado Rockies,Chicago Cubs,1,-130.0,120.0,0.5652173913043478,0.4545454545454545,0.5786015201001931,0.4213984798998069,0.013384128795845274,-0.03314697464564759,True,False,1,0,0,0,121.33709288509854,0,2744.481870537569,93.33622529622966,102.0,126.0
308,5982,2022-07-13,New York Yankees,Cincinnati Reds,1,-303.0,270.0,0.7518610421836228,0.2702702702702703,0.6343038064935356,0.3656961935064644,-0.11755723569008725,0.09542592323619409,False,True,0,1,0,0,121.33709288509854,0,2623.1447776524706,0.0,102.0,127.0
309,2068,2021-04-21,Oakland Athletics,Minnesota Twins,1,-105.0,-105.0,0.5121951219512195,0.5121951219512195,0.6093863453446102,0.3906136546553898,0.0971912233933907,-0.12158146729582975,True,False,1,0,0,0,121.33709288509854,0,2738.703913733517,115.55913608104622,103.0,127.0
310,6147,2022-07-28,Boston Red Sox,Cleveland Guardians,1,104.0,-114.0,0.4901960784313725,0.5327102803738317,0.4815901828630938,0.5184098171369061,-0.008605895568278676,-0.014300463236925576,False,False,0,0,0,0,0.0,0,2738.703913733517,0.0,103.0,127.0
311,7924,2023-04-19,Boston Red Sox,Minnesota Twins,0,116.0,-126.0,0.4629629629629629,0.5575221238938053,0.4709592764435685,0.5290407235564314,0.007996313480605588,-0.028481400337373897,False,False,0,0,0,0,0.0,0,2738.703913733517,0.0,103.0,127.0
312,7032,2022-10-01,Cleveland Guardians,Kansas City Royals,0,-177.0,163.0,0.6389891696750902,0.3802281368821292,0.635040047616529,0.364959952383471,-0.0039491220585612385,-0.015268184498658188,False,False,0,0,0,0,0.0,0,2738.703913733517,0.0,103.0,127.0
313,4813,2022-04-20,New York Mets,San Francisco Giants,0,-102.0,-108.0,0.504950495049505,0.5192307692307693,0.4937324303397303,0.5062675696602696,-0.011218064709774656,-0.012963199570499628,False,False,0,0,0,0,0.0,0,2738.703913733517,0.0,103.0,127.0
314,5712,2022-06-24,Atlanta Braves,Los Angeles Dodgers,0,120.0,-130.0,0.4545454545454545,0.5652173913043478,0.4297593769454552,0.5702406230545448,-0.02478607759999929,0.0050232317501970325,False,False,0,0,0,0,0.0,0,2738.703913733517,0.0,103.0,127.0
315,6068,2022-07-22,Seattle Mariners,Houston Astros,0,103.0,-112.0,0.4926108374384236,0.5283018867924528,0.4557978918178113,0.5442021081821887,-0.036812945620612325,0.015900221389735902,False,True,1,0,0,0,136.93519568667585,0,2860.967481310906,122.26356757738917,104.0,127.0
316,3063,2021-07-02,Oakland Athletics,Boston Red Sox,0,-103.0,-106.0,0.5073891625615764,0.5145631067961165,0.4375694918120629,0.562430508187937,-0.06981967074951351,0.04786740139182055,False,True,1,0,0,0,136.93519568667585,0,2990.151628185128,129.1841468742225,105.0,127.0
317,8185,2023-05-09,Cincinnati Reds,New York Mets,1,177.0,-193.0,0.3610108303249097,0.658703071672355,0.428762509924557,0.5712374900754429,0.06775167959964729,-0.08746558159691209,True,False,1,0,0,0,136.93519568667585,0,3232.526924550544,242.37529636541626,106.0,127.0
318,6616,2022-08-31,Minnesota Twins,Boston Red Sox,0,-130.0,120.0,0.5652173913043478,0.4545454545454545,0.6278195343470794,0.3721804656529206,0.0626021430427316,-0.08236498889253385,True,False,0,1,0,0,136.93519568667585,0,3095.5917288638684,0.0,106.0,128.0
319,1131,2020-09-15,Detroit Tigers,Kansas City Royals,1,-106.0,-104.0,0.5145631067961165,0.5098039215686274,0.4395516169700044,0.5604483830299956,-0.07501148982611211,0.05064446146136814,False,True,0,1,0,0,136.93519568667585,0,2958.6565331771926,0.0,106.0,129.0
320,4106,2021-09-19,Milwaukee Brewers,Chicago Cubs,0,-213.0,193.0,0.6805111821086262,0.3412969283276451,0.6366002496366685,0.3633997503633314,-0.04391093247195765,0.02210282203568631,False,True,1,0,0,0,147.93282665885963,0,3244.1668886287916,285.5103554515991,107.0,129.0
321,6676,2022-09-05,New York Yankees,Minnesota Twins,1,-164.0,150.0,0.6212121212121212,0.4,0.6147332985915985,0.3852667014084015,-0.006478822620522684,-0.014733298591598498,False,False,0,0,0,0,0.0,0,3244.1668886287916,0.0,107.0,129.0
322,2788,2021-06-12,Los Angeles Dodgers,Texas Rangers,0,-278.0,245.0,0.7354497354497355,0.2898550724637681,0.6418780421022576,0.3581219578977423,-0.09357169334747784,0.06826688543397419,False,True,1,0,0,0,147.93282665885963,0,3606.6023139429976,362.4354253142061,108.0,129.0
323,6179,2022-07-30,Colorado Rockies,Los Angeles Dodgers,1,203.0,-222.0,0.33003300330033,0.6894409937888198,0.4166983682050266,0.5833016317949734,0.08666536490469662,-0.10613936199384644,True,False,1,0,0,0,147.93282665885963,0,3906.905952060483,300.30363811748504,109.0,129.0
324,5227,2022-05-20,Cleveland Guardians,Detroit Tigers,1,103.0,-112.0,0.4926108374384236,0.5283018867924528,0.5831586944043095,0.4168413055956905,0.09054785696588585,-0.11146058119676233,True,False,1,0,0,0,147.93282665885963,0,4059.276763519108,152.3708114586254,110.0,129.0
325,5021,2022-05-06,Houston Astros,Detroit Tigers,1,-196.0,179.0,0.6621621621621622,0.3584229390681003,0.6385956491327747,0.3614043508672253,-0.023566513029387504,0.0029814117991249778,False,False,0,0,0,0,0.0,0,4059.276763519108,0.0,110.0,129.0
326,6493,2022-08-22,Tampa Bay Rays,Los Angeles Angels,1,-204.0,188.0,0.6710526315789473,0.3472222222222222,0.6347861850133671,0.3652138149866328,-0.0362664465655802,0.01799159276441059,False,True,0,1,0,0,202.9638381759554,0,3856.3129253431525,0.0,110.0,130.0
327,2509,2021-05-23,Kansas City Royals,Detroit Tigers,1,-141.0,130.0,0.5850622406639004,0.4347826086956521,0.6079539043409214,0.3920460956590786,0.022891663677021,-0.0427365130365735,True,False,1,0,0,0,202.9638381759554,0,4000.258909865107,143.9459845219542,111.0,130.0
328,7026,2022-10-01,Washington Nationals,Philadelphia Phillies,0,168.0,-183.0,0.373134328358209,0.6466431095406361,0.4231130134150496,0.5768869865849504,0.04997868505684061,-0.06975612295568567,True,False,0,1,0,0,202.9638381759554,0,3797.2950716891514,0.0,111.0,131.0
329,6359,2022-08-13,Toronto Blue Jays,Cleveland Guardians,1,-118.0,107.0,0.5412844036697247,0.4830917874396135,0.5012363805353292,0.4987636194646709,-0.040048023134395594,0.015671832025057397,False,True,0,1,0,0,202.9638381759554,0,3594.331233513196,0.0,111.0,132.0
330,7771,2023-04-09,Detroit Tigers,Boston Red Sox,0,103.0,-113.0,0.4926108374384236,0.5305164319248826,0.4163237909720287,0.5836762090279712,-0.07628704646639489,0.05315977710308861,False,True,1,0,0,0,179.71656167565982,0,3753.3724385359037,159.0412050227078,112.0,132.0
331,5328,2022-05-27,San Diego Padres,Pittsburgh Pirates,1,-196.0,178.0,0.6621621621621622,0.3597122302158273,0.6279217288626247,0.3720782711373754,-0.03424043329953752,0.012366040921548083,False,True,0,1,0,0,179.71656167565982,0,3573.655876860244,0.0,112.0,133.0
332,4859,2022-04-24,Tampa Bay Rays,Boston Red Sox,1,-175.0,162.0,0.6363636363636364,0.3816793893129771,0.6220840306409184,0.3779159693590815,-0.014279605722717914,-0.0037634199538956192,False,False,0,0,0,0,0.0,0,3573.655876860244,0.0,112.0,133.0
333,1023,2020-09-07,Oakland Athletics,Houston Astros,1,-145.0,134.0,0.5918367346938775,0.4273504273504273,0.5799250645210612,0.4200749354789388,-0.011911670172816358,-0.00727549187148846,False,False,0,0,0,0,0.0,0,3573.655876860244,0.0,112.0,133.0
334,6199,2022-08-01,New York Yankees,Seattle Mariners,1,-179.0,164.0,0.6415770609318996,0.3787878787878788,0.6240493968482052,0.3759506031517948,-0.01752766408369444,-0.0028372756360839912,False,False,0,0,0,0,0.0,0,3573.655876860244,0.0,112.0,133.0
335,8748,2023-06-20,Detroit Tigers,Kansas City Royals,0,-138.0,128.0,0.5798319327731093,0.4385964912280701,0.6271853854304473,0.3728146145695526,0.047353452657338035,-0.06578187665851748,True,False,0,1,0,0,178.6827938430122,0,3394.9730830172316,0.0,112.0,134.0
336,6794,2022-09-13,Arizona Diamondbacks,Los Angeles Dodgers,0,176.0,-192.0,0.3623188405797101,0.6575342465753424,0.4171987381094633,0.5828012618905367,0.0548798975297532,-0.07473298468480571,True,False,0,1,0,0,178.6827938430122,0,3216.290289174219,0.0,112.0,135.0
337,7750,2023-04-07,Atlanta Braves,San Diego Padres,0,-120.0,110.0,0.5454545454545454,0.4761904761904761,0.5901655356543754,0.4098344643456247,0.044710990199829936,-0.0663560118448514,True,False,0,1,0,0,178.6827938430122,0,3037.607495331207,0.0,112.0,136.0
338,8312,2023-05-19,Pittsburgh Pirates,Arizona Diamondbacks,1,167.0,-182.0,0.3745318352059925,0.6453900709219859,0.4440689586428094,0.5559310413571907,0.0695371234368169,-0.08945902956479512,True,False,1,0,0,0,178.6827938430122,0,3336.007761049037,298.4002657178304,113.0,136.0
339,3531,2021-08-08,Cincinnati Reds,Pittsburgh Pirates,1,-233.0,209.0,0.6996996996996997,0.3236245954692556,0.641559572185852,0.358440427814148,-0.05814012751384767,0.03481583234489238,False,True,0,1,0,0,178.6827938430122,0,3157.3249672060247,0.0,113.0,137.0
340,6823,2022-09-16,Boston Red Sox,Kansas City Royals,1,-200.0,182.0,0.6666666666666666,0.3546099290780142,0.6302325543542924,0.3697674456457076,-0.036434112312374256,0.01515751656769343,False,True,0,1,0,0,157.86624836030126,0,2999.4587188457235,0.0,113.0,138.0
341,3625,2021-08-15,Pittsburgh Pirates,Milwaukee Brewers,0,188.0,-204.0,0.3472222222222222,0.6710526315789473,0.4198915933247632,0.5801084066752367,0.07266937110254101,-0.09094422490371068,True,False,0,1,0,0,157.86624836030126,0,2841.5924704854224,0.0,113.0,139.0
342,3172,2021-07-10,New York Mets,Pittsburgh Pirates,0,-189.0,174.0,0.6539792387543253,0.364963503649635,0.6411742626166688,0.3588257373833313,-0.01280497613765652,-0.00613776626630369,False,False,0,0,0,0,0.0,0,2841.5924704854224,0.0,113.0,139.0
343,2825,2021-06-15,Milwaukee Brewers,Cincinnati Reds,0,-104.0,-106.0,0.5098039215686274,0.5145631067961165,0.460083278696662,0.539916721303338,-0.049720642871965426,0.02535361450722151,False,True,1,0,0,0,157.86624836030126,0,2990.5228934668385,148.93042298141629,114.0,139.0
344,8129,2023-05-05,Tampa Bay Rays,New York Yankees,1,-186.0,171.0,0.6503496503496503,0.3690036900369003,0.583647527479976,0.4163524725200241,-0.06670212286967436,0.0473487824831238,False,True,0,1,0,0,157.86624836030126,0,2832.6566451065373,0.0,114.0,140.0
345,6810,2022-09-14,Texas Rangers,Oakland Athletics,0,-154.0,143.0,0.6062992125984252,0.411522633744856,0.6075360984430493,0.3924639015569506,0.0012368858446241138,-0.01905873218790538,False,False,0,0,0,0,0.0,0,2832.6566451065373,0.0,114.0,140.0
346,3926,2021-09-06,Boston Red Sox,Tampa Bay Rays,0,-141.0,130.0,0.5850622406639004,0.4347826086956521,0.4542666257833393,0.5457333742166606,-0.13079561488056113,0.11095076552100847,False,True,1,0,0,0,141.63283225532686,0,3016.7793270384623,184.12268193192492,115.0,140.0
347,6901,2022-09-21,Kansas City Royals,Minnesota Twins,1,131.0,-142.0,0.4329004329004329,0.5867768595041323,0.4733871717764657,0.5266128282235343,0.040486738876032824,-0.060164031280597996,True,False,1,0,0,0,141.63283225532686,0,3202.3183372929407,185.5390102544782,116.0,140.0
348,4980,2022-05-03,Baltimore Orioles,Minnesota Twins,0,145.0,-156.0,0.4081632653061224,0.609375,0.4238688696498955,0.5761311303501044,0.015705604343773105,-0.03324386964989556,True,False,0,1,0,0,141.63283225532686,0,3060.685505037614,0.0,116.0,141.0
349,8077,2023-05-01,New York Mets,Atlanta Braves,0,108.0,-118.0,0.4807692307692308,0.5412844036697247,0.4522651949488541,0.5477348050511459,-0.028504035820376694,0.006450401381421167,False,False,0,0,0,0,0.0,0,3060.685505037614,0.0,116.0,141.0
350,6216,2022-08-02,Minnesota Twins,Detroit Tigers,0,-179.0,164.0,0.6415770609318996,0.3787878787878788,0.6284680002552161,0.3715319997447839,-0.013109060676683493,-0.007255879043094882,False,False,0,0,0,0,0.0,0,3060.685505037614,0.0,116.0,141.0
351,5276,2022-05-23,Arizona Diamondbacks,Kansas City Royals,1,-108.0,-102.0,0.5192307692307693,0.504950495049505,0.6126211075701811,0.387378892429819,0.0933903383394118,-0.11757160261968597,True,False,1,0,0,0,153.0342752518807,0,3202.3839080486146,141.69840301100064,117.0,141.0
352,6937,2022-09-24,Oakland Athletics,New York Mets,1,319.0,-360.0,0.2386634844868735,0.782608695652174,0.4178623437647776,0.5821376562352224,0.1791988592779041,-0.20047103941695155,True,False,1,0,0,0,153.0342752518807,0,3690.563246102114,488.1793380534994,118.0,141.0
353,6553,2022-08-27,Boston Red Sox,Tampa Bay Rays,1,116.0,-127.0,0.4629629629629629,0.5594713656387665,0.4582166607478847,0.5417833392521153,-0.004746302215078213,-0.017688026386651234,False,False,0,0,0,0,0.0,0,3690.563246102114,0.0,118.0,141.0
354,2136,2021-04-26,Tampa Bay Rays,Oakland Athletics,0,109.0,-119.0,0.4784688995215311,0.54337899543379,0.4899332021990382,0.5100667978009618,0.011464302677507088,-0.03331219763282822,True,False,0,1,0,0,153.0342752518807,0,3537.5289708502332,0.0,118.0,142.0
355,5548,2022-06-12,Philadelphia Phillies,Arizona Diamondbacks,0,-185.0,170.0,0.6491228070175439,0.3703703703703703,0.6360860971079392,0.3639139028920608,-0.013036709909604705,-0.006456467478309469,False,False,0,0,0,0,0.0,0,3537.5289708502332,0.0,118.0,142.0
356,641,2020-08-12,Los Angeles Dodgers,San Diego Padres,1,-159.0,146.0,0.6138996138996139,0.4065040650406504,0.5748964091580835,0.4251035908419165,-0.039003204741530406,0.018599525801266115,False,True,0,1,0,0,176.87644854251167,0,3360.6525223077215,0.0,118.0,143.0
357,6131,2022-07-27,Milwaukee Brewers,Minnesota Twins,1,-192.0,175.0,0.6575342465753424,0.3636363636363636,0.6121567249726634,0.3878432750273365,-0.04537752160267905,0.02420691139097292,False,True,0,1,0,0,176.87644854251167,0,3183.7760737652097,0.0,118.0,144.0
358,8319,2023-05-19,Atlanta Braves,Seattle Mariners,1,-141.0,130.0,0.5850622406639004,0.4347826086956521,0.6295534476553684,0.3704465523446316,0.04449120699146791,-0.06433605635102052,True,False,1,0,0,0,176.87644854251167,0,3309.220363511672,125.44428974646218,119.0,144.0
359,8459,2023-05-29,Arizona Diamondbacks,Colorado Rockies,1,-193.0,177.0,0.658703071672355,0.3610108303249097,0.6250410690058426,0.3749589309941574,-0.033662002666512425,0.013948100669247676,False,True,0,1,0,0,176.87644854251167,0,3132.3439149691603,0.0,119.0,145.0
360,3708,2021-08-21,Los Angeles Dodgers,New York Mets,1,-263.0,237.0,0.7245179063360881,0.2967359050445103,0.6399706058069853,0.3600293941930147,-0.08454730052910286,0.06329348914850441,False,True,0,1,0,0,156.61719574845802,0,2975.7267192207023,0.0,119.0,146.0
361,6684,2022-09-05,Los Angeles Angels,Detroit Tigers,1,-175.0,161.0,0.6363636363636364,0.3831417624521073,0.6066362639340555,0.3933637360659445,-0.0297273724295809,0.010221973613837199,False,True,0,1,0,0,156.61719574845802,0,2819.1095234722443,0.0,119.0,147.0
362,2800,2021-06-13,Oakland Athletics,Kansas City Royals,1,-185.0,171.0,0.6491228070175439,0.3690036900369003,0.637784605610497,0.362215394389503,-0.011338201407046888,-0.006788295647397302,False,False,0,0,0,0,0.0,0,2819.1095234722443,0.0,119.0,147.0
363,6172,2022-07-30,Cincinnati Reds,Baltimore Orioles,1,-105.0,-105.0,0.5121951219512195,0.5121951219512195,0.4748635696853934,0.5251364303146066,-0.03733155226582613,0.012941308363387027,False,True,0,1,0,0,156.61719574845802,0,2662.4923277237863,0.0,119.0,148.0
364,7841,2023-04-14,Toronto Blue Jays,Tampa Bay Rays,1,126.0,-136.0,0.4424778761061947,0.576271186440678,0.4172868620769341,0.5827131379230659,-0.025191014029260606,0.006441951482387909,False,False,0,0,0,0,0.0,0,2662.4923277237863,0.0,119.0,148.0
365,526,2020-08-05,Washington Nationals,New York Mets,0,-213.0,196.0,0.6805111821086262,0.3378378378378378,0.63954309556706,0.36045690443294,-0.04096808654156614,0.02261906659510221,False,True,1,0,0,0,133.12461638618933,0,2923.4165758407175,260.9242481169311,120.0,148.0
366,4001,2021-09-11,New York Mets,New York Yankees,0,112.0,-122.0,0.4716981132075472,0.5495495495495496,0.5355700826242478,0.4644299173757522,0.06387196941670059,-0.08511963217379742,True,False,0,1,0,0,133.12461638618933,0,2790.2919594545283,0.0,120.0,149.0
367,8874,2023-06-29,New York Mets,Milwaukee Brewers,0,-181.0,166.0,0.6441281138790036,0.3759398496240601,0.5736556640058197,0.4263443359941803,-0.0704724498731839,0.05040448637012024,False,True,1,0,0,0,133.12461638618933,0,3011.2788226556027,220.98686320107427,121.0,149.0
368,6661,2022-09-04,Baltimore Orioles,Oakland Athletics,0,-172.0,157.0,0.6323529411764706,0.3891050583657587,0.6349831621085442,0.3650168378914558,0.002630220932073657,-0.024088220474302924,False,False,0,0,0,0,0.0,0,3011.2788226556027,0.0,121.0,149.0
369,8354,2023-05-21,Texas Rangers,Colorado Rockies,1,-205.0,188.0,0.6721311475409836,0.3472222222222222,0.6408391221830725,0.3591608778169275,-0.03129202535791109,0.011938655594705305,False,True,0,1,0,0,133.12461638618933,0,2878.1542062694134,0.0,121.0,150.0
370,5620,2022-06-17,Detroit Tigers,Texas Rangers,0,-120.0,110.0,0.5454545454545454,0.4761904761904761,0.5031763223972183,0.4968236776027816,-0.04227822305732709,0.020633201412305513,False,True,1,0,0,0,143.9077103134707,0,3036.4526876142313,158.29848134481776,122.0,150.0
371,5174,2022-05-16,Texas Rangers,Los Angeles Angels,1,123.0,-133.0,0.4484304932735426,0.5708154506437768,0.4255075362968101,0.5744924637031898,-0.022922956976732523,0.003677013059413037,False,False,0,0,0,0,0.0,0,3036.4526876142313,0.0,122.0,150.0
372,8229,2023-05-12,Colorado Rockies,Philadelphia Phillies,0,132.0,-143.0,0.4310344827586206,0.588477366255144,0.4311109093841482,0.5688890906158518,7.64266255275925e-05,-0.01958827563929222,False,False,0,0,0,0,0.0,0,3036.4526876142313,0.0,122.0,150.0
373,6195,2022-07-31,San Diego Padres,Minnesota Twins,1,-147.0,136.0,0.5951417004048583,0.423728813559322,0.5861106987665687,0.4138893012334312,-0.009031001638289515,-0.009839512325890809,False,False,0,0,0,0,0.0,0,3036.4526876142313,0.0,122.0,150.0
374,5253,2022-05-22,Boston Red Sox,Seattle Mariners,1,-125.0,115.0,0.5555555555555556,0.4651162790697674,0.6216871036058893,0.3783128963941107,0.06613154805033372,-0.08680338267565668,True,False,1,0,0,0,143.9077103134707,0,3151.578855865008,115.12616825077656,123.0,150.0
375,2301,2021-05-08,Oakland Athletics,Tampa Bay Rays,1,120.0,-130.0,0.4545454545454545,0.5652173913043478,0.4953018691451517,0.5046981308548483,0.0407564145996972,-0.06051926044949951,True,False,1,0,0,0,157.5789427932504,0,3340.6735872169083,189.0947313519005,124.0,150.0
376,5829,2022-07-02,Cincinnati Reds,Atlanta Braves,0,157.0,-172.0,0.3891050583657587,0.6323529411764706,0.4173165230363034,0.5826834769636966,0.028211464670544695,-0.04966946421277396,True,False,0,1,0,0,157.5789427932504,0,3183.094644423658,0.0,124.0,151.0
377,6769,2022-09-11,Seattle Mariners,Atlanta Braves,1,113.0,-123.0,0.4694835680751174,0.5515695067264574,0.4562481065142368,0.5437518934857632,-0.013235461560880568,-0.007817613240694188,False,False,0,0,0,0,0.0,0,3183.094644423658,0.0,124.0,151.0
378,3233,2021-07-18,Pittsburgh Pirates,New York Mets,0,134.0,-145.0,0.4273504273504273,0.5918367346938775,0.4722102430142279,0.527789756985772,0.04485981566380065,-0.06404697770810552,True,False,0,1,0,0,157.5789427932504,0,3025.5157016304074,0.0,124.0,152.0
379,8383,2023-05-23,Los Angeles Angels,Boston Red Sox,1,-102.0,-108.0,0.504950495049505,0.5192307692307693,0.5321936183510867,0.4678063816489133,0.02724312330158174,-0.05142438758185597,True,False,1,0,0,0,157.5789427932504,0,3180.004861231633,154.48915960122588,125.0,152.0
380,4811,2022-04-20,Detroit Tigers,New York Yankees,0,150.0,-164.0,0.4,0.6212121212121212,0.4246129232471887,0.5753870767528113,0.024612923247188667,-0.045825044459309905,True,False,0,1,0,0,159.00024306158167,0,3021.0046181700513,0.0,125.0,153.0
381,4753,2022-04-16,Baltimore Orioles,New York Yankees,0,161.0,-175.0,0.3831417624521073,0.6363636363636364,0.4318779313006293,0.5681220686993707,0.048736168848522,-0.0682415676642657,True,False,0,1,0,0,159.00024306158167,0,2862.0043751084695,0.0,125.0,154.0
382,8155,2023-05-06,Seattle Mariners,Houston Astros,1,-108.0,-102.0,0.5192307692307693,0.504950495049505,0.4613377342294465,0.5386622657705534,-0.05789303500132276,0.03371177072104847,False,True,0,1,0,0,159.00024306158167,0,2703.0041320468877,0.0,125.0,155.0
383,3951,2021-09-08,Colorado Rockies,San Francisco Giants,0,140.0,-152.0,0.4166666666666667,0.6031746031746031,0.4173305895153112,0.5826694104846888,0.000663922848644527,-0.020505192689914353,False,False,0,0,0,0,0.0,0,2703.0041320468877,0.0,125.0,155.0
384,5764,2022-06-28,Washington Nationals,Pittsburgh Pirates,1,-109.0,-101.0,0.5215311004784688,0.5024875621890548,0.5496481646633863,0.4503518353366137,0.02811706418491744,-0.052135726852441056,True,False,1,0,0,0,159.00024306158167,0,2848.875914672192,145.8717826253043,126.0,155.0
385,5962,2022-07-12,New York Yankees,Cincinnati Reds,0,-294.0,262.0,0.7461928934010152,0.2762430939226519,0.6337754928942076,0.3662245071057923,-0.1124174005068076,0.0899814131831404,False,True,1,0,0,0,142.4437957336096,0,3222.0786594942488,373.2027448220571,127.0,155.0
386,3808,2021-08-28,Minnesota Twins,Milwaukee Brewers,1,135.0,-145.0,0.425531914893617,0.5918367346938775,0.4674445842494621,0.5325554157505379,0.04191266935584509,-0.059281318943339656,True,False,1,0,0,0,142.4437957336096,0,3414.3777837346215,192.29912424037295,128.0,155.0
387,3303,2021-07-23,Chicago Cubs,Arizona Diamondbacks,1,-135.0,126.0,0.574468085106383,0.4424778761061947,0.610911710521423,0.3890882894785769,0.03644362541503998,-0.053389586627617835,True,False,1,0,0,0,142.4437957336096,0,3519.8917065002584,105.51392276563672,129.0,155.0
388,4860,2022-04-24,Washington Nationals,San Francisco Giants,0,196.0,-213.0,0.3378378378378378,0.6805111821086262,0.4166487465978447,0.5833512534021552,0.0788109087600069,-0.09715992870647094,True,False,0,1,0,0,142.4437957336096,0,3377.447910766649,0.0,129.0,156.0
389,8006,2023-04-26,Baltimore Orioles,Boston Red Sox,1,-115.0,105.0,0.5348837209302325,0.4878048780487805,0.5394035165560634,0.4605964834439365,0.004519795625830936,-0.027208394604843977,False,False,0,0,0,0,0.0,0,3377.447910766649,0.0,129.0,156.0
390,4000,2021-09-11,Atlanta Braves,Miami Marlins,0,-244.0,220.0,0.7093023255813954,0.3125,0.6364522660693728,0.3635477339306273,-0.07285005951202261,0.05104773393062728,False,True,1,0,0,0,168.87239553833246,0,3748.9671809509805,371.51927018433145,130.0,156.0
391,6447,2022-08-19,New York Yankees,Toronto Blue Jays,0,-105.0,-105.0,0.5121951219512195,0.5121951219512195,0.4730583523341894,0.5269416476658105,-0.03913676961703011,0.014746525714591008,False,True,1,0,0,0,168.87239553833246,0,3909.7980338446305,160.83085289364996,131.0,156.0
392,8474,2023-05-30,Houston Astros,Minnesota Twins,1,115.0,-125.0,0.4651162790697674,0.5555555555555556,0.564592025117553,0.435407974882447,0.09947574604778564,-0.1201475806731086,True,False,1,0,0,0,168.87239553833246,0,4104.001288713713,194.20325486908231,132.0,156.0
393,2670,2021-06-03,San Diego Padres,New York Mets,1,-175.0,160.0,0.6363636363636364,0.3846153846153846,0.5820982486608299,0.41790175133917,-0.05426538770280642,0.03328636672378543,False,True,0,1,0,0,168.87239553833246,0,3935.12889317538,0.0,132.0,157.0
394,8583,2023-06-07,Los Angeles Angels,Chicago Cubs,1,-130.0,120.0,0.5652173913043478,0.4545454545454545,0.5940225883410803,0.4059774116589196,0.028805197036732566,-0.04856804288653488,True,False,1,0,0,0,168.87239553833246,0,4065.0307358971745,129.9018427217942,133.0,157.0
395,1979,2021-04-15,Atlanta Braves,Miami Marlins,1,-159.0,147.0,0.6138996138996139,0.4048582995951417,0.5144100221849188,0.4855899778150812,-0.09948959171469507,0.08073167821993948,False,True,0,1,0,0,203.25153679485874,0,3861.779199102316,0.0,133.0,158.0
396,6026,2022-07-16,Washington Nationals,Atlanta Braves,0,212.0,-233.0,0.3205128205128205,0.6996996996996997,0.4172674496276,0.5827325503723999,0.0967546291147795,-0.11696714932729979,True,False,0,1,0,0,203.25153679485874,0,3658.5276623074574,0.0,133.0,159.0
397,5044,2022-05-07,Atlanta Braves,Milwaukee Brewers,1,103.0,-112.0,0.4926108374384236,0.5283018867924528,0.4206276752240462,0.5793723247759538,-0.0719831622143774,0.05107043798350097,False,True,0,1,0,0,203.25153679485874,0,3455.276125512599,0.0,133.0,160.0
398,682,2020-08-15,Los Angeles Angels,Los Angeles Dodgers,0,142.0,-154.0,0.4132231404958678,0.6062992125984252,0.4166602189463826,0.5833397810536173,0.00343707845051483,-0.02295943154480795,False,False,0,0,0,0,0.0,0,3455.276125512599,0.0,133.0,160.0
399,5270,2022-05-23,Washington Nationals,Los Angeles Dodgers,0,190.0,-208.0,0.3448275862068966,0.6753246753246753,0.4168780391229243,0.5831219608770757,0.07205045291602774,-0.09220271444759964,True,False,0,1,0,0,203.25153679485874,0,3252.0245887177402,0.0,133.0,161.0
400,6799,2022-09-14,Detroit Tigers,Houston Astros,0,222.0,-250.0,0.3105590062111801,0.7142857142857143,0.4169436060710491,0.5830563939289509,0.10638459985986898,-0.13122932035676338,True,False,0,1,0,0,162.60122943588703,0,3089.423359281853,0.0,133.0,162.0
401,7902,2023-04-18,Boston Red Sox,Minnesota Twins,1,101.0,-111.0,0.4975124378109453,0.5260663507109005,0.4569490417190087,0.5430509582809913,-0.0405633960919366,0.016984607570090793,False,True,0,1,0,0,162.60122943588703,0,2926.822129845966,0.0,133.0,163.0
402,8200,2023-05-10,Milwaukee Brewers,Los Angeles Dodgers,0,148.0,-161.0,0.4032258064516129,0.6168582375478927,0.427340443674704,0.572659556325296,0.024114637223091095,-0.044198681222596736,True,False,0,1,0,0,162.60122943588703,0,2764.220900410079,0.0,133.0,164.0
403,4977,2022-05-03,New York Mets,Atlanta Braves,1,-108.0,-102.0,0.5192307692307693,0.504950495049505,0.5515196316733448,0.4484803683266552,0.03228886244257556,-0.056470126722849734,True,False,1,0,0,0,162.60122943588703,0,2914.7775943321967,150.55669392211763,134.0,164.0
404,4934,2022-04-29,Colorado Rockies,Cincinnati Reds,1,-116.0,106.0,0.5370370370370371,0.4854368932038835,0.6328472353185868,0.3671527646814133,0.09581019828154969,-0.11828412852247022,True,False,1,0,0,0,162.60122943588703,0,3054.9510679838236,140.17347365162675,135.0,164.0
405,6144,2022-07-28,Pittsburgh Pirates,Philadelphia Phillies,0,170.0,-185.0,0.3703703703703703,0.6491228070175439,0.4237379250194162,0.5762620749805838,0.05336755464904591,-0.07286073203696009,True,False,0,1,0,0,152.7475533991912,0,2902.2035145846326,0.0,135.0,165.0
406,7823,2023-04-12,Baltimore Orioles,Oakland Athletics,0,-177.0,163.0,0.6389891696750902,0.3802281368821292,0.6418781382935035,0.3581218617064965,0.002888968618413257,-0.022106275175632684,False,False,0,0,0,0,0.0,0,2902.2035145846326,0.0,135.0,165.0
407,6601,2022-08-30,Milwaukee Brewers,Pittsburgh Pirates,0,-175.0,161.0,0.6363636363636364,0.3831417624521073,0.6402578517909174,0.3597421482090826,0.003894215427281078,-0.02339961424302467,False,False,0,0,0,0,0.0,0,2902.2035145846326,0.0,135.0,165.0
408,5143,2022-05-14,Pittsburgh Pirates,Cincinnati Reds,1,102.0,-112.0,0.495049504950495,0.5283018867924528,0.4715694058487165,0.5284305941512835,-0.023480099101778507,0.00012870735883063755,False,False,0,0,0,0,0.0,0,2902.2035145846326,0.0,135.0,165.0
409,2103,2021-04-24,Boston Red Sox,Seattle Mariners,0,-189.0,173.0,0.6539792387543253,0.3663003663003663,0.6140010203589263,0.3859989796410736,-0.039978218395398946,0.019698613340707327,False,True,1,0,0,0,152.7475533991912,0,3166.4567819652334,264.25326738060073,136.0,165.0
410,6608,2022-08-31,Cleveland Guardians,Baltimore Orioles,0,-161.0,149.0,0.6168582375478927,0.4016064257028112,0.6155377704619847,0.3844622295380153,-0.0013204670859080503,-0.0171441961647959,False,False,0,0,0,0,0.0,0,3166.4567819652334,0.0,136.0,165.0
411,5987,2022-07-13,Chicago Cubs,Baltimore Orioles,0,-135.0,125.0,0.574468085106383,0.4444444444444444,0.4822007654933464,0.5177992345066535,-0.09226731961303664,0.07335479006220913,False,True,1,0,0,0,158.32283909826168,0,3364.3603308380607,197.90354887282712,137.0,165.0
412,2441,2021-05-18,Oakland Athletics,Houston Astros,1,-105.0,-105.0,0.5121951219512195,0.5121951219512195,0.475615462540003,0.524384537459997,-0.03657965941121655,0.012189415508777501,False,True,0,1,0,0,158.32283909826168,0,3206.037491739799,0.0,137.0,166.0
413,6492,2022-08-22,New York Yankees,New York Mets,1,145.0,-156.0,0.4081632653061224,0.609375,0.4548247147103531,0.5451752852896469,0.04666144940423067,-0.06419971471035313,True,False,1,0,0,0,158.32283909826168,0,3435.6056084322786,229.56811669247944,138.0,166.0
414,3913,2021-09-05,Tampa Bay Rays,Minnesota Twins,0,-200.0,185.0,0.6666666666666666,0.3508771929824561,0.6398553811448995,0.3601446188551005,-0.026811285521767148,0.009267425872644397,False,False,0,0,0,0,0.0,0,3435.6056084322786,0.0,138.0,166.0
415,6533,2022-08-25,New York Mets,Colorado Rockies,1,-400.0,355.0,0.8,0.2197802197802197,0.6414379451669714,0.3585620548330286,-0.15856205483302865,0.13878183505280892,False,True,0,1,0,0,171.78028042161395,0,3263.8253280106646,0.0,138.0,167.0
416,3014,2021-06-29,Cincinnati Reds,San Diego Padres,0,136.0,-147.0,0.423728813559322,0.5951417004048583,0.4454179889705346,0.5545820110294654,0.02168917541121257,-0.04055968937539289,True,False,0,1,0,0,171.78028042161395,0,3092.0450475890507,0.0,138.0,168.0
417,4947,2022-04-30,Texas Rangers,Atlanta Braves,1,-101.0,-109.0,0.5024875621890548,0.5215311004784688,0.4237895855267584,0.5762104144732416,-0.07869797666229639,0.05467931399477277,False,True,0,1,0,0,171.78028042161395,0,2920.2647671674367,0.0,138.0,169.0
418,6455,2022-08-19,Oakland Athletics,Seattle Mariners,0,122.0,-132.0,0.4504504504504504,0.5689655172413793,0.4219808985024327,0.5780191014975672,-0.0284695519480177,0.009053584256187852,False,False,0,0,0,0,0.0,0,2920.2647671674367,0.0,138.0,169.0
419,5787,2022-06-29,Toronto Blue Jays,Boston Red Sox,0,-161.0,148.0,0.6168582375478927,0.4032258064516129,0.5923539687433871,0.4076460312566129,-0.024504268804505625,0.004420224805000039,False,False,0,0,0,0,0.0,0,2920.2647671674367,0.0,138.0,169.0
420,7970,2023-04-23,Cleveland Guardians,Miami Marlins,1,-112.0,102.0,0.5283018867924528,0.495049504950495,0.4834741384421674,0.5165258615578325,-0.04482774835028541,0.021476356607337543,False,True,0,1,0,0,146.01323835837184,0,2774.251528809065,0.0,138.0,170.0
421,5213,2022-05-19,Baltimore Orioles,New York Yankees,1,188.0,-204.0,0.3472222222222222,0.6710526315789473,0.4175963373069893,0.5824036626930107,0.0703741150847671,-0.08864896888593665,True,False,1,0,0,0,146.01323835837184,0,3048.756416922804,274.504888113739,139.0,170.0
422,5857,2022-07-04,San Diego Padres,Seattle Mariners,0,-182.0,166.0,0.6453900709219859,0.3759398496240601,0.5960676698899593,0.4039323301100407,-0.049322401032026564,0.02799248048598063,False,True,1,0,0,0,146.01323835837184,0,3291.138392597701,242.38197567489723,140.0,170.0
423,1233,2020-09-22,Toronto Blue Jays,New York Yankees,0,225.0,-250.0,0.3076923076923077,0.7142857142857143,0.4379406469333214,0.5620593530666785,0.1302483392410137,-0.15222636121903577,True,False,0,1,0,0,146.01323835837184,0,3145.1251542393293,0.0,140.0,171.0
424,598,2020-08-09,Seattle Mariners,Colorado Rockies,1,158.0,-172.0,0.3875968992248062,0.6323529411764706,0.4165019041699092,0.5834980958300908,0.028905004945102952,-0.04885484534637974,True,False,1,0,0,0,146.01323835837184,0,3375.826070845557,230.7009166062275,141.0,171.0
425,6551,2022-08-26,Seattle Mariners,Cleveland Guardians,1,101.0,-111.0,0.4975124378109453,0.5260663507109005,0.5269744745968978,0.4730255254031021,0.02946203678595255,-0.053040825307798356,True,False,1,0,0,0,168.79130354227786,0,3546.3052874232576,170.47921657770064,142.0,171.0
426,926,2020-09-01,Pittsburgh Pirates,Chicago Cubs,0,146.0,-159.0,0.4065040650406504,0.6138996138996139,0.4197086636530377,0.5802913363469623,0.01320459861238732,-0.03360827755265161,True,False,0,1,0,0,168.79130354227786,0,3377.5139838809796,0.0,142.0,172.0
427,5137,2022-05-14,Atlanta Braves,San Diego Padres,1,-123.0,114.0,0.5515695067264574,0.4672897196261682,0.4496125138295989,0.5503874861704011,-0.10195699289685856,0.0830977665442329,False,True,0,1,0,0,168.79130354227786,0,3208.7226803387016,0.0,142.0,173.0
428,3333,2021-07-25,Baltimore Orioles,Washington Nationals,1,-122.0,112.0,0.5495495495495496,0.4716981132075472,0.4941595746349817,0.5058404253650183,-0.055389974914567874,0.0341423121574711,False,True,0,1,0,0,168.79130354227786,0,3039.9313767964236,0.0,142.0,174.0
429,8075,2023-04-30,Houston Astros,Philadelphia Phillies,1,-143.0,132.0,0.588477366255144,0.4310344827586206,0.5630134456021979,0.4369865543978021,-0.025463920652946115,0.005952071639181489,False,False,0,0,0,0,0.0,0,3039.9313767964236,0.0,142.0,174.0
430,3181,2021-07-10,San Diego Padres,Colorado Rockies,0,-179.0,164.0,0.6415770609318996,0.3787878787878788,0.6320591377285845,0.3679408622714155,-0.009517923203315126,-0.010847016516463304,False,False,0,0,0,0,0.0,0,3039.9313767964236,0.0,142.0,174.0
431,647,2020-08-13,Chicago Cubs,Milwaukee Brewers,1,-175.0,160.0,0.6363636363636364,0.3846153846153846,0.6379586796266896,0.3620413203733104,0.001595043263053264,-0.0225740642420742,False,False,0,0,0,0,0.0,0,3039.9313767964236,0.0,142.0,174.0
432,2920,2021-06-22,Miami Marlins,Toronto Blue Jays,0,-114.0,104.0,0.5327102803738317,0.4901960784313725,0.5249174562532947,0.4750825437467053,-0.007792824120537056,-0.015113534684667196,False,False,0,0,0,0,0.0,0,3039.9313767964236,0.0,142.0,174.0
433,6343,2022-08-12,Miami Marlins,Atlanta Braves,0,134.0,-145.0,0.4273504273504273,0.5918367346938775,0.426433826911024,0.573566173088976,-0.0009166004394032812,-0.018270561604901592,False,False,0,0,0,0,0.0,0,3039.9313767964236,0.0,142.0,174.0
434,7811,2023-04-11,Los Angeles Angels,Washington Nationals,1,-290.0,258.0,0.7435897435897436,0.2793296089385474,0.6354749666611412,0.3645250333388588,-0.10811477692860239,0.08519542440031136,False,True,0,1,0,0,151.99656883982118,0,2887.9348079566025,0.0,142.0,175.0
435,678,2020-08-15,Houston Astros,Seattle Mariners,1,-208.0,189.0,0.6753246753246753,0.3460207612456747,0.6417716317027248,0.3582283682972752,-0.03355304362195055,0.01220760705160051,False,True,0,1,0,0,144.39674039783014,0,2743.5380675587726,0.0,142.0,176.0
436,6596,2022-08-30,Detroit Tigers,Seattle Mariners,0,155.0,-169.0,0.392156862745098,0.6282527881040892,0.4505658123320261,0.5494341876679739,0.058408949586928105,-0.07881860043611533,True,False,0,1,0,0,144.39674039783014,0,2599.1413271609426,0.0,142.0,177.0
437,3669,2021-08-18,New York Yankees,Boston Red Sox,1,-106.0,-104.0,0.5145631067961165,0.5098039215686274,0.5908257866358463,0.4091742133641537,0.07626267983972979,-0.1006297082044737,True,False,1,0,0,0,144.39674039783014,0,2735.364667158896,136.22333999795296,143.0,177.0
438,4097,2021-09-19,Washington Nationals,Colorado Rockies,1,-106.0,-104.0,0.5145631067961165,0.5098039215686274,0.4634316218188634,0.5365683781811366,-0.05113148497725312,0.026764456612509147,False,True,0,1,0,0,144.39674039783014,0,2590.967926761066,0.0,143.0,178.0
439,556,2020-08-07,Tampa Bay Rays,New York Yankees,1,102.0,-112.0,0.495049504950495,0.5283018867924528,0.4385216119716222,0.5614783880283777,-0.056527892978872785,0.03317650123592486,False,True,0,1,0,0,144.39674039783014,0,2446.571186363236,0.0,143.0,179.0
440,759,2020-08-21,Washington Nationals,Miami Marlins,0,-204.0,187.0,0.6710526315789473,0.3484320557491289,0.6305989600529269,0.3694010399470731,-0.04045367152602042,0.020968984197944185,False,True,1,0,0,0,122.32855931816181,0,2675.3255922881985,228.75440592496258,144.0,179.0
441,6318,2022-08-09,Los Angeles Dodgers,Minnesota Twins,1,-204.0,188.0,0.6710526315789473,0.3472222222222222,0.6363474771262327,0.3636525228737672,-0.034705154452714604,0.016430300651544993,False,True,0,1,0,0,122.32855931816181,0,2552.997032970037,0.0,144.0,180.0
442,4921,2022-04-28,Atlanta Braves,Chicago Cubs,1,-175.0,161.0,0.6363636363636364,0.3831417624521073,0.557809641596738,0.442190358403262,-0.0785539947668984,0.05904859595115469,False,True,0,1,0,0,122.32855931816181,0,2430.668473651875,0.0,144.0,181.0
443,8297,2023-05-17,Baltimore Orioles,Los Angeles Angels,1,-139.0,129.0,0.5815899581589958,0.4366812227074236,0.6142453698499509,0.385754630150049,0.032655411690955094,-0.050926592557374584,True,False,1,0,0,0,122.32855931816181,0,2518.674631434725,88.00615778285022,145.0,181.0
444,5411,2022-06-02,New York Yankees,Los Angeles Angels,1,-120.0,110.0,0.5454545454545454,0.4761904761904761,0.6150819824454246,0.3849180175545754,0.06962743699087914,-0.09127245863590072,True,False,1,0,0,0,122.32855931816181,0,2620.6150975331934,101.94046609846818,146.0,181.0
445,5966,2022-07-12,Minnesota Twins,Milwaukee Brewers,0,-135.0,125.0,0.574468085106383,0.4444444444444444,0.5363697654684658,0.4636302345315341,-0.03809831963791721,0.019185790087089705,False,True,1,0,0,0,131.03075487665967,0,2784.403541129018,163.7884435958246,147.0,181.0
446,8849,2023-06-27,Arizona Diamondbacks,Tampa Bay Rays,1,-120.0,110.0,0.5454545454545454,0.4761904761904761,0.4559786960970464,0.5440213039029536,-0.08947584935749903,0.06783082771247745,False,True,0,1,0,0,131.03075487665967,0,2653.3727862523583,0.0,147.0,182.0
447,741,2020-08-19,Oakland Athletics,Arizona Diamondbacks,1,-167.0,153.0,0.6254681647940075,0.3952569169960474,0.5704272953048903,0.4295727046951097,-0.05504086948911713,0.034315787699062295,False,True,0,1,0,0,131.03075487665967,0,2522.3420313756988,0.0,147.0,183.0
448,6060,2022-07-22,New York Mets,San Diego Padres,0,-179.0,163.0,0.6415770609318996,0.3802281368821292,0.5895714590060601,0.4104285409939398,-0.05200560192583947,0.03020040411181063,False,True,1,0,0,0,131.03075487665967,0,2735.922161824654,213.58013044895526,148.0,183.0
449,2423,2021-05-17,Chicago Cubs,Washington Nationals,1,-145.0,135.0,0.5918367346938775,0.425531914893617,0.5955679017296032,0.4044320982703968,0.0037311670357256244,-0.021099816623220247,False,False,0,0,0,0,0.0,0,2735.922161824654,0.0,148.0,183.0
450,4830,2022-04-22,Philadelphia Phillies,Milwaukee Brewers,1,-120.0,111.0,0.5454545454545454,0.4739336492890995,0.4437134446094991,0.5562865553905009,-0.10174110084504634,0.08235290610140139,False,True,0,1,0,0,136.7961080912327,0,2599.126053733421,0.0,148.0,184.0
451,802,2020-08-23,Seattle Mariners,Texas Rangers,1,121.0,-132.0,0.4524886877828054,0.5689655172413793,0.5857622522218104,0.4142377477781896,0.13327356443900507,-0.15472776946318972,True,False,1,0,0,0,136.7961080912327,0,2764.6493445238125,165.52329079039157,149.0,184.0
452,6256,2022-08-05,New York Mets,Atlanta Braves,0,-130.0,119.0,0.5652173913043478,0.45662100456621,0.5333694739078845,0.4666305260921156,-0.03184791739646331,0.010009521525905563,False,True,1,0,0,0,136.7961080912327,0,2927.4367131523795,162.7873686285669,150.0,184.0
453,2525,2021-05-25,Miami Marlins,Philadelphia Phillies,0,-123.0,114.0,0.5515695067264574,0.4672897196261682,0.5975670061000167,0.4024329938999834,0.045997499373559236,-0.06485672572618484,True,False,0,1,0,0,136.7961080912327,0,2790.6406050611467,0.0,150.0,185.0
454,8183,2023-05-09,Pittsburgh Pirates,Colorado Rockies,0,-162.0,149.0,0.6183206106870229,0.4016064257028112,0.6249285281796861,0.3750714718203138,0.006607917492663207,-0.02653495388249738,False,False,0,0,0,0,0.0,0,2790.6406050611467,0.0,150.0,185.0
455,8596,2023-06-08,Los Angeles Angels,Chicago Cubs,1,-127.0,117.0,0.5594713656387665,0.4608294930875576,0.6109451382984115,0.3890548617015885,0.05147377265964492,-0.07177463138596912,True,False,1,0,0,0,139.53203025305734,0,2900.508345417885,109.86774035673807,151.0,185.0
456,2672,2021-06-04,Philadelphia Phillies,Washington Nationals,0,-116.0,106.0,0.5370370370370371,0.4854368932038835,0.6231458794742362,0.3768541205257639,0.08610884243719907,-0.10858277267811961,True,False,0,1,0,0,139.53203025305734,0,2760.9763151648276,0.0,151.0,186.0
457,5607,2022-06-16,Washington Nationals,Philadelphia Phillies,0,188.0,-204.0,0.3472222222222222,0.6710526315789473,0.4188444463201104,0.5811555536798896,0.07162222409788821,-0.08989707789905776,True,False,0,1,0,0,139.53203025305734,0,2621.4442849117704,0.0,151.0,187.0
458,8276,2023-05-16,Baltimore Orioles,Los Angeles Angels,1,-131.0,121.0,0.5670995670995671,0.4524886877828054,0.5591672274766201,0.4408327725233799,-0.007932339622947038,-0.011655915259425498,False,False,0,0,0,0,0.0,0,2621.4442849117704,0.0,151.0,187.0
459,3706,2021-08-21,Chicago Cubs,Kansas City Royals,0,-115.0,105.0,0.5348837209302325,0.4878048780487805,0.5433092750923423,0.4566907249076578,0.008425554162109772,-0.031114153141122702,False,False,0,0,0,0,0.0,0,2621.4442849117704,0.0,151.0,187.0
460,735,2020-08-19,New York Yankees,Tampa Bay Rays,0,-182.0,167.0,0.6453900709219859,0.3745318352059925,0.5366653633383751,0.4633346366616249,-0.10872470758361075,0.08880280145563241,False,True,1,0,0,0,131.07221424558853,0,2840.334882701903,218.89059779013283,152.0,187.0
461,1267,2020-09-24,Boston Red Sox,Baltimore Orioles,0,-145.0,135.0,0.5918367346938775,0.425531914893617,0.6280783149484386,0.3719216850515614,0.036241580254561034,-0.0536102298420556,True,False,0,1,0,0,131.07221424558853,0,2709.2626684563147,0.0,152.0,188.0
462,5769,2022-06-28,Tampa Bay Rays,Milwaukee Brewers,0,-111.0,101.0,0.5260663507109005,0.4975124378109453,0.5214522149414735,0.4785477850585265,-0.00461413576942693,-0.018964652752418765,False,False,0,0,0,0,0.0,0,2709.2626684563147,0.0,152.0,188.0
463,8106,2023-05-03,Tampa Bay Rays,Pittsburgh Pirates,1,-205.0,188.0,0.6721311475409836,0.3472222222222222,0.6202407885470809,0.3797592114529191,-0.05189035899390271,0.03253698923069687,False,True,0,1,0,0,131.07221424558853,0,2578.1904542107263,0.0,152.0,189.0
464,6783,2022-09-13,Toronto Blue Jays,Tampa Bay Rays,1,-154.0,141.0,0.6062992125984252,0.4149377593360996,0.5951865942894492,0.4048134057105508,-0.01111261830897603,-0.01012435362554881,False,False,0,0,0,0,0.0,0,2578.1904542107263,0.0,152.0,189.0
465,8566,2023-06-06,Milwaukee Brewers,Baltimore Orioles,1,-124.0,114.0,0.5535714285714286,0.4672897196261682,0.4952250037044761,0.5047749962955239,-0.05834642486695252,0.037485276669355694,False,True,0,1,0,0,128.90952271053632,0,2449.28093150019,0.0,152.0,190.0
466,4726,2022-04-14,Colorado Rockies,Chicago Cubs,0,-118.0,108.0,0.5412844036697247,0.4807692307692308,0.5849525765440333,0.4150474234559667,0.043668172874308575,-0.0657218073132641,True,False,0,1,0,0,128.90952271053632,0,2320.3714087896537,0.0,152.0,191.0
467,6697,2022-09-06,San Diego Padres,Arizona Diamondbacks,1,-161.0,148.0,0.6168582375478927,0.4032258064516129,0.5732570709986621,0.4267429290013379,-0.04360116654923063,0.023517122549725045,False,True,0,1,0,0,128.90952271053632,0,2191.4618860791174,0.0,152.0,192.0
468,740,2020-08-19,San Diego Padres,Texas Rangers,1,-119.0,109.0,0.54337899543379,0.4784688995215311,0.6304113906731251,0.3695886093268749,0.08703239523933515,-0.10888029019465623,True,False,1,0,0,0,128.90952271053632,0,2299.7892160879715,108.32733000885405,153.0,192.0
469,3958,2021-09-08,Boston Red Sox,Tampa Bay Rays,1,-106.0,-104.0,0.5145631067961165,0.5098039215686274,0.4214926808176052,0.5785073191823947,-0.09307042597851128,0.06870339761376731,False,True,0,1,0,0,128.90952271053632,0,2170.879693377435,0.0,153.0,193.0
470,6545,2022-08-26,Kansas City Royals,San Diego Padres,0,164.0,-179.0,0.3787878787878788,0.6415770609318996,0.4430406280850333,0.5569593719149667,0.06425274929715452,-0.0846176890169329,True,False,0,1,0,0,108.54398466887176,0,2062.3357087085633,0.0,153.0,194.0
471,2226,2021-05-02,Seattle Mariners,Los Angeles Angels,1,127.0,-137.0,0.4405286343612334,0.5780590717299579,0.4702077336570388,0.5297922663429612,0.029679099295805367,-0.04826680538699668,True,False,1,0,0,0,108.54398466887176,0,2200.1865692380306,137.85086052946713,154.0,194.0
472,3055,2021-07-02,Toronto Blue Jays,Tampa Bay Rays,1,-112.0,102.0,0.5283018867924528,0.495049504950495,0.5343420256714984,0.4656579743285016,0.006040138879045531,-0.0293915306219934,False,False,0,0,0,0,0.0,0,2200.1865692380306,0.0,154.0,194.0
473,8899,2023-07-01,Philadelphia Phillies,Washington Nationals,1,-199.0,183.0,0.6655518394648829,0.3533568904593639,0.6334969024917558,0.3665030975082441,-0.03205493697312711,0.013146207048880199,False,True,0,1,0,0,108.54398466887176,0,2091.6425845691588,0.0,154.0,195.0
474,5768,2022-06-28,New York Mets,Houston Astros,0,115.0,-125.0,0.4651162790697674,0.5555555555555556,0.4622004534953425,0.5377995465046574,-0.0029158255744248796,-0.017756009050898136,False,False,0,0,0,0,0.0,0,2091.6425845691588,0.0,154.0,195.0
475,8045,2023-04-29,Detroit Tigers,Baltimore Orioles,1,151.0,-164.0,0.398406374501992,0.6212121212121212,0.4186997611874965,0.5813002388125035,0.02029338668550451,-0.03991188239961774,True,False,1,0,0,0,104.58212922845794,0,2249.5615997041305,157.9190151349715,155.0,195.0
476,6159,2022-07-29,Boston Red Sox,Milwaukee Brewers,0,148.0,-161.0,0.4032258064516129,0.6168582375478927,0.4363722411030145,0.5636277588969856,0.0331464346514016,-0.05323047865090713,True,False,0,1,0,0,104.58212922845794,0,2144.9794704756723,0.0,155.0,196.0
477,6106,2022-07-25,Chicago Cubs,Pittsburgh Pirates,1,-143.0,131.0,0.588477366255144,0.4329004329004329,0.6200820172837301,0.3799179827162698,0.03160465102858612,-0.05298245018416309,True,False,1,0,0,0,104.58212922845794,0,2218.113826579489,73.13435610381674,156.0,196.0
478,5451,2022-06-04,Colorado Rockies,Atlanta Braves,0,148.0,-161.0,0.4032258064516129,0.6168582375478927,0.4215136593382692,0.5784863406617308,0.018287852886656297,-0.03837189688616194,True,False,0,1,0,0,104.58212922845794,0,2113.5316973510307,0.0,156.0,197.0
479,5921,2022-07-09,Baltimore Orioles,Los Angeles Angels,1,109.0,-119.0,0.4784688995215311,0.54337899543379,0.5413227499883473,0.4586772500116526,0.06285385046681619,-0.08470174542213738,True,False,1,0,0,0,104.58212922845794,0,2227.52621821005,113.99452085901916,157.0,197.0
480,6968,2022-09-26,Boston Red Sox,Baltimore Orioles,0,-122.0,112.0,0.5495495495495496,0.4716981132075472,0.5821711443996527,0.4178288556003474,0.032621594850103075,-0.053869257607199794,True,False,0,1,0,0,111.37631091050251,0,2116.1499072995475,0.0,157.0,198.0
481,6691,2022-09-06,Chicago Cubs,Cincinnati Reds,1,-159.0,147.0,0.6138996138996139,0.4048582995951417,0.515394495438378,0.484605504561622,-0.09850511846123589,0.0797472049664803,False,True,0,1,0,0,111.37631091050251,0,2004.773596389045,0.0,157.0,199.0
482,5432,2022-06-03,Kansas City Royals,Houston Astros,0,113.0,-123.0,0.4694835680751174,0.5515695067264574,0.4177040069195644,0.5822959930804357,-0.05177956115555299,0.030726486353978233,False,True,1,0,0,0,111.37631091050251,0,2095.3234426577465,90.54984626870123,158.0,199.0
483,6708,2022-09-07,Los Angeles Angels,Detroit Tigers,0,-196.0,179.0,0.6621621621621622,0.3584229390681003,0.6287870632917649,0.371212936708235,-0.033375098870397246,0.01278999764013472,False,True,1,0,0,0,111.37631091050251,0,2294.687039187546,199.3635965297995,159.0,199.0
484,7860,2023-04-15,Cincinnati Reds,Philadelphia Phillies,1,-105.0,-105.0,0.5121951219512195,0.5121951219512195,0.4651960887122958,0.5348039112877041,-0.04699903323892374,0.02260878933648458,False,True,0,1,0,0,111.37631091050251,0,2183.3107282770434,0.0,159.0,200.0
485,6855,2022-09-18,Atlanta Braves,Philadelphia Phillies,1,-243.0,218.0,0.7084548104956269,0.3144654088050314,0.6295281967842551,0.3704718032157449,-0.07892661371137177,0.056006394410713534,False,True,0,1,0,0,109.16553641385218,0,2074.145191863191,0.0,159.0,201.0
486,5612,2022-06-17,Washington Nationals,Philadelphia Phillies,0,193.0,-213.0,0.3412969283276451,0.6805111821086262,0.4171656189499613,0.5828343810500387,0.07586869062231621,-0.09767680105858745,True,False,0,1,0,0,109.16553641385218,0,1964.979655449339,0.0,159.0,202.0
487,4786,2022-04-19,New York Mets,San Francisco Giants,1,-120.0,110.0,0.5454545454545454,0.4761904761904761,0.4406314613896864,0.5593685386103135,-0.10482308406485902,0.08317806241983744,False,True,0,1,0,0,109.16553641385218,0,1855.8141190354868,0.0,159.0,203.0
488,6821,2022-09-16,Washington Nationals,Miami Marlins,1,109.0,-119.0,0.4784688995215311,0.54337899543379,0.4573116406459889,0.5426883593540112,-0.021157258875542206,-0.0006906360797788169,False,False,0,0,0,0,0.0,0,1855.8141190354868,0.0,159.0,203.0
489,5929,2022-07-09,Milwaukee Brewers,Pittsburgh Pirates,0,-238.0,216.0,0.7041420118343196,0.3164556962025316,0.6397367143854711,0.3602632856145289,-0.06440529744884849,0.043807589411997305,False,True,1,0,0,0,109.16553641385218,0,2091.6116776894073,235.79755865392073,160.0,203.0
490,3769,2021-08-25,San Diego Padres,Los Angeles Dodgers,0,133.0,-145.0,0.4291845493562232,0.5918367346938775,0.4294279313426143,0.5705720686573857,0.0002433819863911224,-0.021264666036491797,False,False,0,0,0,0,0.0,0,2091.6116776894073,0.0,160.0,203.0
491,7866,2023-04-16,Boston Red Sox,Los Angeles Angels,1,-110.0,100.0,0.5238095238095238,0.5,0.5098923216706985,0.4901076783293014,-0.013917202138825302,-0.00989232167069859,False,False,0,0,0,0,0.0,0,2091.6116776894073,0.0,160.0,203.0
492,5446,2022-06-04,Cincinnati Reds,Washington Nationals,0,-132.0,121.0,0.5689655172413793,0.4524886877828054,0.5758988813547019,0.4241011186452981,0.006933364113322571,-0.028387569137507285,False,False,0,0,0,0,0.0,0,2091.6116776894073,0.0,160.0,203.0
493,6238,2022-08-04,Pittsburgh Pirates,Milwaukee Brewers,1,220.0,-244.0,0.3125,0.7093023255813954,0.4261504994928272,0.5738495005071728,0.11365049949282718,-0.13545282507422263,True,False,1,0,0,0,104.58058388447037,0,2321.6889622352423,230.07728454583483,161.0,203.0
494,8506,2023-06-02,New York Mets,Toronto Blue Jays,0,-132.0,122.0,0.5689655172413793,0.4504504504504504,0.5535477184976041,0.4464522815023959,-0.015417798743775246,-0.003998168948054492,False,False,0,0,0,0,0.0,0,2321.6889622352423,0.0,161.0,203.0
495,7004,2022-09-29,Milwaukee Brewers,Miami Marlins,0,-175.0,161.0,0.6363636363636364,0.3831417624521073,0.6325745858697198,0.3674254141302801,-0.003789050493916535,-0.015716348321827167,False,False,0,0,0,0,0.0,0,2321.6889622352423,0.0,161.0,203.0
496,5972,2022-07-12,Los Angeles Angels,Houston Astros,0,111.0,-120.0,0.4739336492890995,0.5454545454545454,0.4229311458137214,0.5770688541862787,-0.0510025034753781,0.03161430873173332,False,True,1,0,0,0,116.08444811176213,0,2418.4260023283773,96.7370400931351,162.0,203.0
497,4898,2022-04-27,Pittsburgh Pirates,Milwaukee Brewers,0,157.0,-172.0,0.3891050583657587,0.6323529411764706,0.4170509157720007,0.5829490842279993,0.027945857406242003,-0.04940385694847127,True,False,0,1,0,0,116.08444811176213,0,2302.3415542166154,0.0,162.0,204.0
498,7011,2022-09-30,New York Yankees,Baltimore Orioles,0,-178.0,164.0,0.6402877697841727,0.3787878787878788,0.635673855067318,0.364326144932682,-0.0046139147168546835,-0.014461733855196779,False,False,0,0,0,0,0.0,0,2302.3415542166154,0.0,162.0,204.0
499,8215,2023-05-11,New York Yankees,Tampa Bay Rays,0,106.0,-116.0,0.4854368932038835,0.5370370370370371,0.5257805395042743,0.4742194604957258,0.04034364630039078,-0.06281757654131132,True,False,0,1,0,0,116.08444811176213,0,2186.2571061048534,0.0,162.0,205.0
500,3670,2021-08-18,Detroit Tigers,Los Angeles Angels,0,125.0,-135.0,0.4444444444444444,0.574468085106383,0.4547642397064821,0.5452357602935178,0.01031979526203769,-0.029232324812865196,True,False,0,1,0,0,109.31285530524268,0,2076.944250799611,0.0,162.0,206.0
501,8831,2023-06-26,New York Mets,Milwaukee Brewers,0,-171.0,157.0,0.6309963099630996,0.3891050583657587,0.5655368584526541,0.4344631415473459,-0.06545945151044552,0.04535808318158718,False,True,1,0,0,0,109.31285530524268,0,2248.565433628842,171.621182829231,163.0,206.0
502,2472,2021-05-21,Philadelphia Phillies,Boston Red Sox,0,-152.0,140.0,0.6031746031746031,0.4166666666666667,0.5278777333646225,0.4721222666353775,-0.07529686980998063,0.0554555999687108,False,True,1,0,0,0,109.31285530524268,0,2401.6034310561818,153.03799742733975,164.0,206.0
503,1217,2020-09-20,Los Angeles Angels,Texas Rangers,0,-135.0,126.0,0.574468085106383,0.4424778761061947,0.6098059966171487,0.3901940033828512,0.03533791151076571,-0.052283872723343505,True,False,0,1,0,0,109.31285530524268,0,2292.2905757509393,0.0,164.0,207.0
504,4838,2022-04-22,San Diego Padres,Los Angeles Dodgers,0,152.0,-164.0,0.3968253968253968,0.6212121212121212,0.4267933595387457,0.5732066404612542,0.029967962713348895,-0.04800548075086697,True,False,0,1,0,0,109.31285530524268,0,2182.977720445697,0.0,164.0,208.0
505,2444,2021-05-18,Seattle Mariners,Detroit Tigers,0,-122.0,112.0,0.5495495495495496,0.4716981132075472,0.5975795810062021,0.4024204189937979,0.04803003145665252,-0.0692776942137493,True,False,0,1,0,0,109.14888602228484,0,2073.828834423412,0.0,164.0,209.0
506,6137,2022-07-27,Cincinnati Reds,Miami Marlins,1,-145.0,133.0,0.5918367346938775,0.4291845493562232,0.5432872672085446,0.4567127327914554,-0.04854946748533295,0.027528183435232223,False,True,0,1,0,0,109.14888602228484,0,1964.6799484011271,0.0,164.0,210.0
507,4806,2022-04-20,San Diego Padres,Cincinnati Reds,1,-185.0,170.0,0.6491228070175439,0.3703703703703703,0.6418085470879615,0.3581914529120385,-0.007314259929582345,-0.012178917458331773,False,False,0,0,0,0,0.0,0,1964.6799484011271,0.0,164.0,210.0
508,4149,2021-09-22,Arizona Diamondbacks,Atlanta Braves,0,158.0,-172.0,0.3875968992248062,0.6323529411764706,0.4176193573789409,0.582380642621059,0.03002245815413468,-0.04997229855541152,True,False,0,1,0,0,109.14888602228484,0,1855.5310623788423,0.0,164.0,211.0
509,8822,2023-06-25,Cincinnati Reds,Atlanta Braves,0,152.0,-165.0,0.3968253968253968,0.6226415094339622,0.4216375169164427,0.5783624830835572,0.024812120091045886,-0.04427902635040504,True,False,0,1,0,0,109.14888602228484,0,1746.3821763565575,0.0,164.0,212.0
510,2113,2021-04-24,Colorado Rockies,Philadelphia Phillies,0,162.0,-175.0,0.3816793893129771,0.6363636363636364,0.4857066726397121,0.5142933273602879,0.104027283326735,-0.12207030900334848,True,False,0,1,0,0,87.31910881782788,0,1659.0630675387297,0.0,164.0,213.0
511,2680,2021-06-04,Milwaukee Brewers,Arizona Diamondbacks,1,-196.0,181.0,0.6621621621621622,0.3558718861209964,0.6349615336306264,0.3650384663693736,-0.02720062853153582,0.009166580248377187,False,False,0,0,0,0,0.0,0,1659.0630675387297,0.0,164.0,213.0
512,6229,2022-08-03,Houston Astros,Boston Red Sox,1,-189.0,174.0,0.6539792387543253,0.364963503649635,0.6119169397525337,0.3880830602474663,-0.04206229900179159,0.023119556597831326,False,True,0,1,0,0,87.31910881782788,0,1571.743958720902,0.0,164.0,214.0
513,5326,2022-05-27,Los Angeles Angels,Toronto Blue Jays,0,102.0,-112.0,0.495049504950495,0.5283018867924528,0.4667827450406021,0.5332172549593979,-0.028266759909892913,0.004915368166945044,False,False,0,0,0,0,0.0,0,1571.743958720902,0.0,164.0,214.0
514,6483,2022-08-21,Oakland Athletics,Seattle Mariners,1,192.0,-208.0,0.3424657534246575,0.6753246753246753,0.4228556548396484,0.5771443451603515,0.08038990141499086,-0.09818033016432381,True,False,1,0,0,0,87.31910881782788,0,1739.3966476511314,167.65268893022952,165.0,214.0
515,6846,2022-09-17,New York Mets,Pittsburgh Pirates,1,-303.0,266.0,0.7518610421836228,0.273224043715847,0.6407134455942516,0.3592865544057483,-0.11114759658937123,0.08606251068990128,False,True,0,1,0,0,86.96983238255658,0,1652.4268152685747,0.0,165.0,215.0
516,6175,2022-07-30,San Diego Padres,Minnesota Twins,0,-130.0,120.0,0.5652173913043478,0.4545454545454545,0.6287546512029172,0.3712453487970828,0.0635372598985694,-0.08330010574837166,True,False,0,1,0,0,86.96983238255658,0,1565.456982886018,0.0,165.0,216.0
517,6671,2022-09-04,Los Angeles Angels,Houston Astros,0,149.0,-161.0,0.4016064257028112,0.6168582375478927,0.4261181648148301,0.5738818351851698,0.024511739112018927,-0.04297640236272293,True,False,0,1,0,0,86.96983238255658,0,1478.4871505034614,0.0,165.0,217.0
518,2063,2021-04-21,Philadelphia Phillies,San Francisco Giants,1,-115.0,105.0,0.5348837209302325,0.4878048780487805,0.4397576077490457,0.5602423922509543,-0.0951261131811868,0.07243751420217381,False,True,0,1,0,0,86.96983238255658,0,1391.5173181209047,0.0,165.0,218.0
519,6683,2022-09-05,Kansas City Royals,Cleveland Guardians,0,119.0,-130.0,0.45662100456621,0.5652173913043478,0.4857162902880375,0.5142837097119625,0.029095285721827457,-0.050933681592385316,True,False,0,1,0,0,86.96983238255658,0,1304.547485738348,0.0,165.0,219.0
520,8073,2023-04-30,Oakland Athletics,Cincinnati Reds,1,136.0,-147.0,0.423728813559322,0.5951417004048583,0.4164674450392663,0.5835325549607336,-0.007261368520055711,-0.011609145444124613,False,False,0,0,0,0,0.0,0,1304.547485738348,0.0,165.0,219.0
521,8038,2023-04-28,Houston Astros,Philadelphia Phillies,0,-143.0,132.0,0.588477366255144,0.4310344827586206,0.6150299431665562,0.3849700568334437,0.026552576911412218,-0.0460644259251769,True,False,0,1,0,0,65.22737428691741,0,1239.3201114514306,0.0,165.0,220.0
522,6693,2022-09-06,Kansas City Royals,Cleveland Guardians,0,173.0,-189.0,0.3663003663003663,0.6539792387543253,0.4415606905271302,0.5584393094728698,0.07526032422676393,-0.0955399292814555,True,False,0,1,0,0,65.22737428691741,0,1174.0927371645132,0.0,165.0,221.0
523,1071,2020-09-11,Washington Nationals,Atlanta Braves,1,130.0,-141.0,0.4347826086956521,0.5850622406639004,0.4251653460539161,0.574834653946084,-0.009617262641736013,-0.010227586717816428,False,False,0,0,0,0,0.0,0,1174.0927371645132,0.0,165.0,221.0
524,6128,2022-07-27,Philadelphia Phillies,Atlanta Braves,1,143.0,-154.0,0.411522633744856,0.6062992125984252,0.4426338438203244,0.5573661561796756,0.03111121007546841,-0.048933056418749676,True,False,1,0,0,0,65.22737428691741,0,1267.367882394805,93.2751452302919,166.0,221.0
525,2532,2021-05-25,Minnesota Twins,Baltimore Orioles,1,-200.0,185.0,0.6666666666666666,0.3508771929824561,0.6395252268602645,0.3604747731397355,-0.027141439806402157,0.009597580157279406,False,False,0,0,0,0,0.0,0,1267.367882394805,0.0,166.0,221.0
526,8531,2023-06-03,San Diego Padres,Chicago Cubs,1,-163.0,150.0,0.6197718631178707,0.4,0.5757547272745449,0.4242452727254551,-0.04401713584332578,0.02424527272545507,False,True,0,1,0,0,63.36839411974026,0,1203.9994882750648,0.0,166.0,222.0
527,6120,2022-07-26,New York Mets,New York Yankees,1,105.0,-115.0,0.4878048780487805,0.5348837209302325,0.445431511844192,0.554568488155808,-0.04237336620458848,0.01968476722557544,False,True,0,1,0,0,63.36839411974026,0,1140.6310941553245,0.0,166.0,223.0
528,2056,2021-04-20,Boston Red Sox,Toronto Blue Jays,1,-112.0,102.0,0.5283018867924528,0.495049504950495,0.6101466365021956,0.3898533634978044,0.08184474970974276,-0.10519614145269057,True,False,1,0,0,0,63.36839411974026,0,1197.2100174765212,56.57892332119666,167.0,223.0
529,8310,2023-05-18,Toronto Blue Jays,New York Yankees,0,-125.0,115.0,0.5555555555555556,0.4651162790697674,0.5244439487576307,0.4755560512423693,-0.031111606797924907,0.010439772172601947,False,True,1,0,0,0,63.36839411974026,0,1270.0836707142225,72.87365323770129,168.0,223.0
530,3652,2021-08-17,Detroit Tigers,Los Angeles Angels,0,-123.0,113.0,0.5515695067264574,0.4694835680751174,0.5286169158586762,0.4713830841413238,-0.02295259086778123,0.0018995160662064192,False,False,0,0,0,0,0.0,0,1270.0836707142225,0.0,168.0,223.0
531,5493,2022-06-08,Houston Astros,Seattle Mariners,0,-135.0,126.0,0.574468085106383,0.4424778761061947,0.614113939681924,0.3858860603180761,0.03964585457554093,-0.056591815788118616,True,False,0,1,0,0,63.50418353571113,0,1206.5794871785115,0.0,168.0,224.0
532,6892,2022-09-21,Atlanta Braves,Washington Nationals,0,-265.0,237.0,0.726027397260274,0.2967359050445103,0.6411990105484859,0.358800989451514,-0.08482838671178805,0.0620650844070037,False,True,1,0,0,0,63.50418353571113,0,1357.084402158147,150.50491497963537,169.0,224.0
533,6996,2022-09-28,San Diego Padres,Los Angeles Dodgers,0,128.0,-138.0,0.4385964912280701,0.5798319327731093,0.4394799071750203,0.5605200928249796,0.0008834159469501834,-0.019311839948129683,False,False,0,0,0,0,0.0,0,1357.084402158147,0.0,169.0,224.0
534,8819,2023-06-25,New York Yankees,Texas Rangers,1,-107.0,-103.0,0.5169082125603864,0.5073891625615764,0.5307604970933941,0.4692395029066059,0.013852284533007686,-0.038149659654970525,True,False,1,0,0,0,63.50418353571113,0,1416.4341063971294,59.34970423898236,170.0,224.0
535,6043,2022-07-17,Texas Rangers,Seattle Mariners,0,122.0,-132.0,0.4504504504504504,0.5689655172413793,0.4321623501297043,0.5678376498702957,-0.018288100320746126,-0.001127867371083613,False,False,0,0,0,0,0.0,0,1416.4341063971294,0.0,170.0,224.0
536,3165,2021-07-09,San Diego Padres,Colorado Rockies,1,-217.0,198.0,0.6845425867507886,0.3355704697986577,0.6313973645764098,0.3686026354235902,-0.05314522217437878,0.0330321656249325,False,True,0,1,0,0,70.82170531985648,0,1345.612401077273,0.0,170.0,225.0
537,3718,2021-08-21,San Diego Padres,Philadelphia Phillies,1,-156.0,145.0,0.609375,0.4081632653061224,0.6041662642617655,0.3958337357382345,-0.005208735738234549,-0.012329529567887909,False,False,0,0,0,0,0.0,0,1345.612401077273,0.0,170.0,225.0
538,5249,2022-05-21,Milwaukee Brewers,Washington Nationals,1,-208.0,190.0,0.6753246753246753,0.3448275862068966,0.641115066069887,0.3588849339301129,-0.03420960925478833,0.014057347723216318,False,True,0,1,0,0,70.82170531985648,0,1274.7906957574166,0.0,170.0,226.0
539,2483,2021-05-21,Los Angeles Angels,Oakland Athletics,0,103.0,-112.0,0.4926108374384236,0.5283018867924528,0.4721766605088604,0.5278233394911396,-0.020434176929563175,-0.00047854730131324796,False,False,0,0,0,0,0.0,0,1274.7906957574166,0.0,170.0,226.0
540,4944,2022-04-30,Miami Marlins,Seattle Mariners,1,-105.0,-105.0,0.5121951219512195,0.5121951219512195,0.5227932024964393,0.4772067975035606,0.010598080545219823,-0.034988324447658925,True,False,1,0,0,0,63.73953478787084,0,1335.4950146030078,60.704318845591274,171.0,226.0
541,711,2020-08-17,Los Angeles Dodgers,Seattle Mariners,1,-286.0,253.0,0.7409326424870466,0.28328611898017,0.6418352523279041,0.3581647476720959,-0.09909739015914254,0.07487862869192591,False,True,0,1,0,0,63.73953478787084,0,1271.755479815137,0.0,171.0,227.0
542,5516,2022-06-10,Philadelphia Phillies,Arizona Diamondbacks,1,-132.0,122.0,0.5689655172413793,0.4504504504504504,0.6208521441878949,0.3791478558121051,0.05188662694651558,-0.07130259463834532,True,False,1,0,0,0,63.73953478787084,0,1320.0430061695847,48.28752635444761,172.0,227.0
543,3180,2021-07-10,Los Angeles Dodgers,Arizona Diamondbacks,1,-294.0,262.0,0.7461928934010152,0.2762430939226519,0.6415568917471619,0.3584431082528381,-0.10463600165385334,0.0822000143301862,False,True,0,1,0,0,63.73953478787084,0,1256.303471381714,0.0,172.0,228.0
544,3955,2021-09-08,Miami Marlins,New York Mets,1,102.0,-112.0,0.495049504950495,0.5283018867924528,0.4472609192492688,0.5527390807507312,-0.04778858570122618,0.02443719395827837,False,True,0,1,0,0,63.73953478787084,0,1192.5639365938432,0.0,172.0,229.0
545,8733,2023-06-18,Oakland Athletics,Philadelphia Phillies,0,203.0,-224.0,0.33003300330033,0.691358024691358,0.4166930376704276,0.5833069623295724,0.08666003437009762,-0.10805106236178563,True,False,0,1,0,0,59.628196829692165,0,1132.935739764151,0.0,172.0,230.0
546,6368,2022-08-13,Boston Red Sox,New York Yankees,0,130.0,-141.0,0.4347826086956521,0.5850622406639004,0.4481880418211159,0.5518119581788841,0.013405433125463773,-0.03325028248501638,True,False,0,1,0,0,59.628196829692165,0,1073.307542934459,0.0,172.0,231.0
547,5255,2022-05-22,Philadelphia Phillies,Los Angeles Dodgers,1,120.0,-130.0,0.4545454545454545,0.5652173913043478,0.4187574916178409,0.5812425083821591,-0.03578796292761355,0.01602511707781129,False,True,0,1,0,0,59.628196829692165,0,1013.6793461047669,0.0,172.0,232.0
548,2013,2021-04-17,Oakland Athletics,Detroit Tigers,1,-137.0,127.0,0.5780590717299579,0.4405286343612334,0.6195293442630542,0.3804706557369458,0.04147027253309632,-0.06005797862428763,True,False,1,0,0,0,59.628196829692165,0,1057.2035773673158,43.52423126254902,173.0,232.0
549,5312,2022-05-26,Atlanta Braves,Philadelphia Phillies,0,-112.0,102.0,0.5283018867924528,0.495049504950495,0.5885001835060448,0.4114998164939551,0.060198296713592,-0.08354968845653987,True,False,0,1,0,0,59.628196829692165,0,997.5753805376237,0.0,173.0,233.0
550,5711,2022-06-24,Tampa Bay Rays,Pittsburgh Pirates,1,-189.0,175.0,0.6539792387543253,0.3636363636363636,0.6343962640636431,0.3656037359363568,-0.019582974690682153,0.0019673722999932197,False,False,0,0,0,0,0.0,0,997.5753805376237,0.0,173.0,233.0
551,6292,2022-08-07,Oakland Athletics,San Francisco Giants,0,204.0,-227.0,0.3289473684210526,0.6941896024464832,0.422784925721664,0.577215074278336,0.09383755730061139,-0.11697452816814724,True,False,0,1,0,0,49.87876902688119,0,947.6966115107425,0.0,173.0,234.0
552,4101,2021-09-19,Cincinnati Reds,Los Angeles Dodgers,0,173.0,-189.0,0.3663003663003663,0.6539792387543253,0.4194493394430574,0.5805506605569426,0.053148973142691125,-0.07342857819738269,True,False,0,1,0,0,49.87876902688119,0,897.8178424838613,0.0,173.0,235.0
553,4031,2021-09-14,Philadelphia Phillies,Chicago Cubs,0,-196.0,179.0,0.6621621621621622,0.3584229390681003,0.6225200924023547,0.3774799075976452,-0.03964206975980744,0.019056968529544915,False,True,1,0,0,0,49.87876902688119,0,987.1008390419787,89.28299655811733,174.0,235.0
554,5163,2022-05-15,Oakland Athletics,Los Angeles Angels,0,116.0,-127.0,0.4629629629629629,0.5594713656387665,0.4232665628747155,0.5767334371252845,-0.03969640008824743,0.017262071486517927,False,True,1,0,0,0,49.87876902688119,0,1026.3754603229875,39.27462128100881,175.0,235.0
555,6907,2022-09-22,Texas Rangers,Los Angeles Angels,1,-143.0,132.0,0.588477366255144,0.4310344827586206,0.5815423337261244,0.4184576662738756,-0.0069350325290196135,-0.012576816484745013,False,False,0,0,0,0,0.0,0,1026.3754603229875,0.0,175.0,235.0
556,5736,2022-06-25,Arizona Diamondbacks,Detroit Tigers,0,-143.0,131.0,0.588477366255144,0.4329004329004329,0.5482661399476827,0.4517338600523172,-0.04021122630746132,0.018833427151884297,False,True,1,0,0,0,51.31877301614938,0,1093.603052974143,67.22759265115569,176.0,235.0
557,2769,2021-06-11,Milwaukee Brewers,Pittsburgh Pirates,1,-278.0,249.0,0.7354497354497355,0.2865329512893982,0.6395567675797307,0.3604432324202692,-0.09589296787000479,0.073910281130871,False,True,0,1,0,0,51.31877301614938,0,1042.2842799579937,0.0,176.0,236.0
558,5071,2022-05-09,New York Yankees,Texas Rangers,1,-208.0,190.0,0.6753246753246753,0.3448275862068966,0.6328583614234831,0.3671416385765169,-0.042466313901192265,0.022314052369620307,False,True,0,1,0,0,51.31877301614938,0,990.9655069418443,0.0,176.0,237.0
559,6588,2022-08-29,Arizona Diamondbacks,Philadelphia Phillies,1,164.0,-179.0,0.3787878787878788,0.6415770609318996,0.45530255675186,0.54469744324814,0.0765146779639812,-0.09687961768375963,True,False,1,0,0,0,51.31877301614938,0,1075.1282946883293,84.16278774648498,177.0,237.0
560,6792,2022-09-13,Texas Rangers,Oakland Athletics,1,-145.0,133.0,0.5918367346938775,0.4291845493562232,0.5514701786237755,0.4485298213762245,-0.04036655607010209,0.019345272020001303,False,True,0,1,0,0,53.75641473441647,0,1021.3718799539129,0.0,177.0,238.0
561,578,2020-08-08,Kansas City Royals,Minnesota Twins,1,148.0,-161.0,0.4032258064516129,0.6168582375478927,0.4195873443886098,0.5804126556113902,0.016361537936996906,-0.03644558193650249,True,False,1,0,0,0,53.75641473441647,0,1100.9313737608493,79.55949380693637,178.0,238.0
562,5699,2022-06-23,Atlanta Braves,San Francisco Giants,1,-161.0,148.0,0.6168582375478927,0.4032258064516129,0.569779747694523,0.430220252305477,-0.04707848985336971,0.026994445853864124,False,True,0,1,0,0,53.75641473441647,0,1047.1749590264328,0.0,178.0,239.0
563,4780,2022-04-18,Los Angeles Dodgers,Atlanta Braves,1,-189.0,175.0,0.6539792387543253,0.3636363636363636,0.6244647971548511,0.3755352028451488,-0.02951444159947414,0.011898839208785206,False,True,0,1,0,0,53.75641473441647,0,993.4185442920163,0.0,178.0,240.0
564,5729,2022-06-25,Miami Marlins,New York Mets,0,137.0,-147.0,0.4219409282700422,0.5951417004048583,0.4386544679683917,0.5613455320316083,0.01671353969834949,-0.033796168373249946,True,False,0,1,0,0,53.75641473441647,0,939.6621295575999,0.0,178.0,241.0
565,8356,2023-05-21,Los Angeles Angels,Minnesota Twins,1,-141.0,130.0,0.5850622406639004,0.4347826086956521,0.4839037075366319,0.5160962924633681,-0.10115853312726852,0.08131368376771597,False,True,0,1,0,0,46.98310647788,0,892.6790230797199,0.0,178.0,242.0
566,761,2020-08-21,Pittsburgh Pirates,Milwaukee Brewers,1,132.0,-143.0,0.4310344827586206,0.588477366255144,0.4280075017818364,0.5719924982181636,-0.0030269809767842215,-0.01648486803698046,False,False,0,0,0,0,0.0,0,892.6790230797199,0.0,178.0,242.0
567,5902,2022-07-07,Los Angeles Dodgers,Chicago Cubs,1,-263.0,237.0,0.7245179063360881,0.2967359050445103,0.6406126829019282,0.3593873170980718,-0.08390522343415996,0.0626514120535615,False,True,0,1,0,0,46.98310647788,0,845.6959166018398,0.0,178.0,243.0
568,5345,2022-05-28,New York Mets,Philadelphia Phillies,1,-120.0,111.0,0.5454545454545454,0.4739336492890995,0.5872846914789194,0.4127153085210805,0.04183014602437396,-0.061218340768018964,True,False,1,0,0,0,46.98310647788,0,884.8485053334065,39.15258873156667,179.0,243.0
569,4759,2022-04-17,Pittsburgh Pirates,Washington Nationals,1,-105.0,-105.0,0.5121951219512195,0.5121951219512195,0.6194236904517996,0.3805763095482004,0.10722856850058005,-0.13161881240301915,True,False,1,0,0,0,46.98310647788,0,929.5943210266255,44.74581569321904,180.0,243.0
570,5470,2022-06-06,Kansas City Royals,Toronto Blue Jays,0,150.0,-164.0,0.4,0.6212121212121212,0.4203430557424056,0.5796569442575944,0.02034305574240558,-0.04155517695452682,True,False,0,1,0,0,46.47971605133128,0,883.1146049752942,0.0,180.0,244.0
571,8386,2023-05-24,Philadelphia Phillies,Arizona Diamondbacks,1,105.0,-115.0,0.4878048780487805,0.5348837209302325,0.4543707964234547,0.5456292035765453,-0.033434081625325796,0.01074548264631281,False,True,0,1,0,0,46.47971605133128,0,836.634888923963,0.0,180.0,245.0
572,8442,2023-05-28,New York Yankees,San Diego Padres,1,-136.0,126.0,0.576271186440678,0.4424778761061947,0.6078046878514007,0.3921953121485993,0.03153350141072275,-0.050282563957595394,True,False,1,0,0,0,46.47971605133128,0,870.8111507264125,34.176261802449474,181.0,245.0
573,2271,2021-05-05,Oakland Athletics,Toronto Blue Jays,0,-120.0,110.0,0.5454545454545454,0.4761904761904761,0.5901934179103083,0.4098065820896917,0.04473887245576291,-0.06638389410078444,True,False,0,1,0,0,46.47971605133128,0,824.3314346750813,0.0,181.0,246.0
574,6090,2022-07-24,Baltimore Orioles,New York Yankees,0,164.0,-179.0,0.3787878787878788,0.6415770609318996,0.4302116446886017,0.5697883553113983,0.051423765900722895,-0.07178870562050133,True,False,0,1,0,0,46.47971605133128,0,777.85171862375,0.0,181.0,247.0
575,5863,2022-07-05,Cincinnati Reds,New York Mets,1,181.0,-196.0,0.3558718861209964,0.6621621621621622,0.4191404041066486,0.5808595958933513,0.0632685179856522,-0.08130256626881083,True,False,1,0,0,0,38.892585931187504,0,848.2472991591994,70.39558053544938,182.0,247.0
576,2166,2021-04-28,Tampa Bay Rays,Oakland Athletics,1,-159.0,147.0,0.6138996138996139,0.4048582995951417,0.5659331212170976,0.4340668787829024,-0.04796649268251629,0.029208579187760708,False,True,0,1,0,0,38.892585931187504,0,809.354713228012,0.0,182.0,248.0
577,8150,2023-05-06,Atlanta Braves,Baltimore Orioles,1,-227.0,205.0,0.6941896024464832,0.3278688524590163,0.5932079179035594,0.4067920820964406,-0.10098168454292378,0.07892322963742426,False,True,0,1,0,0,38.892585931187504,0,770.4621272968245,0.0,182.0,249.0
578,7995,2023-04-25,Philadelphia Phillies,Seattle Mariners,0,107.0,-117.0,0.4830917874396135,0.5391705069124424,0.5617684258249624,0.4382315741750375,0.07867663838534894,-0.1009389327374049,True,False,0,1,0,0,38.892585931187504,0,731.5695413656371,0.0,182.0,250.0
579,483,2020-08-02,Baltimore Orioles,Tampa Bay Rays,1,166.0,-182.0,0.3759398496240601,0.6453900709219859,0.4400351198163544,0.5599648801836457,0.06409527019229433,-0.0854251907383402,True,False,1,0,0,0,38.892585931187504,0,796.1312340114083,64.56169264577126,183.0,250.0
580,5365,2022-05-30,Chicago Cubs,Milwaukee Brewers,0,111.0,-120.0,0.4739336492890995,0.5454545454545454,0.421842312819411,0.5781576871805889,-0.0520913364696885,0.032703141726043494,False,True,1,0,0,0,39.80656170057042,0,829.3033687618837,33.17213475047535,184.0,250.0
581,2086,2021-04-22,Los Angeles Dodgers,San Diego Padres,0,-169.0,157.0,0.6282527881040892,0.3891050583657587,0.607750952866691,0.392249047133309,-0.020501835237398236,0.0031439887675502876,False,False,0,0,0,0,0.0,0,829.3033687618837,0.0,184.0,250.0
582,6107,2022-07-25,Kansas City Royals,Los Angeles Angels,1,-110.0,100.0,0.5238095238095238,0.5,0.497214180321323,0.502785819678677,-0.026595343488200862,0.0027858196786769707,False,False,0,0,0,0,0.0,0,829.3033687618837,0.0,184.0,250.0
583,3968,2021-09-09,Miami Marlins,New York Mets,1,158.0,-172.0,0.3875968992248062,0.6323529411764706,0.471726089962051,0.528273910037949,0.08412919073724479,-0.10407903113852157,True,False,1,0,0,0,39.80656170057042,0,892.197736248785,62.89436748690127,185.0,250.0
584,5352,2022-05-29,Washington Nationals,Colorado Rockies,1,-112.0,103.0,0.5283018867924528,0.4926108374384236,0.5102403827084824,0.4897596172915177,-0.018061504083970448,-0.0028512201469059195,False,False,0,0,0,0,0.0,0,892.197736248785,0.0,185.0,250.0
585,1024,2020-09-07,San Diego Padres,Colorado Rockies,1,-185.0,169.0,0.6491228070175439,0.3717472118959107,0.6336709573144357,0.3663290426855642,-0.0154518497031082,-0.005418169210346491,False,False,0,0,0,0,0.0,0,892.197736248785,0.0,185.0,250.0
586,3784,2021-08-27,Philadelphia Phillies,Arizona Diamondbacks,1,-244.0,221.0,0.7093023255813954,0.3115264797507788,0.6269345867036562,0.3730654132963438,-0.08236773887773918,0.061538933545565,False,True,0,1,0,0,44.60988681243925,0,847.5878494363457,0.0,185.0,251.0
587,5006,2022-05-04,Milwaukee Brewers,Cincinnati Reds,1,-263.0,237.0,0.7245179063360881,0.2967359050445103,0.6418345944462929,0.3581654055537071,-0.08268331188979527,0.061429500509196766,False,True,0,1,0,0,44.60988681243925,0,802.9779626239064,0.0,185.0,252.0
588,2720,2021-06-08,Pittsburgh Pirates,Los Angeles Dodgers,0,170.0,-185.0,0.3703703703703703,0.6491228070175439,0.4193453534875706,0.5806546465124294,0.04897498311720033,-0.0684681605051145,True,False,0,1,0,0,44.60988681243925,0,758.3680758114671,0.0,185.0,253.0
589,8000,2023-04-25,Minnesota Twins,New York Yankees,1,-123.0,113.0,0.5515695067264574,0.4694835680751174,0.5216246689708212,0.4783753310291788,-0.029944837755636278,0.00889176295406141,False,False,0,0,0,0,0.0,0,758.3680758114671,0.0,185.0,253.0
590,8627,2023-06-10,Los Angeles Angels,Seattle Mariners,0,-142.0,131.0,0.5867768595041323,0.4329004329004329,0.575203462097778,0.4247965379022221,-0.011573397406354324,-0.008103894998210792,False,False,0,0,0,0,0.0,0,758.3680758114671,0.0,185.0,253.0
591,6146,2022-07-28,Toronto Blue Jays,Detroit Tigers,1,-213.0,194.0,0.6805111821086262,0.3401360544217687,0.6314470195748119,0.3685529804251881,-0.04906416253381429,0.028416926003419385,False,True,0,1,0,0,37.91840379057336,0,720.4496720208937,0.0,185.0,254.0
592,5374,2022-05-30,New York Mets,Washington Nationals,1,-179.0,166.0,0.6415770609318996,0.3759398496240601,0.6369854074054514,0.3630145925945486,-0.004591653526448192,-0.012925257029511472,False,False,0,0,0,0,0.0,0,720.4496720208937,0.0,185.0,254.0
593,7822,2023-04-12,Los Angeles Angels,Washington Nationals,1,-165.0,152.0,0.6226415094339622,0.3968253968253968,0.6395418612986825,0.3604581387013174,0.016900351864720276,-0.03636725812407943,True,False,1,0,0,0,37.91840379057336,0,743.4305228030594,22.98085078216567,186.0,254.0
594,8116,2023-05-04,Washington Nationals,Chicago Cubs,1,177.0,-193.0,0.3610108303249097,0.658703071672355,0.4287899287947322,0.5712100712052678,0.0677790984698225,-0.08749300046708719,True,False,1,0,0,0,37.91840379057336,0,810.5460975123742,67.11557470931484,187.0,254.0
595,4829,2022-04-22,New York Yankees,Cleveland Guardians,1,-189.0,172.0,0.6539792387543253,0.3676470588235294,0.506603857228786,0.493396142771214,-0.1473753815255393,0.12574908394768464,False,True,0,1,0,0,40.52730487561871,0,770.0187926367555,0.0,187.0,255.0
596,7055,2022-10-02,Atlanta Braves,New York Mets,1,-126.0,116.0,0.5575221238938053,0.4629629629629629,0.5751067940238903,0.4248932059761097,0.017584670130085023,-0.03806975698685322,True,False,1,0,0,0,40.52730487561871,0,802.1833203158179,32.164527679062466,188.0,255.0
597,8496,2023-06-01,New York Mets,Philadelphia Phillies,1,-167.0,154.0,0.6254681647940075,0.3937007874015748,0.6242536000020753,0.3757463999979247,-0.00121456479193216,-0.01795438740365013,False,False,0,0,0,0,0.0,0,802.1833203158179,0.0,188.0,255.0
598,2057,2021-04-20,Chicago Cubs,New York Mets,1,117.0,-127.0,0.4608294930875576,0.5594713656387665,0.4368513262792753,0.5631486737207246,-0.023978166808282297,0.0036773080819580972,False,False,0,0,0,0,0.0,0,802.1833203158179,0.0,188.0,255.0
599,6392,2022-08-15,Washington Nationals,Chicago Cubs,1,131.0,-143.0,0.4329004329004329,0.588477366255144,0.4440376233880473,0.5559623766119528,0.011137190487614412,-0.03251498964319122,True,False,1,0,0,0,40.52730487561871,0,855.2740897028784,53.09076938706051,189.0,255.0
600,3995,2021-09-11,Pittsburgh Pirates,Washington Nationals,1,121.0,-132.0,0.4524886877828054,0.5689655172413793,0.4805122989963757,0.5194877010036243,0.028023611213570332,-0.049477816237755046,True,False,1,0,0,0,42.763704485143926,0,907.0181721299026,51.744082427024146,190.0,255.0
601,1127,2020-09-15,Tampa Bay Rays,Washington Nationals,1,-164.0,151.0,0.6212121212121212,0.398406374501992,0.6340739915712207,0.3659260084287793,0.01286187035909947,-0.032480366073212696,True,False,1,0,0,0,42.763704485143926,0,933.0936016940148,26.07542956411215,191.0,255.0
602,8273,2023-05-15,San Diego Padres,Kansas City Royals,1,-205.0,188.0,0.6721311475409836,0.3472222222222222,0.6389296290584495,0.3610703709415505,-0.033201518482534054,0.013848148719328268,False,True,0,1,0,0,42.763704485143926,0,890.3298972088709,0.0,191.0,256.0
603,2416,2021-05-16,Colorado Rockies,Cincinnati Reds,0,100.0,-110.0,0.5,0.5238095238095238,0.4998672876250146,0.5001327123749854,-0.00013271237498541089,-0.02367681143453848,False,False,0,0,0,0,0.0,0,890.3298972088709,0.0,191.0,256.0
604,8717,2023-06-17,Milwaukee Brewers,Pittsburgh Pirates,1,-103.0,-107.0,0.5073891625615764,0.5169082125603864,0.6029079805968185,0.3970920194031815,0.09551881803524209,-0.11981619315720493,True,False,1,0,0,0,42.763704485143926,0,931.8480569031854,41.51815969431449,192.0,256.0
605,5090,2022-05-10,Texas Rangers,Kansas City Royals,1,-128.0,118.0,0.5614035087719298,0.4587155963302752,0.5886546336532992,0.4113453663467008,0.027251124881369382,-0.047370229983574375,True,False,1,0,0,0,46.59240284515927,0,968.248371625966,36.40031472278068,193.0,256.0
606,8018,2023-04-26,Los Angeles Angels,Oakland Athletics,1,-215.0,196.0,0.6825396825396826,0.3378378378378378,0.6418031754681617,0.3581968245318382,-0.04073650707152088,0.020358986694000436,False,True,0,1,0,0,46.59240284515927,0,921.6559687808067,0.0,193.0,257.0
607,2557,2021-05-27,Pittsburgh Pirates,Chicago Cubs,0,124.0,-133.0,0.4464285714285714,0.5708154506437768,0.4214046861643821,0.5785953138356179,-0.025023885264189305,0.0077798631918410965,False,False,0,0,0,0,0.0,0,921.6559687808067,0.0,193.0,257.0
608,8611,2023-06-09,Los Angeles Angels,Seattle Mariners,1,-122.0,112.0,0.5495495495495496,0.4716981132075472,0.589305602874958,0.4106943971250419,0.039756053325408436,-0.061003716082505266,True,False,1,0,0,0,46.59240284515927,0,959.8464629161831,38.190494135376454,194.0,257.0
609,1919,2021-04-11,Baltimore Orioles,Boston Red Sox,0,123.0,-133.0,0.4484304932735426,0.5708154506437768,0.4177700161309797,0.5822299838690201,-0.030660477142562925,0.011414533225243328,False,True,1,0,0,0,46.59240284515927,0,994.8783447546488,35.031881838465615,195.0,257.0
610,2072,2021-04-21,Cincinnati Reds,Arizona Diamondbacks,0,-161.0,148.0,0.6168582375478927,0.4032258064516129,0.5955597806485523,0.4044402193514477,-0.0212984568993404,0.0012144128998348158,False,False,0,0,0,0,0.0,0,994.8783447546488,0.0,195.0,257.0
611,6613,2022-08-31,New York Mets,Los Angeles Dodgers,1,-145.0,134.0,0.5918367346938775,0.4273504273504273,0.4360130417395784,0.5639869582604216,-0.15582369295429915,0.13663653090999428,False,True,0,1,0,0,49.74391723773244,0,945.1344275169163,0.0,195.0,258.0
612,2820,2021-06-15,New York Mets,Chicago Cubs,1,-139.0,129.0,0.5815899581589958,0.4366812227074236,0.5193653043987503,0.4806346956012497,-0.06222465376024555,0.04395347289382612,False,True,0,1,0,0,49.74391723773244,0,895.3905102791838,0.0,195.0,259.0
613,2742,2021-06-09,Tampa Bay Rays,Washington Nationals,0,-149.0,138.0,0.5983935742971888,0.4201680672268907,0.6353921238274629,0.364607876172537,0.03699854953027415,-0.055560191054353725,True,False,0,1,0,0,49.74391723773244,0,845.6465930414513,0.0,195.0,260.0
614,8056,2023-04-29,Texas Rangers,New York Yankees,1,-144.0,133.0,0.5901639344262295,0.4291845493562232,0.51585785341137,0.48414214658863,-0.07430608101485947,0.054957597232406785,False,True,0,1,0,0,49.74391723773244,0,795.9026758037188,0.0,195.0,261.0
615,8236,2023-05-13,Minnesota Twins,Chicago Cubs,1,-163.0,150.0,0.6197718631178707,0.4,0.5393235905743172,0.4606764094256828,-0.08044827254355347,0.060676409425682754,False,True,0,1,0,0,39.79513379018594,0,756.1075420135329,0.0,195.0,262.0
616,7787,2023-04-10,Baltimore Orioles,Oakland Athletics,1,-171.0,157.0,0.6309963099630996,0.3891050583657587,0.6415080242569886,0.3584919757430114,0.010511714293888974,-0.030613082622747312,True,False,1,0,0,0,39.79513379018594,0,779.3795500779692,23.27200806443622,196.0,262.0
617,4132,2021-09-21,Chicago Cubs,Minnesota Twins,0,-115.0,105.0,0.5348837209302325,0.4878048780487805,0.5474945230581549,0.452505476941845,0.012610802127922427,-0.03529940110693547,True,False,0,1,0,0,39.79513379018594,0,739.5844162877833,0.0,196.0,263.0
618,2835,2021-06-16,Milwaukee Brewers,Cincinnati Reds,0,-145.0,133.0,0.5918367346938775,0.4291845493562232,0.5305109747759282,0.4694890252240717,-0.06132575991794931,0.04030447586784852,False,True,1,0,0,0,39.79513379018594,0,792.5119442287306,52.92752794094731,197.0,263.0
619,5981,2022-07-13,Miami Marlins,Pittsburgh Pirates,1,-164.0,151.0,0.6212121212121212,0.398406374501992,0.5975526803465554,0.4024473196534446,-0.023659440865565817,0.004040945151452591,False,False,0,0,0,0,0.0,0,792.5119442287306,0.0,197.0,263.0
620,5758,2022-06-27,Kansas City Royals,Texas Rangers,0,127.0,-137.0,0.4405286343612334,0.5780590717299579,0.4612551657995171,0.5387448342004828,0.02072653143828368,-0.03931423752947505,True,False,0,1,0,0,39.625597211436535,0,752.886347017294,0.0,197.0,264.0
621,6332,2022-08-10,Arizona Diamondbacks,Pittsburgh Pirates,0,-154.0,142.0,0.6062992125984252,0.4132231404958678,0.6245989335654214,0.3754010664345786,0.01829972096699617,-0.03782207406128918,True,False,0,1,0,0,39.625597211436535,0,713.2607498058575,0.0,197.0,265.0
622,2308,2021-05-08,Houston Astros,Toronto Blue Jays,0,-139.0,129.0,0.5815899581589958,0.4366812227074236,0.5978426323539998,0.4021573676460002,0.01625267419500398,-0.034523855061423414,True,False,0,1,0,0,39.625597211436535,0,673.6351525944209,0.0,197.0,266.0
623,6813,2022-09-15,Toronto Blue Jays,Tampa Bay Rays,0,-133.0,123.0,0.5708154506437768,0.4484304932735426,0.5680705695533006,0.4319294304466994,-0.0027448810904762144,-0.016501062826843216,False,False,0,0,0,0,0.0,0,673.6351525944209,0.0,197.0,266.0
624,3327,2021-07-24,New York Mets,Toronto Blue Jays,0,106.0,-116.0,0.4854368932038835,0.5370370370370371,0.5555480276666327,0.4444519723333673,0.07011113446274919,-0.09258506470366978,True,False,0,1,0,0,39.625597211436535,0,634.0095553829843,0.0,197.0,267.0
625,6663,2022-09-04,Atlanta Braves,Miami Marlins,1,-256.0,230.0,0.7191011235955056,0.303030303030303,0.6394943638567012,0.3605056361432987,-0.07960675973880438,0.05747533311299574,False,True,0,1,0,0,31.700477769149217,0,602.3090776138351,0.0,197.0,268.0
626,6746,2022-09-10,Philadelphia Phillies,Washington Nationals,1,-233.0,212.0,0.6996996996996997,0.3205128205128205,0.6394644600722532,0.3605355399277468,-0.06023523962744648,0.0400227194149263,False,True,0,1,0,0,31.700477769149217,0,570.608599844686,0.0,197.0,269.0
627,5469,2022-06-06,Houston Astros,Seattle Mariners,0,-154.0,143.0,0.6062992125984252,0.411522633744856,0.6156593756715704,0.3843406243284296,0.009360163073145134,-0.0271820094164264,False,False,0,0,0,0,0.0,0,570.608599844686,0.0,197.0,269.0
628,2746,2021-06-09,Minnesota Twins,New York Yankees,0,160.0,-175.0,0.3846153846153846,0.6363636363636364,0.4369370495496983,0.5630629504503015,0.05232166493431373,-0.07330068591333483,True,False,0,1,0,0,31.700477769149217,0,538.9081220755368,0.0,197.0,270.0
629,6814,2022-09-15,Miami Marlins,Philadelphia Phillies,1,122.0,-132.0,0.4504504504504504,0.5689655172413793,0.4273675292005818,0.5726324707994183,-0.023082921249868604,0.003666953558038921,False,False,0,0,0,0,0.0,0,538.9081220755368,0.0,197.0,270.0
630,7013,2022-09-30,Cleveland Guardians,Kansas City Royals,1,-130.0,120.0,0.5652173913043478,0.4545454545454545,0.6292187473890195,0.3707812526109805,0.06400135608467172,-0.08376420193447398,True,False,1,0,0,0,26.94540610377684,0,559.6353575399805,20.727235464443723,198.0,270.0
631,5686,2022-06-22,San Diego Padres,Arizona Diamondbacks,1,-161.0,148.0,0.6168582375478927,0.4032258064516129,0.631168312147917,0.3688316878520829,0.014310074600024314,-0.034394118599529955,True,False,1,0,0,0,26.94540610377684,0,576.3716346230717,16.736277083091203,199.0,270.0
632,5048,2022-05-07,Seattle Mariners,Tampa Bay Rays,0,125.0,-135.0,0.4444444444444444,0.574468085106383,0.4268183501493192,0.5731816498506808,-0.01762609429512524,-0.0012864352557022674,False,False,0,0,0,0,0.0,0,576.3716346230717,0.0,199.0,270.0
633,5578,2022-06-14,Boston Red Sox,Oakland Athletics,1,-204.0,188.0,0.6710526315789473,0.3472222222222222,0.6384164294417263,0.3615835705582738,-0.03263620213722107,0.014361348336051571,False,True,0,1,0,0,26.94540610377684,0,549.4262285192949,0.0,199.0,271.0
634,4963,2022-05-01,Colorado Rockies,Cincinnati Reds,1,-152.0,139.0,0.6031746031746031,0.4184100418410041,0.6402573421232185,0.3597426578767815,0.03708273894861536,-0.05866738396422261,True,False,1,0,0,0,26.94540610377684,0,567.1534693770428,17.727240857747923,200.0,271.0
635,4959,2022-05-01,Kansas City Royals,New York Yankees,0,171.0,-185.0,0.3690036900369003,0.6491228070175439,0.416892876797542,0.5831071232024579,0.04788918676064169,-0.06601568381508593,True,False,0,1,0,0,28.35767346885214,0,538.7957959081907,0.0,200.0,272.0
636,8102,2023-05-03,Texas Rangers,Arizona Diamondbacks,0,-117.0,107.0,0.5391705069124424,0.4830917874396135,0.6043420017186983,0.3956579982813016,0.06517149480625595,-0.0874337891583119,True,False,0,1,0,0,28.35767346885214,0,510.4381224393386,0.0,200.0,273.0
637,8049,2023-04-29,Minnesota Twins,Kansas City Royals,0,-220.0,200.0,0.6875,0.3333333333333333,0.641723601602971,0.3582763983970289,-0.04577639839702896,0.02494306506369559,False,True,1,0,0,0,28.35767346885214,0,567.1534693770429,56.71534693770428,201.0,273.0
638,1220,2020-09-21,Washington Nationals,Philadelphia Phillies,1,138.0,-149.0,0.4201680672268907,0.5983935742971888,0.5450021277013598,0.4549978722986402,0.1248340604744691,-0.14339570199854856,True,False,1,0,0,0,28.35767346885214,0,606.2870587640589,39.13358938701595,202.0,273.0
639,1057,2020-09-10,Oakland Athletics,Houston Astros,1,-137.0,127.0,0.5780590717299579,0.4405286343612334,0.5748395507674922,0.4251604492325078,-0.003219520962465694,-0.01536818512872562,False,False,0,0,0,0,0.0,0,606.2870587640589,0.0,202.0,273.0
640,6696,2022-09-06,Los Angeles Angels,Detroit Tigers,1,-139.0,129.0,0.5815899581589958,0.4366812227074236,0.6315321710488225,0.3684678289511774,0.0499422128898267,-0.06821339375624619,True,False,1,0,0,0,30.314352938202944,0,628.0959457699603,21.808887005901397,203.0,273.0
641,7776,2023-04-09,New York Mets,Miami Marlins,0,-145.0,134.0,0.5918367346938775,0.4273504273504273,0.6346213571324301,0.3653786428675699,0.04278462243855252,-0.061971784482857395,True,False,0,1,0,0,30.314352938202944,0,597.7815928317573,0.0,203.0,274.0
642,6973,2022-09-27,Toronto Blue Jays,New York Yankees,0,-105.0,-105.0,0.5121951219512195,0.5121951219512195,0.5101252568953497,0.4898747431046502,-0.002069865055869813,-0.022320378846569344,False,False,0,0,0,0,0.0,0,597.7815928317573,0.0,203.0,274.0
643,5800,2022-06-30,Seattle Mariners,Oakland Athletics,1,-213.0,193.0,0.6805111821086262,0.3412969283276451,0.6383553326820975,0.3616446673179024,-0.04215584942652861,0.020347738990257325,False,True,0,1,0,0,30.314352938202944,0,567.4672398935543,0.0,203.0,275.0
644,8646,2023-06-12,Texas Rangers,Los Angeles Angels,0,-151.0,139.0,0.601593625498008,0.4184100418410041,0.5396342524622844,0.4603657475377156,-0.06195937303572363,0.041955705696711476,False,True,1,0,0,0,30.314352938202944,0,609.6041904776564,42.13695058410209,204.0,275.0
645,8160,2023-05-07,Cleveland Guardians,Minnesota Twins,1,120.0,-130.0,0.4545454545454545,0.5652173913043478,0.4504725791351585,0.5495274208648415,-0.004072875410295995,-0.015689970439506262,False,False,0,0,0,0,0.0,0,609.6041904776564,0.0,204.0,275.0
646,6422,2022-08-17,Miami Marlins,San Diego Padres,0,137.0,-147.0,0.4219409282700422,0.5951417004048583,0.4514581159482862,0.5485418840517138,0.029517187678244017,-0.046599816353144474,True,False,0,1,0,0,30.48020952388282,0,579.1239809537735,0.0,204.0,276.0
647,5260,2022-05-22,Kansas City Royals,Minnesota Twins,0,103.0,-112.0,0.4926108374384236,0.5283018867924528,0.4186927575098778,0.5813072424901222,-0.07391807992854582,0.0530053556976694,False,True,1,0,0,0,30.48020952388282,0,606.3384537429546,27.21447278918109,205.0,276.0
648,8109,2023-05-03,New York Yankees,Cleveland Guardians,1,122.0,-132.0,0.4504504504504504,0.5689655172413793,0.5839317967358828,0.4160682032641171,0.1334813462854324,-0.15289731397726225,True,False,1,0,0,0,30.48020952388282,0,643.5243093620916,37.18585561913704,206.0,276.0
649,8600,2023-06-09,Baltimore Orioles,Kansas City Royals,1,-181.0,166.0,0.6441281138790036,0.3759398496240601,0.6401878759961268,0.3598121240038732,-0.003940237882876785,-0.016127725620186883,False,False,0,0,0,0,0.0,0,643.5243093620916,0.0,206.0,276.0
650,519,2020-08-04,Seattle Mariners,Los Angeles Angels,0,173.0,-189.0,0.3663003663003663,0.6539792387543253,0.4443134185327129,0.5556865814672871,0.07801305223234661,-0.09829265728703818,True,False,0,1,0,0,32.17621546810458,0,611.348093893987,0.0,206.0,277.0
651,564,2020-08-07,Oakland Athletics,Houston Astros,1,-102.0,-108.0,0.504950495049505,0.5192307692307693,0.5719899259562728,0.4280100740437272,0.0670394309067679,-0.09122069518704207,True,False,1,0,0,0,32.17621546810458,0,642.8934031764425,31.54530928245547,207.0,277.0
652,644,2020-08-13,Philadelphia Phillies,Baltimore Orioles,0,-179.0,165.0,0.6415770609318996,0.3773584905660377,0.5341349415448589,0.4658650584551411,-0.10744211938704074,0.08850656788910338,False,True,1,0,0,0,32.17621546810458,0,695.984158698815,53.090755522372554,208.0,277.0
653,7923,2023-04-19,New York Yankees,Los Angeles Angels,1,-129.0,119.0,0.5633187772925764,0.45662100456621,0.5884067876331724,0.4115932123668275,0.025088010340596045,-0.04502779219938252,True,False,1,0,0,0,32.17621546810458,0,720.9269613872682,24.942802688453163,209.0,277.0
654,6761,2022-09-11,Houston Astros,Los Angeles Angels,1,-227.0,208.0,0.6941896024464832,0.3246753246753247,0.6338206627492993,0.3661793372507007,-0.06036893969718393,0.041504012575376004,False,True,0,1,0,0,32.17621546810458,0,688.7507459191636,0.0,209.0,278.0
655,3319,2021-07-24,Boston Red Sox,New York Yankees,0,-161.0,148.0,0.6168582375478927,0.4032258064516129,0.6075236534787161,0.3924763465212839,-0.009334584069176644,-0.010749459930328997,False,False,0,0,0,0,0.0,0,688.7507459191636,0.0,209.0,278.0
656,5663,2022-06-20,Atlanta Braves,San Francisco Giants,1,-147.0,137.0,0.5951417004048583,0.4219409282700422,0.5423653314567182,0.4576346685432818,-0.052776368948140084,0.03569374027323957,False,True,0,1,0,0,34.43753729595818,0,654.3132086232054,0.0,209.0,279.0
657,6446,2022-08-19,Philadelphia Phillies,New York Mets,0,-118.0,107.0,0.5412844036697247,0.4830917874396135,0.520913407312722,0.479086592687278,-0.02037099635700279,-0.004005194752335517,False,False,0,0,0,0,0.0,0,654.3132086232054,0.0,209.0,279.0
658,2170,2021-04-28,Houston Astros,Seattle Mariners,1,-200.0,184.0,0.6666666666666666,0.352112676056338,0.6233921294920035,0.3766078705079964,-0.04327453717466312,0.024495194451658375,False,True,0,1,0,0,34.43753729595818,0,619.8756713272471,0.0,209.0,280.0
659,8368,2023-05-22,Los Angeles Angels,Boston Red Sox,1,-109.0,-101.0,0.5215311004784688,0.5024875621890548,0.5250364737425808,0.4749635262574191,0.003505373264111933,-0.02752403593163566,False,False,0,0,0,0,0.0,0,619.8756713272471,0.0,209.0,280.0
660,5118,2022-05-12,Texas Rangers,Kansas City Royals,1,-128.0,118.0,0.5614035087719298,0.4587155963302752,0.5449131266071499,0.4550868733928502,-0.016490382164779938,-0.0036287229374249996,False,False,0,0,0,0,0.0,0,619.8756713272471,0.0,209.0,280.0
661,2714,2021-06-06,San Diego Padres,New York Mets,0,-137.0,127.0,0.5780590717299579,0.4405286343612334,0.5915546135390481,0.4084453864609519,0.013495541809090295,-0.0320832479002815,True,False,0,1,0,0,30.993783566362357,0,588.8818877608848,0.0,209.0,281.0
662,5916,2022-07-08,San Diego Padres,San Francisco Giants,1,-152.0,139.0,0.6031746031746031,0.4184100418410041,0.5543314774416658,0.4456685225583342,-0.048843125732937365,0.027258480717330114,False,True,0,1,0,0,30.993783566362357,0,557.8881041945224,0.0,209.0,282.0
663,3970,2021-09-09,Philadelphia Phillies,Colorado Rockies,0,-185.0,170.0,0.6491228070175439,0.3703703703703703,0.6315073494451959,0.368492650554804,-0.017615457572347948,-0.001877719815566281,False,False,0,0,0,0,0.0,0,557.8881041945224,0.0,209.0,282.0
664,634,2020-08-12,Philadelphia Phillies,Baltimore Orioles,0,-169.0,157.0,0.6282527881040892,0.3891050583657587,0.5011347123274453,0.4988652876725546,-0.1271180757766439,0.10976022930679591,False,True,1,0,0,0,30.993783566362357,0,606.5483443937113,48.660240199188905,210.0,282.0
665,1198,2020-09-19,Baltimore Orioles,Tampa Bay Rays,0,163.0,-179.0,0.3802281368821292,0.6415770609318996,0.4205764669016943,0.5794235330983057,0.040348330019565115,-0.06215352783359385,True,False,0,1,0,0,30.327417219685568,0,576.2209271740257,0.0,210.0,283.0
666,5990,2022-07-13,Los Angeles Angels,Houston Astros,1,-120.0,110.0,0.5454545454545454,0.4761904761904761,0.4283834349999008,0.5716165650000992,-0.11707111045464463,0.09542608880962306,False,True,0,1,0,0,30.327417219685568,0,545.8935099543402,0.0,210.0,284.0
667,5112,2022-05-12,Washington Nationals,New York Mets,0,137.0,-147.0,0.4219409282700422,0.5951417004048583,0.4221704864050852,0.5778295135949147,0.00022955813504299538,-0.01731218680994351,False,False,0,0,0,0,0.0,0,545.8935099543402,0.0,210.0,284.0
668,5734,2022-06-25,Atlanta Braves,Los Angeles Dodgers,1,-147.0,137.0,0.5951417004048583,0.4219409282700422,0.4544935641095881,0.5455064358904118,-0.14064813629527018,0.12356550762036961,False,True,0,1,0,0,30.327417219685568,0,515.5660927346546,0.0,210.0,285.0
669,7861,2023-04-15,Kansas City Royals,Atlanta Braves,0,126.0,-136.0,0.4424778761061947,0.576271186440678,0.4165829962496692,0.5834170037503308,-0.0258948798565255,0.007145817309652802,False,False,0,0,0,0,0.0,0,515.5660927346546,0.0,210.0,285.0
670,461,2020-07-31,Arizona Diamondbacks,Los Angeles Dodgers,1,115.0,-125.0,0.4651162790697674,0.5555555555555556,0.4164199803748507,0.5835800196251493,-0.048696298694916706,0.02802446406959369,False,True,0,1,0,0,25.77830463673273,0,489.78778809792186,0.0,210.0,286.0
671,5535,2022-06-11,Washington Nationals,Milwaukee Brewers,1,147.0,-159.0,0.4048582995951417,0.6138996138996139,0.4574101391204699,0.5425898608795301,0.052551839525328214,-0.0713097530200838,True,False,1,0,0,0,25.77830463673273,0,527.681895913919,37.89410781599712,211.0,286.0
672,5832,2022-07-02,Colorado Rockies,Arizona Diamondbacks,1,-143.0,131.0,0.588477366255144,0.4329004329004329,0.5099849686610243,0.4900150313389758,-0.07849239759411974,0.057114598438542885,False,True,0,1,0,0,25.77830463673273,0,501.90359127718625,0.0,211.0,287.0
673,528,2020-08-05,Pittsburgh Pirates,Minnesota Twins,0,167.0,-182.0,0.3745318352059925,0.6453900709219859,0.4165214008042631,0.5834785991957369,0.041989565598270606,-0.061911471726249,True,False,0,1,0,0,25.77830463673273,0,476.1252866404535,0.0,211.0,288.0
674,5541,2022-06-11,Atlanta Braves,Pittsburgh Pirates,1,-238.0,214.0,0.7041420118343196,0.3184713375796178,0.6401274476805544,0.3598725523194456,-0.06401456415376516,0.041401214739827774,False,True,0,1,0,0,25.77830463673273,0,450.34698200372077,0.0,211.0,289.0
675,1287,2020-09-25,Los Angeles Dodgers,Los Angeles Angels,1,-196.0,180.0,0.6621621621621622,0.3571428571428571,0.6373871255727814,0.3626128744272186,-0.02477503658938074,0.005470017284361528,False,False,0,0,0,0,0.0,0,450.34698200372077,0.0,211.0,289.0
676,1191,2020-09-19,Miami Marlins,Washington Nationals,1,-105.0,-105.0,0.5121951219512195,0.5121951219512195,0.6114077143834016,0.3885922856165983,0.09921259243218206,-0.12360283633462121,True,False,1,0,0,0,22.51734910018604,0,471.7920763848503,21.44509438112956,212.0,289.0
677,4777,2022-04-18,Colorado Rockies,Philadelphia Phillies,1,146.0,-159.0,0.4065040650406504,0.6138996138996139,0.6096298548547496,0.3903701451452503,0.20312578981409923,-0.22352946875436358,True,False,1,0,0,0,22.51734910018604,0,504.66740607112195,32.87532968627161,213.0,289.0
678,4966,2022-05-01,Los Angeles Dodgers,Detroit Tigers,1,-244.0,217.0,0.7093023255813954,0.3154574132492113,0.6385506476679328,0.3614493523320671,-0.0707516779134626,0.045991939082855815,False,True,0,1,0,0,22.51734910018604,0,482.1500569709359,0.0,213.0,290.0
679,5114,2022-05-12,Minnesota Twins,Houston Astros,0,119.0,-130.0,0.45662100456621,0.5652173913043478,0.4331555754861258,0.5668444245138742,-0.0234654290800842,0.0016270332095263962,False,False,0,0,0,0,0.0,0,482.1500569709359,0.0,213.0,290.0
680,977,2020-09-04,Los Angeles Angels,Houston Astros,1,101.0,-111.0,0.4975124378109453,0.5260663507109005,0.4218720398527883,0.5781279601472116,-0.07564039795815697,0.05206160943631111,False,True,0,1,0,0,24.107502848546797,0,458.0425541223891,0.0,213.0,291.0
681,2750,2021-06-10,Cincinnati Reds,Milwaukee Brewers,0,105.0,-115.0,0.4878048780487805,0.5348837209302325,0.4943040967723316,0.5056959032276683,0.006499218723551137,-0.02918781770256418,False,False,0,0,0,0,0.0,0,458.0425541223891,0.0,213.0,291.0
682,6308,2022-08-09,Detroit Tigers,Cleveland Guardians,0,168.0,-182.0,0.373134328358209,0.6453900709219859,0.438450459504267,0.5615495404957331,0.065316131146058,-0.08384053042625272,True,False,0,1,0,0,24.107502848546797,0,433.9350512738423,0.0,213.0,292.0
683,3099,2021-07-05,Miami Marlins,Los Angeles Dodgers,1,141.0,-154.0,0.4149377593360996,0.6062992125984252,0.4185812184072211,0.5814187815927789,0.003643459071121513,-0.024880431005646297,False,False,0,0,0,0,0.0,0,433.9350512738423,0.0,213.0,292.0
684,4757,2022-04-16,Los Angeles Dodgers,Cincinnati Reds,1,-227.0,208.0,0.6941896024464832,0.3246753246753247,0.6418203911325406,0.3581796088674593,-0.052369211313942565,0.03350428419213464,False,True,0,1,0,0,24.107502848546797,0,409.8275484252955,0.0,213.0,293.0
685,8262,2023-05-14,Washington Nationals,New York Mets,0,171.0,-186.0,0.3690036900369003,0.6503496503496503,0.4249393454033681,0.5750606545966319,0.055935655366467774,-0.0752889957530184,True,False,0,1,0,0,20.491377421264776,0,389.33617100403075,0.0,213.0,294.0
686,1284,2020-09-25,Texas Rangers,Houston Astros,1,162.0,-175.0,0.3816793893129771,0.6363636363636364,0.4171251834460509,0.582874816553949,0.03544579413307375,-0.05348881980968734,True,False,1,0,0,0,20.491377421264776,0,422.53220242647967,33.19603142244894,214.0,294.0
687,5623,2022-06-17,Colorado Rockies,San Diego Padres,1,148.0,-161.0,0.4032258064516129,0.6168582375478927,0.4178854298845287,0.5821145701154713,0.014659623432915825,-0.03474366743242141,True,False,1,0,0,0,20.491377421264776,0,452.8594410099515,30.327238583471868,215.0,294.0
688,5717,2022-06-24,Milwaukee Brewers,Toronto Blue Jays,0,138.0,-149.0,0.4201680672268907,0.5983935742971888,0.4706399059437521,0.5293600940562478,0.050471838716861395,-0.06903348024094091,True,False,0,1,0,0,20.491377421264776,0,432.36806358868677,0.0,215.0,295.0
689,5364,2022-05-29,New York Mets,Philadelphia Phillies,1,-109.0,-101.0,0.5215311004784688,0.5024875621890548,0.6107841045323047,0.3892158954676953,0.08925300405383585,-0.11327166672135947,True,False,1,0,0,0,20.491377421264776,0,451.1674924155352,18.79942882684842,216.0,295.0
690,6438,2022-08-18,Pittsburgh Pirates,Boston Red Sox,1,141.0,-154.0,0.4149377593360996,0.6062992125984252,0.4220573416703071,0.5779426583296929,0.007119582334207508,-0.028356554268732292,False,False,0,0,0,0,0.0,0,451.1674924155352,0.0,216.0,295.0
691,7085,2022-10-04,Oakland Athletics,Los Angeles Angels,1,121.0,-131.0,0.4524886877828054,0.5670995670995671,0.4750809633121508,0.5249190366878492,0.022592275529345396,-0.042180530411717876,True,False,1,0,0,0,22.55837462077676,0,478.4631257066751,27.29563329113988,217.0,295.0
692,8623,2023-06-10,Milwaukee Brewers,Oakland Athletics,0,-174.0,160.0,0.635036496350365,0.3846153846153846,0.6389150273428386,0.3610849726571614,0.0038785309924735945,-0.023530411958223196,False,False,0,0,0,0,0.0,0,478.4631257066751,0.0,217.0,295.0
693,603,2020-08-10,New York Mets,Washington Nationals,0,110.0,-120.0,0.4761904761904761,0.5454545454545454,0.5402395271294788,0.4597604728705212,0.06404905093900265,-0.08569407258402423,True,False,0,1,0,0,22.55837462077676,0,455.90475108589834,0.0,217.0,296.0
694,7062,2022-10-03,Boston Red Sox,Tampa Bay Rays,1,122.0,-132.0,0.4504504504504504,0.5689655172413793,0.4393713387725763,0.5606286612274236,-0.01107911167787412,-0.008336856013955729,False,False,0,0,0,0,0.0,0,455.90475108589834,0.0,217.0,296.0
695,2694,2021-06-05,Milwaukee Brewers,Arizona Diamondbacks,1,-227.0,204.0,0.6941896024464832,0.3289473684210526,0.6380975027289393,0.3619024972710606,-0.05609209971754392,0.03295512885000801,False,True,0,1,0,0,22.795237554294918,0,433.1095135316034,0.0,217.0,297.0
696,4737,2022-04-15,Kansas City Royals,Detroit Tigers,0,-122.0,112.0,0.5495495495495496,0.4716981132075472,0.4347494250695265,0.5652505749304735,-0.11480012448002308,0.0935524617229263,False,True,1,0,0,0,22.795237554294918,0,458.6401795924137,25.53066606081031,218.0,297.0
697,6022,2022-07-16,Chicago Cubs,New York Mets,0,192.0,-208.0,0.3424657534246575,0.6753246753246753,0.4191828902343225,0.5808171097656776,0.07671713680966497,-0.09450756555899775,True,False,0,1,0,0,22.795237554294918,0,435.84494203811875,0.0,218.0,298.0
698,8746,2023-06-19,Milwaukee Brewers,Arizona Diamondbacks,0,-123.0,113.0,0.5515695067264574,0.4694835680751174,0.5846056228476941,0.4153943771523058,0.03303611612123669,-0.05408919092281156,True,False,0,1,0,0,22.795237554294918,0,413.0497044838238,0.0,218.0,299.0
699,4868,2022-04-24,Oakland Athletics,Texas Rangers,1,110.0,-120.0,0.4761904761904761,0.5454545454545454,0.5972187496274984,0.4027812503725015,0.12102827343702233,-0.1426732950820439,True,False,1,0,0,0,22.795237554294918,0,438.1244657935482,25.074761309724412,219.0,299.0
700,3981,2021-09-10,Houston Astros,Los Angeles Angels,1,-192.0,177.0,0.6575342465753424,0.3610108303249097,0.6306883254291229,0.369311674570877,-0.02684592114621953,0.008300844245967276,False,False,0,0,0,0,0.0,0,438.1244657935482,0.0,219.0,299.0
701,771,2020-08-21,Oakland Athletics,Los Angeles Angels,1,102.0,-112.0,0.495049504950495,0.5283018867924528,0.6398706409198308,0.3601293590801692,0.14482113596933582,-0.16817252771228364,True,False,1,0,0,0,21.906223289677413,0,460.46881354901916,22.344347755470963,220.0,299.0
702,6490,2022-08-22,Philadelphia Phillies,Cincinnati Reds,1,-227.0,208.0,0.6941896024464832,0.3246753246753247,0.6111104303955016,0.3888895696044984,-0.08307917205098159,0.06421424492917371,False,True,0,1,0,0,21.906223289677413,0,438.56259025934173,0.0,220.0,300.0
703,3757,2021-08-25,Houston Astros,Kansas City Royals,1,-217.0,200.0,0.6845425867507886,0.3333333333333333,0.6323178135838295,0.3676821864161704,-0.05222477316695906,0.03434885308283708,False,True,0,1,0,0,21.906223289677413,0,416.6563669696643,0.0,220.0,301.0
704,626,2020-08-11,Los Angeles Dodgers,San Diego Padres,0,-156.0,145.0,0.609375,0.4081632653061224,0.6072892821284605,0.3927107178715395,-0.0020857178715395497,-0.015452547434582908,False,False,0,0,0,0,0.0,0,416.6563669696643,0.0,220.0,301.0
705,5321,2022-05-27,New York Mets,Philadelphia Phillies,1,-135.0,125.0,0.574468085106383,0.4444444444444444,0.5867580890046588,0.4132419109953412,0.012290003898275725,-0.03120253344910323,True,False,1,0,0,0,20.832818348483215,0,432.08808426483705,15.431717295172751,221.0,301.0
706,8126,2023-05-05,Chicago Cubs,Miami Marlins,1,-156.0,144.0,0.609375,0.4098360655737705,0.6240240382586146,0.3759759617413853,0.014649038258614633,-0.03386010383238519,True,False,1,0,0,0,20.832818348483215,0,445.44245500104427,13.35437073620719,222.0,301.0
707,6516,2022-08-24,Colorado Rockies,Texas Rangers,0,117.0,-127.0,0.4608294930875576,0.5594713656387665,0.5078881732305662,0.4921118267694338,0.047058680143008624,-0.06735953886933271,True,False,0,1,0,0,20.832818348483215,0,424.60963665256105,0.0,222.0,302.0
708,2215,2021-05-02,Washington Nationals,Miami Marlins,1,-145.0,133.0,0.5918367346938775,0.4291845493562232,0.6123918658853271,0.3876081341146728,0.020555131191449583,-0.04157641524155037,True,False,1,0,0,0,20.832818348483215,0,438.9770975825495,14.367460929988425,223.0,302.0
709,3356,2021-07-26,Seattle Mariners,Houston Astros,1,157.0,-172.0,0.3891050583657587,0.6323529411764706,0.4321897018979087,0.5678102981020913,0.04308464353214997,-0.06454264307437929,True,False,1,0,0,0,20.832818348483215,0,471.68462238966816,32.70752480711865,224.0,302.0
710,5298,2022-05-25,Washington Nationals,Los Angeles Dodgers,1,184.0,-200.0,0.352112676056338,0.6666666666666666,0.4164000856733115,0.5835999143266885,0.06428740961697349,-0.08306675233997818,True,False,1,0,0,0,23.58423111948341,0,515.0796076495176,43.39498525984948,225.0,302.0
711,8641,2023-06-11,Los Angeles Angels,Seattle Mariners,1,-115.0,105.0,0.5348837209302325,0.4878048780487805,0.4995752768311545,0.5004247231688455,-0.03530844409907802,0.012619845120064976,False,True,0,1,0,0,23.58423111948341,0,491.49537653003415,0.0,225.0,303.0
712,8244,2023-05-13,Los Angeles Dodgers,San Diego Padres,1,-142.0,131.0,0.5867768595041323,0.4329004329004329,0.6330676477594688,0.3669323522405311,0.0462907882553365,-0.06596808065990178,True,False,1,0,0,0,23.58423111948341,0,508.1039899944591,16.608613464424934,226.0,303.0
713,3083,2021-07-04,Philadelphia Phillies,San Diego Padres,0,113.0,-123.0,0.4694835680751174,0.5515695067264574,0.4675570996501641,0.5324429003498359,-0.0019264684249532538,-0.019126606376621558,False,False,0,0,0,0,0.0,0,508.1039899944591,0.0,226.0,303.0
714,6734,2022-09-09,Kansas City Royals,Detroit Tigers,0,-128.0,118.0,0.5614035087719298,0.4587155963302752,0.5633573260652334,0.4366426739347667,0.0019538172933035725,-0.02207292239550851,False,False,0,0,0,0,0.0,0,508.1039899944591,0.0,226.0,303.0
715,473,2020-08-01,Chicago Cubs,Pittsburgh Pirates,1,-152.0,139.0,0.6031746031746031,0.4184100418410041,0.639740752187232,0.3602592478127679,0.03656614901262889,-0.0581507940282362,True,False,1,0,0,0,25.405199499722954,0,524.8179370337505,16.71394703929142,227.0,303.0
716,6952,2022-09-25,Tampa Bay Rays,Toronto Blue Jays,0,-133.0,123.0,0.5708154506437768,0.4484304932735426,0.5880476969598439,0.411952303040156,0.017232246316067124,-0.03647819023338661,True,False,0,1,0,0,25.405199499722954,0,499.41273753402754,0.0,227.0,304.0
717,3358,2021-07-27,Baltimore Orioles,Miami Marlins,0,116.0,-127.0,0.4629629629629629,0.5594713656387665,0.4402331432320802,0.5597668567679197,-0.022729819730882728,0.0002954911291531692,False,False,0,0,0,0,0.0,0,499.41273753402754,0.0,227.0,304.0
718,7784,2023-04-09,Atlanta Braves,San Diego Padres,0,-114.0,104.0,0.5327102803738317,0.4901960784313725,0.5425974396989524,0.4574025603010477,0.009887159325120631,-0.03279351813032477,False,False,0,0,0,0,0.0,0,499.41273753402754,0.0,227.0,304.0
719,2548,2021-05-26,Boston Red Sox,Atlanta Braves,1,-122.0,112.0,0.5495495495495496,0.4716981132075472,0.5061001202022465,0.4938998797977535,-0.043449429347303115,0.02220176659020634,False,True,0,1,0,0,25.405199499722954,0,474.0075380343046,0.0,227.0,305.0
720,6109,2022-07-25,Oakland Athletics,Houston Astros,1,201.0,-222.0,0.3322259136212624,0.6894409937888198,0.41731597830678,0.58268402169322,0.08509006468551761,-0.10675697209559987,True,False,1,0,0,0,23.70037690171523,0,521.6452956067523,47.63775757244761,228.0,305.0
721,2501,2021-05-23,Washington Nationals,Baltimore Orioles,1,-182.0,167.0,0.6453900709219859,0.3745318352059925,0.639209173673532,0.360790826326468,-0.006180897248453832,-0.013741008879524508,False,False,0,0,0,0,0.0,0,521.6452956067523,0.0,228.0,305.0
722,8037,2023-04-28,Texas Rangers,New York Yankees,1,-205.0,188.0,0.6721311475409836,0.3472222222222222,0.5069883954352268,0.4930116045647732,-0.1651427521057568,0.145789382342551,False,True,0,1,0,0,23.70037690171523,0,497.944918705037,0.0,228.0,306.0
723,3642,2021-08-16,Kansas City Royals,Houston Astros,1,137.0,-147.0,0.4219409282700422,0.5951417004048583,0.4228616526050653,0.5771383473949347,0.0009207243350231042,-0.018003353009923506,False,False,0,0,0,0,0.0,0,497.944918705037,0.0,228.0,306.0
724,2888,2021-06-20,Washington Nationals,New York Mets,1,104.0,-114.0,0.4901960784313725,0.5327102803738317,0.4980721902817094,0.5019278097182907,0.007876111850336931,-0.030782470655541072,False,False,0,0,0,0,0.0,0,497.944918705037,0.0,228.0,306.0
725,7757,2023-04-08,Chicago Cubs,Texas Rangers,1,-119.0,109.0,0.54337899543379,0.4784688995215311,0.5416342127232865,0.4583657872767135,-0.0017447827105034897,-0.02010311224481759,False,False,0,0,0,0,0.0,0,497.944918705037,0.0,228.0,306.0
726,2845,2021-06-16,Seattle Mariners,Minnesota Twins,0,110.0,-120.0,0.4761904761904761,0.5454545454545454,0.619777133495069,0.380222866504931,0.1435866573045929,-0.16523167894961444,True,False,0,1,0,0,24.897245935251853,0,473.04767276978515,0.0,228.0,307.0
727,8897,2023-07-01,Texas Rangers,Houston Astros,1,-130.0,120.0,0.5652173913043478,0.4545454545454545,0.449493976195577,0.5505060238044228,-0.11572341510877077,0.09596056925896834,False,True,0,1,0,0,24.897245935251853,0,448.1504268345333,0.0,228.0,308.0
728,8569,2023-06-06,Los Angeles Angels,Chicago Cubs,1,-130.0,120.0,0.5652173913043478,0.4545454545454545,0.5767408066858188,0.4232591933141811,0.011523415381471058,-0.03128626123127337,True,False,1,0,0,0,24.897245935251853,0,467.3021544770347,19.151727642501427,229.0,308.0
729,6244,2022-08-04,Philadelphia Phillies,Washington Nationals,1,-217.0,197.0,0.6845425867507886,0.3367003367003367,0.6397560362009782,0.3602439637990218,-0.0447865505498104,0.02354362709868507,False,True,0,1,0,0,24.897245935251853,0,442.40490854178285,0.0,229.0,309.0
730,6745,2022-09-10,Baltimore Orioles,Boston Red Sox,0,-110.0,100.0,0.5238095238095238,0.5,0.5565927289138206,0.4434072710861794,0.032783205104296775,-0.05659272891382061,True,False,0,1,0,0,22.120245427089145,0,420.28466311469367,0.0,229.0,310.0
731,6514,2022-08-24,Pittsburgh Pirates,Atlanta Braves,0,220.0,-244.0,0.3125,0.7093023255813954,0.4178253417490523,0.5821746582509477,0.10532534174905228,-0.12712766733044767,True,False,0,1,0,0,22.120245427089145,0,398.16441768760455,0.0,229.0,311.0
732,5502,2022-06-08,San Diego Padres,New York Mets,1,-118.0,107.0,0.5412844036697247,0.4830917874396135,0.519609679405583,0.4803903205944169,-0.021674724264141743,-0.0027014668451966206,False,False,0,0,0,0,0.0,0,398.16441768760455,0.0,229.0,311.0
733,8729,2023-06-18,Kansas City Royals,Los Angeles Angels,0,109.0,-119.0,0.4784688995215311,0.54337899543379,0.4274090937500233,0.5725909062499767,-0.051059805771507816,0.02921191081618668,False,True,1,0,0,0,22.120245427089145,0,416.7528592229736,18.58844153536903,230.0,311.0
734,3993,2021-09-11,Detroit Tigers,Tampa Bay Rays,0,134.0,-145.0,0.4273504273504273,0.5918367346938775,0.4444888617069819,0.5555111382930181,0.0171384343565546,-0.03632559640085942,True,False,0,1,0,0,22.120245427089145,0,394.6326137958845,0.0,230.0,312.0
735,2911,2021-06-21,San Diego Padres,Los Angeles Dodgers,1,-127.0,116.0,0.5594713656387665,0.4629629629629629,0.4685812722762218,0.5314187277237782,-0.09089009336254472,0.06845576476081527,False,True,0,1,0,0,19.731630689794226,0,374.9009831060903,0.0,230.0,313.0
736,2837,2021-06-16,Oakland Athletics,Los Angeles Angels,1,-128.0,118.0,0.5614035087719298,0.4587155963302752,0.6240779244105743,0.3759220755894256,0.06267441563864451,-0.08279352074084961,True,False,1,0,0,0,19.731630689794226,0,390.31631958249204,15.41533647640174,231.0,313.0
737,2682,2021-06-04,Colorado Rockies,Oakland Athletics,0,118.0,-128.0,0.4587155963302752,0.5614035087719298,0.4541427816526247,0.5458572183473752,-0.004572814677650472,-0.015546290424554576,False,False,0,0,0,0,0.0,0,390.31631958249204,0.0,231.0,313.0
738,2010,2021-04-17,Chicago Cubs,Atlanta Braves,1,112.0,-122.0,0.4716981132075472,0.5495495495495496,0.4622112032533425,0.5377887967466575,-0.009486909954204703,-0.011760752802892127,False,False,0,0,0,0,0.0,0,390.31631958249204,0.0,231.0,313.0
739,5079,2022-05-09,Arizona Diamondbacks,Miami Marlins,1,106.0,-116.0,0.4854368932038835,0.5370370370370371,0.5147699946549129,0.4852300053450871,0.02933310145102941,-0.05180703169195,True,False,1,0,0,0,19.731630689794226,0,411.23184811367395,20.91552853118188,232.0,313.0
740,6857,2022-09-18,Toronto Blue Jays,Baltimore Orioles,0,-191.0,175.0,0.6563573883161512,0.3636363636363636,0.63291384534179,0.36708615465821,-0.023443542974361242,0.0034497910218463934,False,False,0,0,0,0,0.0,0,411.23184811367395,0.0,232.0,313.0
741,4011,2021-09-12,Minnesota Twins,Kansas City Royals,0,-156.0,145.0,0.609375,0.4081632653061224,0.6184679300245799,0.3815320699754201,0.009092930024579893,-0.026631195330702295,False,False,0,0,0,0,0.0,0,411.23184811367395,0.0,232.0,313.0
742,2708,2021-06-06,Milwaukee Brewers,Arizona Diamondbacks,1,-233.0,209.0,0.6996996996996997,0.3236245954692556,0.6392109451196979,0.3607890548803021,-0.0604887545800018,0.03716445941104651,False,True,0,1,0,0,20.561592405683697,0,390.67025570799024,0.0,232.0,314.0
743,8422,2023-05-26,Arizona Diamondbacks,Boston Red Sox,0,133.0,-144.0,0.4291845493562232,0.5901639344262295,0.5349394996227357,0.4650605003772643,0.10575495026651249,-0.12510343404896518,True,False,0,1,0,0,20.561592405683697,0,370.1086633023065,0.0,232.0,315.0
744,3238,2021-07-18,Detroit Tigers,Minnesota Twins,1,118.0,-128.0,0.4587155963302752,0.5614035087719298,0.495133945044778,0.504866054955222,0.03641834871450278,-0.05653745381670783,True,False,1,0,0,0,20.561592405683697,0,394.3713423410133,24.26267903870676,233.0,315.0
745,8837,2023-06-27,Pittsburgh Pirates,San Diego Padres,1,167.0,-182.0,0.3745318352059925,0.6453900709219859,0.4397892280935956,0.5602107719064044,0.06525739288760313,-0.08517929901558141,True,False,1,0,0,0,19.718567117050668,0,427.30134942648795,32.930007085474614,234.0,315.0
746,6629,2022-09-02,Cincinnati Reds,Colorado Rockies,1,-105.0,-105.0,0.5121951219512195,0.5121951219512195,0.5332783878948083,0.4667216121051917,0.02108326594358878,-0.045473509846027826,True,False,1,0,0,0,19.718567117050668,0,446.0809371570124,18.779587730524444,235.0,315.0
747,938,2020-09-02,Colorado Rockies,San Francisco Giants,1,-127.0,117.0,0.5594713656387665,0.4608294930875576,0.4164348278506237,0.5835651721493763,-0.14303653778814285,0.1227356790618187,False,True,0,1,0,0,19.718567117050668,0,426.3623700399617,0.0,235.0,316.0
748,6632,2022-09-02,New York Mets,Washington Nationals,1,-256.0,233.0,0.7191011235955056,0.3003003003003003,0.639152314306064,0.360847685693936,-0.07994880928944159,0.06054738539363569,False,True,0,1,0,0,19.718567117050668,0,406.64380292291105,0.0,235.0,317.0
749,577,2020-08-08,Texas Rangers,Los Angeles Angels,1,130.0,-141.0,0.4347826086956521,0.5850622406639004,0.5357796879623311,0.4642203120376688,0.100997079266679,-0.12084192862623166,True,False,1,0,0,0,19.718567117050668,0,432.27794017507694,25.634137252165868,236.0,317.0
750,8517,2023-06-03,Boston Red Sox,Tampa Bay Rays,1,-114.0,104.0,0.5327102803738317,0.4901960784313725,0.4450975046187636,0.5549024953812365,-0.08761277575506815,0.06470641694986401,False,True,0,1,0,0,21.61389700875385,0,410.6640431663231,0.0,236.0,318.0
751,7019,2022-09-30,Los Angeles Angels,Texas Rangers,1,-151.0,139.0,0.601593625498008,0.4184100418410041,0.6133952857411757,0.3866047142588242,0.011801660243167755,-0.03180532758217991,True,False,1,0,0,0,21.61389700875385,0,424.97788224496804,14.313839078644934,237.0,318.0
752,6104,2022-07-25,Boston Red Sox,Cleveland Guardians,1,-105.0,-105.0,0.5121951219512195,0.5121951219512195,0.4639652012887922,0.5360347987112077,-0.04822992066242732,0.023839676759988215,False,True,0,1,0,0,21.61389700875385,0,403.3639852362142,0.0,237.0,319.0
753,5220,2022-05-19,Houston Astros,Texas Rangers,1,-200.0,184.0,0.6666666666666666,0.352112676056338,0.626535658625755,0.373464341374245,-0.04013100804091163,0.021351665317906998,False,True,0,1,0,0,21.61389700875385,0,381.75008822746037,0.0,237.0,320.0
754,7775,2023-04-09,Cleveland Guardians,Seattle Mariners,1,115.0,-125.0,0.4651162790697674,0.5555555555555556,0.43311461809124,0.56688538190876,-0.03200166097852736,0.011329826353204453,False,True,0,1,0,0,21.61389700875385,0,360.13619121870653,0.0,237.0,321.0
755,8576,2023-06-07,Toronto Blue Jays,Houston Astros,1,-148.0,137.0,0.5967741935483871,0.4219409282700422,0.5293806181232144,0.4706193818767856,-0.06739357542517277,0.04867845360674339,False,True,0,1,0,0,18.006809560935327,0,342.1293816577712,0.0,237.0,322.0
756,1107,2020-09-13,Milwaukee Brewers,Chicago Cubs,0,-125.0,115.0,0.5555555555555556,0.4651162790697674,0.4839415334050942,0.5160584665949057,-0.07161402215046136,0.05094218752513835,False,True,1,0,0,0,18.006809560935327,0,362.8372126528468,20.707830995075625,238.0,322.0
757,527,2020-08-05,Tampa Bay Rays,Boston Red Sox,0,-147.0,136.0,0.5951417004048583,0.423728813559322,0.6343051970492535,0.3656948029507465,0.039163496644395224,-0.05803401060857549,True,False,0,1,0,0,18.006809560935327,0,344.8304030919115,0.0,238.0,323.0
758,6098,2022-07-24,Seattle Mariners,Houston Astros,0,108.0,-118.0,0.4807692307692308,0.5412844036697247,0.432138047490164,0.5678619525098361,-0.04863118327906679,0.02657754884011132,False,True,1,0,0,0,18.006809560935327,0,360.09041119439905,15.260008102487564,239.0,323.0
759,3735,2021-08-23,Pittsburgh Pirates,Arizona Diamondbacks,1,-135.0,125.0,0.574468085106383,0.4444444444444444,0.543171488072961,0.456828511927039,-0.031296597033422024,0.012384067482594574,False,True,0,1,0,0,18.006809560935327,0,342.08360163346373,0.0,239.0,324.0
760,7900,2023-04-18,Washington Nationals,Baltimore Orioles,0,130.0,-141.0,0.4347826086956521,0.5850622406639004,0.4205857613824225,0.5794142386175775,-0.014196847313229621,-0.005648002046322986,False,False,0,0,0,0,0.0,0,342.08360163346373,0.0,239.0,324.0
761,6824,2022-09-16,New York Mets,Pittsburgh Pirates,1,-250.0,224.0,0.7142857142857143,0.3086419753086419,0.6399208514398549,0.360079148560145,-0.07436486284585941,0.0514371732515031,False,True,0,1,0,0,17.10418008167319,0,324.97942155179055,0.0,239.0,325.0
762,6741,2022-09-10,New York Yankees,Tampa Bay Rays,1,-106.0,-103.0,0.5145631067961165,0.5073891625615764,0.4711251507603573,0.5288748492396427,-0.04343795603575917,0.021485686678066274,False,True,0,1,0,0,17.10418008167319,0,307.8752414701174,0.0,239.0,326.0
763,5838,2022-07-03,Cincinnati Reds,Atlanta Braves,1,143.0,-154.0,0.411522633744856,0.6062992125984252,0.4186313316985787,0.5813686683014213,0.007108697953722709,-0.02493054429700392,False,False,0,0,0,0,0.0,0,307.8752414701174,0.0,239.0,326.0
764,7794,2023-04-10,Texas Rangers,Kansas City Royals,1,-168.0,155.0,0.6268656716417911,0.392156862745098,0.6347003949077945,0.3652996050922054,0.00783472326600343,-0.026857257652892597,False,False,0,0,0,0,0.0,0,307.8752414701174,0.0,239.0,326.0
765,5805,2022-07-01,Cincinnati Reds,Atlanta Braves,0,233.0,-256.0,0.3003003003003003,0.7191011235955056,0.420990921014975,0.5790090789850248,0.12069062071467468,-0.14009204461048075,True,False,0,1,0,0,15.393762073505869,0,292.4814793966115,0.0,239.0,327.0
766,8158,2023-05-07,Philadelphia Phillies,Boston Red Sox,1,-117.0,107.0,0.5391705069124424,0.4830917874396135,0.4423640054097905,0.5576359945902095,-0.09680650150265191,0.07454420715059601,False,True,0,1,0,0,15.393762073505869,0,277.08771732310566,0.0,239.0,328.0
767,6476,2022-08-21,Atlanta Braves,Houston Astros,0,-135.0,125.0,0.574468085106383,0.4444444444444444,0.526589696246365,0.473410303753635,-0.04787838886001805,0.0289658593091906,False,True,1,0,0,0,15.393762073505869,0,296.329919914988,19.242202591882336,240.0,328.0
768,5782,2022-06-29,Kansas City Royals,Texas Rangers,1,112.0,-122.0,0.4716981132075472,0.5495495495495496,0.4283570277490718,0.5716429722509282,-0.04334108545847537,0.022093422701378596,False,True,0,1,0,0,15.393762073505869,0,280.93615784148216,0.0,240.0,329.0
769,5418,2022-06-02,Milwaukee Brewers,San Diego Padres,1,-110.0,100.0,0.5238095238095238,0.5,0.5678612672157574,0.4321387327842426,0.04405174340623352,-0.06786126721575741,True,False,1,0,0,0,15.393762073505869,0,294.93048699921474,13.994329157732608,241.0,329.0
770,954,2020-09-03,Houston Astros,Texas Rangers,1,-156.0,145.0,0.609375,0.4081632653061224,0.6386361049646085,0.3613638950353914,0.029261104964608542,-0.046799370270731,True,False,1,0,0,0,14.746524349960737,0,304.38338722354854,9.452900224333806,242.0,329.0
771,7774,2023-04-09,Baltimore Orioles,New York Yankees,0,136.0,-147.0,0.423728813559322,0.5951417004048583,0.4215133029710782,0.5784866970289217,-0.0022155105882438186,-0.016655003375936506,False,False,0,0,0,0,0.0,0,304.38338722354854,0.0,242.0,329.0
772,6310,2022-08-09,Boston Red Sox,Atlanta Braves,0,135.0,-145.0,0.425531914893617,0.5918367346938775,0.4497354720341151,0.5502645279658849,0.0242035571404981,-0.04157220672799267,True,False,0,1,0,0,14.746524349960737,0,289.6368628735878,0.0,242.0,330.0
773,1960,2021-04-13,Kansas City Royals,Los Angeles Angels,1,117.0,-127.0,0.4608294930875576,0.5594713656387665,0.4187474211581586,0.5812525788418413,-0.042082071929399,0.0217812132030748,False,True,0,1,0,0,14.746524349960737,0,274.89033852362707,0.0,242.0,331.0
774,7821,2023-04-12,Philadelphia Phillies,Miami Marlins,0,-184.0,169.0,0.647887323943662,0.3717472118959107,0.6069600449072744,0.3930399550927256,-0.0409272790363876,0.0212927431968149,False,True,1,0,0,0,14.746524349960737,0,299.8119646750607,24.921626151433646,243.0,331.0
775,573,2020-08-08,Pittsburgh Pirates,Detroit Tigers,0,-118.0,108.0,0.5412844036697247,0.4807692307692308,0.4371128239372652,0.5628871760627348,-0.10417157973245955,0.08211794529350397,False,True,1,0,0,0,14.990598233753037,0,316.00181076751403,16.18984609245328,244.0,331.0
