,id,game_date,home_team,away_team,home_is_winner,home_odds,away_odds,home_implied_prob,away_implied_prob,model_home_win_prob,model_away_win_prob,homediff,awaydiff,betaway,bethome,game_won,game_lost,win,loss,bet_amount,bet_win,bankroll,net_bet_win,total_won_games,total_lost_games
0,1930,2021-04-11,Los Angeles Dodgers,Washington Nationals,1,-168.0,145.0,0.6268656716417911,0.4081632653061224,0.5955342149454239,0.404465785054576,-0.031331456696367166,-0.0036974802515464256,False,False,0,0,0,0,0.0,0,2500.0,0.0,0.0,0.0
1,7791,2023-04-10,New York Mets,San Diego Padres,1,-135.5,118.0,0.5753715498938429,0.4587155963302752,0.5555451829723674,0.4444548170276325,-0.019826366921475436,-0.01426077930264269,False,False,0,0,0,0,0.0,0,2500.0,0.0,0.0,0.0
2,5437,2022-06-04,New York Yankees,Detroit Tigers,1,-303.0,250.0,0.7518610421836228,0.2857142857142857,0.7798774259448418,0.2201225740551582,0.028016383761218955,-0.0655917116591275,True,False,0,1,0,0,125.0,0,2375.0,0.0,0.0,1.0
3,5640,2022-06-18,Los Angeles Dodgers,Cleveland Guardians,1,-224.5,190.0,0.6918335901386748,0.3448275862068966,0.7534591194968554,0.2465408805031446,0.06162552935818055,-0.09828670570375198,True,False,0,1,0,0,125.0,0,2250.0,0.0,0.0,2.0
4,2857,2021-06-18,Washington Nationals,New York Mets,1,-115.0,100.0,0.5348837209302325,0.5,0.5309510141599694,0.4690489858400307,-0.003932706770263139,-0.030951014159969314,False,False,0,0,0,0,0.0,0,2250.0,0.0,0.0,2.0
5,3975,2021-09-10,Baltimore Orioles,Toronto Blue Jays,1,197.5,-225.5,0.3361344537815126,0.6927803379416283,0.2974043715846994,0.7025956284153005,-0.038730082196813176,0.009815290473672245,False,False,0,0,0,0,0.0,0,2250.0,0.0,0.0,2.0
6,8411,2023-05-26,Tampa Bay Rays,Los Angeles Dodgers,1,-120.0,102.0,0.5454545454545454,0.495049504950495,0.5309510141599694,0.4690489858400307,-0.014503531294576044,-0.026000519110464304,False,False,0,0,0,0,0.0,0,2250.0,0.0,0.0,2.0
7,6953,2022-09-25,Pittsburgh Pirates,Chicago Cubs,0,-114.0,100.0,0.5327102803738317,0.5,0.5309510141599694,0.4690489858400307,-0.0017592662138623538,-0.030951014159969314,False,False,0,0,0,0,0.0,0,2250.0,0.0,0.0,2.0
8,7036,2022-10-01,Houston Astros,Tampa Bay Rays,1,-159.0,138.0,0.6138996138996139,0.4201680672268907,0.5934508816120907,0.4065491183879093,-0.020448732287523197,-0.013618948838981404,False,False,0,0,0,0,0.0,0,2250.0,0.0,0.0,2.0
9,2068,2021-04-21,Oakland Athletics,Minnesota Twins,1,-105.0,-110.0,0.5121951219512195,0.5238095238095238,0.5122503698224852,0.4877496301775147,5.524787126565123e-05,-0.03605989363200912,False,False,0,0,0,0,0.0,0,2250.0,0.0,0.0,2.0
10,6026,2022-07-16,Washington Nationals,Atlanta Braves,0,210.0,-250.0,0.3225806451612903,0.7142857142857143,0.2057377049180327,0.7942622950819672,-0.11684294024325761,0.07997658079625292,False,True,0,1,0,0,112.5,0,2137.5,0.0,0.0,3.0
11,8717,2023-06-17,Milwaukee Brewers,Pittsburgh Pirates,1,-107.5,-109.0,0.5180722891566265,0.5215311004784688,0.5122503698224852,0.4877496301775147,-0.0058219193341413344,-0.03378147030095413,False,False,0,0,0,0,0.0,0,2137.5,0.0,0.0,3.0
12,8470,2023-05-30,Boston Red Sox,Cincinnati Reds,0,-175.0,154.0,0.6363636363636364,0.3937007874015748,0.6007425482787574,0.3992574517212426,-0.03562108808487896,0.005556664319667781,False,False,0,0,0,0,0.0,0,2137.5,0.0,0.0,3.0
13,6407,2022-08-16,Toronto Blue Jays,Baltimore Orioles,0,-233.0,195.0,0.6996996996996997,0.3389830508474576,0.7575789696841213,0.2424210303158787,0.05787926998442161,-0.09656202053157892,True,False,1,0,0,0,112.5,0,2356.875,219.375,1.0,3.0
14,7879,2023-04-16,Houston Astros,Texas Rangers,0,-200.0,170.0,0.6666666666666666,0.3703703703703703,0.6471153846153845,0.3528846153846154,-0.019551282051282093,-0.017485754985754887,False,False,0,0,0,0,0.0,0,2356.875,0.0,1.0,3.0
15,7752,2023-04-07,Colorado Rockies,Washington Nationals,0,-122.0,105.0,0.5495495495495496,0.4878048780487805,0.5309510141599694,0.4690489858400307,-0.01859853538958023,-0.01875589220874979,False,False,0,0,0,0,0.0,0,2356.875,0.0,1.0,3.0
16,4084,2021-09-18,Cincinnati Reds,Los Angeles Dodgers,0,165.0,-192.0,0.3773584905660377,0.6575342465753424,0.3870572152305899,0.6129427847694102,0.009698724664552183,-0.04459146180593221,False,False,0,0,0,0,0.0,0,2356.875,0.0,1.0,3.0
17,6208,2022-08-02,San Diego Padres,Colorado Rockies,1,-250.0,205.0,0.7142857142857143,0.3278688524590163,0.7575789696841213,0.2424210303158787,0.043293255398407005,-0.08544782214313762,True,False,0,1,0,0,117.84375,0,2239.03125,0.0,1.0,4.0
18,2141,2021-04-26,Houston Astros,Seattle Mariners,1,-167.0,145.0,0.6254681647940075,0.4081632653061224,0.5955342149454239,0.404465785054576,-0.029933949848583552,-0.0036974802515464256,False,False,0,0,0,0,0.0,0,2239.03125,0.0,1.0,4.0
19,7960,2023-04-22,Atlanta Braves,Houston Astros,0,-110.0,-105.0,0.5238095238095238,0.5121951219512195,0.5193632429568136,0.4806367570431865,-0.00444628085271026,-0.03155836490803304,False,False,0,0,0,0,0.0,0,2239.03125,0.0,1.0,4.0
20,3958,2021-09-08,Boston Red Sox,Tampa Bay Rays,1,-110.0,-106.0,0.5238095238095238,0.5145631067961165,0.5193632429568136,0.4806367570431865,-0.00444628085271026,-0.03392634975293002,False,False,0,0,0,0,0.0,0,2239.03125,0.0,1.0,4.0
21,5701,2022-06-23,Pittsburgh Pirates,Chicago Cubs,1,102.0,-116.0,0.495049504950495,0.5370370370370371,0.4839064688563016,0.5160935311436983,-0.01114303609419337,-0.02094350589333882,False,False,0,0,0,0,0.0,0,2239.03125,0.0,1.0,4.0
22,5835,2022-07-03,Pittsburgh Pirates,Milwaukee Brewers,0,150.0,-175.0,0.4,0.6363636363636364,0.3870572152305899,0.6129427847694102,-0.012942784769410132,-0.023420851594226133,False,False,0,0,0,0,0.0,0,2239.03125,0.0,1.0,4.0
23,4888,2022-04-26,Atlanta Braves,Chicago Cubs,1,-167.0,145.0,0.6254681647940075,0.4081632653061224,0.5955342149454239,0.404465785054576,-0.029933949848583552,-0.0036974802515464256,False,False,0,0,0,0,0.0,0,2239.03125,0.0,1.0,4.0
24,6273,2022-08-06,Detroit Tigers,Tampa Bay Rays,1,220.0,-263.0,0.3125,0.7245179063360881,0.2057377049180327,0.7942622950819672,-0.1067622950819673,0.06974438874587907,False,True,1,0,0,0,111.95156250000001,0,2485.3246875,246.29343750000004,2.0,4.0
25,1062,2020-09-10,Miami Marlins,Philadelphia Phillies,1,100.0,-111.0,0.5,0.5260663507109005,0.4839064688563016,0.5160935311436983,-0.01609353114369838,-0.009972819567202196,False,False,0,0,0,0,0.0,0,2485.3246875,0.0,2.0,4.0
26,6493,2022-08-22,Tampa Bay Rays,Los Angeles Angels,1,-208.0,180.0,0.6753246753246753,0.3571428571428571,0.6778846153846154,0.3221153846153846,0.0025599400599400912,-0.035027472527472514,False,False,0,0,0,0,0.0,0,2485.3246875,0.0,2.0,4.0
27,3601,2021-08-13,Minnesota Twins,Tampa Bay Rays,0,143.0,-161.0,0.411522633744856,0.6168582375478927,0.4124033860875966,0.5875966139124034,0.0008807523427405983,-0.029261623635489342,False,False,0,0,0,0,0.0,0,2485.3246875,0.0,2.0,4.0
28,8789,2023-06-23,Miami Marlins,Pittsburgh Pirates,0,-177.0,155.0,0.6389891696750902,0.392156862745098,0.6007425482787574,0.3992574517212426,-0.038246621396332836,0.007100588976144628,False,False,0,0,0,0,0.0,0,2485.3246875,0.0,2.0,4.0
29,6749,2022-09-10,Houston Astros,Los Angeles Angels,0,-135.0,120.0,0.574468085106383,0.4545454545454545,0.5555451829723674,0.4444548170276325,-0.018922902134015596,-0.010090637517821965,False,False,0,0,0,0,0.0,0,2485.3246875,0.0,2.0,4.0
30,5283,2022-05-24,Washington Nationals,Los Angeles Dodgers,0,200.0,-238.0,0.3333333333333333,0.7041420118343196,0.2628805620608899,0.7371194379391101,-0.07045277127244343,0.032977426104790486,False,True,0,1,0,0,124.26623437500001,0,2361.058453125,0.0,2.0,5.0
31,8780,2023-06-22,Cleveland Guardians,Oakland Athletics,1,-179.0,155.0,0.6415770609318996,0.392156862745098,0.6007425482787574,0.3992574517212426,-0.040834512653142196,0.007100588976144628,False,False,0,0,0,0,0.0,0,2361.058453125,0.0,2.0,5.0
32,5628,2022-06-18,Chicago Cubs,Atlanta Braves,1,145.0,-167.0,0.4081632653061224,0.6254681647940075,0.3870572152305899,0.6129427847694102,-0.021106050075532512,-0.012525380024597244,False,False,0,0,0,0,0.0,0,2361.058453125,0.0,2.0,5.0
33,4143,2021-09-22,Boston Red Sox,New York Mets,1,-192.0,163.0,0.6575342465753424,0.3802281368821292,0.6042616924229014,0.3957383075770985,-0.05327255415244103,0.015510170694969294,False,True,1,0,0,0,124.26623437500001,0,2425.780450195313,64.72199707031251,3.0,5.0
34,8571,2023-06-07,Pittsburgh Pirates,Oakland Athletics,0,-182.0,157.0,0.6453900709219859,0.3891050583657587,0.6007425482787574,0.3992574517212426,-0.044647522643228466,0.010152393355483902,False,True,0,1,0,0,124.26623437500001,0,2301.514215820313,0.0,3.0,6.0
35,2714,2021-06-06,San Diego Padres,New York Mets,0,-141.0,125.0,0.5850622406639004,0.4444444444444444,0.555768796568074,0.4442312034319259,-0.02929344409582646,-0.0002132410125185169,False,False,0,0,0,0,0.0,0,2301.514215820313,0.0,3.0,6.0
36,8239,2023-05-13,Oakland Athletics,Texas Rangers,0,125.0,-144.0,0.4444444444444444,0.5901639344262295,0.4270700034250411,0.5729299965749589,-0.01737444101940333,-0.017233937851270587,False,False,0,0,0,0,0.0,0,2301.514215820313,0.0,3.0,6.0
37,8841,2023-06-27,Atlanta Braves,Minnesota Twins,1,-150.0,131.0,0.6,0.4329004329004329,0.5725206490539512,0.4274793509460489,-0.02747935094604881,-0.0054210819543840105,False,False,0,0,0,0,0.0,0,2301.514215820313,0.0,3.0,6.0
38,8401,2023-05-25,Tampa Bay Rays,Toronto Blue Jays,1,-149.0,130.0,0.5983935742971888,0.4347826086956521,0.5725206490539512,0.4274793509460489,-0.025872925243237588,-0.00730325774960322,False,False,0,0,0,0,0.0,0,2301.514215820313,0.0,3.0,6.0
39,3674,2021-08-18,Texas Rangers,Seattle Mariners,0,147.0,-167.0,0.4048582995951417,0.6254681647940075,0.3870572152305899,0.6129427847694102,-0.0178010843645518,-0.012525380024597244,False,False,0,0,0,0,0.0,0,2301.514215820313,0.0,3.0,6.0
40,6188,2022-07-31,Cincinnati Reds,Baltimore Orioles,1,-120.0,105.0,0.5454545454545454,0.4878048780487805,0.5309510141599694,0.4690489858400307,-0.014503531294576044,-0.01875589220874979,False,False,0,0,0,0,0.0,0,2301.514215820313,0.0,3.0,6.0
41,8904,2023-07-01,Chicago Cubs,Cleveland Guardians,0,-140.0,120.0,0.5833333333333334,0.4545454545454545,0.5555451829723674,0.4444548170276325,-0.027788150360965935,-0.010090637517821965,False,False,0,0,0,0,0.0,0,2301.514215820313,0.0,3.0,6.0
42,3355,2021-07-26,Los Angeles Angels,Colorado Rockies,1,-156.0,135.0,0.609375,0.425531914893617,0.5725206490539512,0.4274793509460489,-0.03685435094604883,0.0019474360524318612,False,False,0,0,0,0,0.0,0,2301.514215820313,0.0,3.0,6.0
43,2812,2021-06-14,Colorado Rockies,San Diego Padres,1,143.0,-156.0,0.411522633744856,0.609375,0.4124033860875966,0.5875966139124034,0.0008807523427405983,-0.021778386087596635,False,False,0,0,0,0,0.0,0,2301.514215820313,0.0,3.0,6.0
44,2978,2021-06-26,Boston Red Sox,New York Yankees,1,-115.0,101.0,0.5348837209302325,0.4975124378109453,0.5309510141599694,0.4690489858400307,-0.003932706770263139,-0.0284634519709146,False,False,0,0,0,0,0.0,0,2301.514215820313,0.0,3.0,6.0
45,5448,2022-06-04,Miami Marlins,San Francisco Giants,1,-109.0,-108.0,0.5215311004784688,0.5192307692307693,0.5122503698224852,0.4877496301775147,-0.009280730655983671,-0.03148113905325456,False,False,0,0,0,0,0.0,0,2301.514215820313,0.0,3.0,6.0
46,6213,2022-08-02,Cleveland Guardians,Arizona Diamondbacks,0,-133.0,115.0,0.5708154506437768,0.4651162790697674,0.5555451829723674,0.4444548170276325,-0.015270267671409377,-0.02066146204213487,False,False,0,0,0,0,0.0,0,2301.514215820313,0.0,3.0,6.0
47,704,2020-08-17,Miami Marlins,New York Mets,0,130.0,-143.0,0.4347826086956521,0.588477366255144,0.4239806246385194,0.5760193753614806,-0.01080198405713273,-0.012457990893663395,False,False,0,0,0,0,0.0,0,2301.514215820313,0.0,3.0,6.0
48,3188,2021-07-11,Minnesota Twins,Detroit Tigers,1,-224.5,190.0,0.6918335901386748,0.3448275862068966,0.7534591194968554,0.2465408805031446,0.06162552935818055,-0.09828670570375198,True,False,0,1,0,0,115.07571079101565,0,2186.438505029297,0.0,3.0,7.0
49,4755,2022-04-16,Colorado Rockies,Chicago Cubs,1,-135.0,116.0,0.574468085106383,0.4629629629629629,0.5555451829723674,0.4444548170276325,-0.018922902134015596,-0.0185081459353304,False,False,0,0,0,0,0.0,0,2186.438505029297,0.0,3.0,7.0
50,3709,2021-08-21,Milwaukee Brewers,Washington Nationals,1,-224.5,190.0,0.6918335901386748,0.3448275862068966,0.7534591194968554,0.2465408805031446,0.06162552935818055,-0.09828670570375198,True,False,0,1,0,0,109.32192525146486,0,2077.116579777832,0.0,3.0,8.0
51,2750,2021-06-10,Cincinnati Reds,Milwaukee Brewers,0,108.0,-123.5,0.4807692307692308,0.5525727069351231,0.4410070605722779,0.558992939427722,-0.039762170196952884,0.006420232492598932,False,False,0,0,0,0,0.0,0,2077.116579777832,0.0,3.0,8.0
52,3926,2021-09-06,Boston Red Sox,Tampa Bay Rays,0,-156.0,135.0,0.609375,0.425531914893617,0.5725206490539512,0.4274793509460489,-0.03685435094604883,0.0019474360524318612,False,False,0,0,0,0,0.0,0,2077.116579777832,0.0,3.0,8.0
53,7016,2022-09-30,Houston Astros,Tampa Bay Rays,0,-175.0,150.5,0.6363636363636364,0.3992015968063872,0.6007425482787574,0.3992574517212426,-0.03562108808487896,5.585491485537997e-05,False,False,0,0,0,0,0.0,0,2077.116579777832,0.0,3.0,8.0
54,8198,2023-05-10,New York Yankees,Oakland Athletics,1,-222.0,190.0,0.6894409937888198,0.3448275862068966,0.7534591194968554,0.2465408805031446,0.06401812570803556,-0.09828670570375198,True,False,0,1,0,0,109.32192525146486,0,1967.7946545263674,0.0,3.0,9.0
55,8359,2023-05-22,Pittsburgh Pirates,Texas Rangers,1,118.0,-135.5,0.4587155963302752,0.5753715498938429,0.430161943319838,0.569838056680162,-0.02855365301043722,-0.005533493213680907,False,False,0,0,0,0,0.0,0,1967.7946545263674,0.0,3.0,9.0
56,5449,2022-06-04,Milwaukee Brewers,San Diego Padres,0,-125.0,110.0,0.5555555555555556,0.4761904761904761,0.5416244022605419,0.4583755977394581,-0.01393115329501371,-0.017814878451018035,False,False,0,0,0,0,0.0,0,1967.7946545263674,0.0,3.0,9.0
57,8543,2023-06-04,Texas Rangers,Seattle Mariners,1,-150.0,130.0,0.6,0.4347826086956521,0.5725206490539512,0.4274793509460489,-0.02747935094604881,-0.00730325774960322,False,False,0,0,0,0,0.0,0,1967.7946545263674,0.0,3.0,9.0
58,2229,2021-05-03,Philadelphia Phillies,Milwaukee Brewers,1,-114.0,100.0,0.5327102803738317,0.5,0.5309510141599694,0.4690489858400307,-0.0017592662138623538,-0.030951014159969314,False,False,0,0,0,0,0.0,0,1967.7946545263674,0.0,3.0,9.0
59,527,2020-08-05,Tampa Bay Rays,Boston Red Sox,0,-146.0,130.5,0.5934959349593496,0.4338394793926247,0.5725206490539512,0.4274793509460489,-0.020975285905398433,-0.006360128446575797,False,False,0,0,0,0,0.0,0,1967.7946545263674,0.0,3.0,9.0
60,3573,2021-08-11,Atlanta Braves,Cincinnati Reds,1,-114.0,-104.0,0.5327102803738317,0.5098039215686274,0.5309510141599694,0.4690489858400307,-0.0017592662138623538,-0.04075493572859673,False,False,0,0,0,0,0.0,0,1967.7946545263674,0.0,3.0,9.0
61,1973,2021-04-14,Tampa Bay Rays,Texas Rangers,0,-182.0,160.0,0.6453900709219859,0.3846153846153846,0.6007425482787574,0.3992574517212426,-0.044647522643228466,0.014642067105858025,False,True,0,1,0,0,98.38973272631837,0,1869.404921800049,0.0,3.0,10.0
62,3031,2021-06-30,New York Yankees,Los Angeles Angels,0,-135.0,120.0,0.574468085106383,0.4545454545454545,0.5555451829723674,0.4444548170276325,-0.018922902134015596,-0.010090637517821965,False,False,0,0,0,0,0.0,0,1869.404921800049,0.0,3.0,10.0
63,3240,2021-07-18,Atlanta Braves,Tampa Bay Rays,0,-105.0,-110.0,0.5121951219512195,0.5238095238095238,0.5122503698224852,0.4877496301775147,5.524787126565123e-05,-0.03605989363200912,False,False,0,0,0,0,0.0,0,1869.404921800049,0.0,3.0,10.0
64,4009,2021-09-12,Atlanta Braves,Miami Marlins,1,-286.0,237.5,0.7409326424870466,0.2962962962962963,0.7798774259448418,0.2201225740551582,0.038944783457795173,-0.07617372224113808,True,False,0,1,0,0,98.38973272631837,0,1771.0151890737304,0.0,3.0,11.0
65,4160,2021-09-23,San Diego Padres,San Francisco Giants,1,-103.0,-112.0,0.5073891625615764,0.5283018867924528,0.5122503698224852,0.4877496301775147,0.004861207260908773,-0.04055225661493811,False,False,0,0,0,0,0.0,0,1771.0151890737304,0.0,3.0,11.0
66,3434,2021-08-01,New York Mets,Cincinnati Reds,0,-179.0,155.0,0.6415770609318996,0.392156862745098,0.6007425482787574,0.3992574517212426,-0.040834512653142196,0.007100588976144628,False,False,0,0,0,0,0.0,0,1771.0151890737304,0.0,3.0,11.0
67,6507,2022-08-23,Kansas City Royals,Arizona Diamondbacks,0,106.5,-123.0,0.4842615012106537,0.5515695067264574,0.4410070605722779,0.558992939427722,-0.0432544406383758,0.007423432701264554,False,False,0,0,0,0,0.0,0,1771.0151890737304,0.0,3.0,11.0
68,6479,2022-08-21,Tampa Bay Rays,Kansas City Royals,1,-167.0,145.0,0.6254681647940075,0.4081632653061224,0.5955342149454239,0.404465785054576,-0.029933949848583552,-0.0036974802515464256,False,False,0,0,0,0,0.0,0,1771.0151890737304,0.0,3.0,11.0
69,6773,2022-09-12,Cleveland Guardians,Los Angeles Angels,1,-135.0,118.0,0.574468085106383,0.4587155963302752,0.5555451829723674,0.4444548170276325,-0.018922902134015596,-0.01426077930264269,False,False,0,0,0,0,0.0,0,1771.0151890737304,0.0,3.0,11.0
70,3381,2021-07-28,Tampa Bay Rays,New York Yankees,0,-127.5,110.0,0.5604395604395604,0.4761904761904761,0.5416244022605419,0.4583755977394581,-0.018815158179018576,-0.017814878451018035,False,False,0,0,0,0,0.0,0,1771.0151890737304,0.0,3.0,11.0
71,8564,2023-06-06,Cincinnati Reds,Los Angeles Dodgers,1,165.0,-190.0,0.3773584905660377,0.6551724137931034,0.3870572152305899,0.6129427847694102,0.009698724664552183,-0.042229629023693205,False,False,0,0,0,0,0.0,0,1771.0151890737304,0.0,3.0,11.0
72,5441,2022-06-04,Baltimore Orioles,Cleveland Guardians,1,110.0,-127.5,0.4761904761904761,0.5604395604395604,0.4410070605722779,0.558992939427722,-0.03518341561819821,-0.001446621011838456,False,False,0,0,0,0,0.0,0,1771.0151890737304,0.0,3.0,11.0
73,6340,2022-08-11,Arizona Diamondbacks,Pittsburgh Pirates,1,-179.0,155.0,0.6415770609318996,0.392156862745098,0.6007425482787574,0.3992574517212426,-0.040834512653142196,0.007100588976144628,False,False,0,0,0,0,0.0,0,1771.0151890737304,0.0,3.0,11.0
74,3103,2021-07-05,New York Mets,Milwaukee Brewers,1,135.0,-152.0,0.425531914893617,0.6031746031746031,0.4124033860875966,0.5875966139124034,-0.013128528806020445,-0.015577989262199776,False,False,0,0,0,0,0.0,0,1771.0151890737304,0.0,3.0,11.0
75,2791,2021-06-13,Cincinnati Reds,Colorado Rockies,1,-159.0,135.0,0.6138996138996139,0.425531914893617,0.5725206490539512,0.4274793509460489,-0.041378964845662725,0.0019474360524318612,False,False,0,0,0,0,0.0,0,1771.0151890737304,0.0,3.0,11.0
76,8731,2023-06-18,Milwaukee Brewers,Pittsburgh Pirates,1,-160.0,138.0,0.6153846153846154,0.4201680672268907,0.5934508816120907,0.4065491183879093,-0.02193373377252472,-0.013618948838981404,False,False,0,0,0,0,0.0,0,1771.0151890737304,0.0,3.0,11.0
77,2340,2021-05-11,Tampa Bay Rays,New York Yankees,0,115.0,-132.0,0.4651162790697674,0.5689655172413793,0.4410070605722779,0.558992939427722,-0.024109218497489482,-0.009972577813657346,False,False,0,0,0,0,0.0,0,1771.0151890737304,0.0,3.0,11.0
78,3040,2021-07-01,Boston Red Sox,Kansas City Royals,1,-227.0,204.0,0.6941896024464832,0.3289473684210526,0.7575789696841213,0.2424210303158787,0.0633893672376381,-0.0865263381051739,True,False,0,1,0,0,88.55075945368652,0,1682.4644296200438,0.0,3.0,12.0
79,6337,2022-08-11,Houston Astros,Texas Rangers,1,-312.0,260.0,0.7572815533980582,0.2777777777777778,0.7798774259448418,0.2201225740551582,0.022595872546783524,-0.05765520372261959,True,False,0,1,0,0,88.55075945368652,0,1593.9136701663572,0.0,3.0,13.0
80,5340,2022-05-28,Detroit Tigers,Cleveland Guardians,0,130.0,-149.0,0.4347826086956521,0.5983935742971888,0.4239806246385194,0.5760193753614806,-0.01080198405713273,-0.022374198935708134,False,False,0,0,0,0,0.0,0,1593.9136701663572,0.0,3.0,13.0
81,4882,2022-04-26,Tampa Bay Rays,Seattle Mariners,0,-110.0,-106.0,0.5238095238095238,0.5145631067961165,0.5193632429568136,0.4806367570431865,-0.00444628085271026,-0.03392634975293002,False,False,0,0,0,0,0.0,0,1593.9136701663572,0.0,3.0,13.0
82,2642,2021-06-01,Colorado Rockies,Texas Rangers,1,-115.0,102.0,0.5348837209302325,0.495049504950495,0.5309510141599694,0.4690489858400307,-0.003932706770263139,-0.026000519110464304,False,False,0,0,0,0,0.0,0,1593.9136701663572,0.0,3.0,13.0
83,7863,2023-04-15,Houston Astros,Texas Rangers,1,-179.5,155.0,0.6422182468694096,0.392156862745098,0.6007425482787574,0.3992574517212426,-0.041475698590652255,0.007100588976144628,False,False,0,0,0,0,0.0,0,1593.9136701663572,0.0,3.0,13.0
84,4006,2021-09-12,Baltimore Orioles,Toronto Blue Jays,0,190.0,-227.0,0.3448275862068966,0.6941896024464832,0.2974043715846994,0.7025956284153005,-0.047423214622197174,0.008406025968817343,False,False,0,0,0,0,0.0,0,1593.9136701663572,0.0,3.0,13.0
85,7908,2023-04-18,San Diego Padres,Atlanta Braves,0,120.0,-139.0,0.4545454545454545,0.5815899581589958,0.430161943319838,0.569838056680162,-0.024383511225616494,-0.01175190147883387,False,False,0,0,0,0,0.0,0,1593.9136701663572,0.0,3.0,13.0
86,6125,2022-07-26,Arizona Diamondbacks,San Francisco Giants,1,151.0,-169.0,0.398406374501992,0.6282527881040892,0.3870572152305899,0.6129427847694102,-0.01134915927140212,-0.015310003334679023,False,False,0,0,0,0,0.0,0,1593.9136701663572,0.0,3.0,13.0
87,5542,2022-06-11,Houston Astros,Miami Marlins,0,-263.0,224.0,0.7245179063360881,0.3086419753086419,0.7798774259448418,0.2201225740551582,0.05535951960875363,-0.0885194012534837,True,False,1,0,0,0,79.69568350831787,0,1772.432001224989,178.51833105863204,4.0,13.0
88,5591,2022-06-15,Arizona Diamondbacks,Cincinnati Reds,1,-127.5,110.0,0.5604395604395604,0.4761904761904761,0.5416244022605419,0.4583755977394581,-0.018815158179018576,-0.017814878451018035,False,False,0,0,0,0,0.0,0,1772.432001224989,0.0,4.0,13.0
89,8752,2023-06-20,Pittsburgh Pirates,Chicago Cubs,0,110.0,-127.0,0.4761904761904761,0.5594713656387665,0.4410070605722779,0.558992939427722,-0.03518341561819821,-0.00047842621104454697,False,False,0,0,0,0,0.0,0,1772.432001224989,0.0,4.0,13.0
90,2266,2021-05-05,Chicago Cubs,Los Angeles Dodgers,1,150.0,-175.0,0.4,0.6363636363636364,0.3870572152305899,0.6129427847694102,-0.012942784769410132,-0.023420851594226133,False,False,0,0,0,0,0.0,0,1772.432001224989,0.0,4.0,13.0
91,2264,2021-05-05,Philadelphia Phillies,Milwaukee Brewers,1,121.0,-141.0,0.4524886877828054,0.5850622406639004,0.430161943319838,0.569838056680162,-0.022326744462967396,-0.015224183983738482,False,False,0,0,0,0,0.0,0,1772.432001224989,0.0,4.0,13.0
92,5693,2022-06-22,Atlanta Braves,San Francisco Giants,1,-125.0,107.0,0.5555555555555556,0.4830917874396135,0.5309510141599694,0.4690489858400307,-0.02460454139558621,-0.014042801599582821,False,False,0,0,0,0,0.0,0,1772.432001224989,0.0,4.0,13.0
93,6377,2022-08-14,New York Mets,Philadelphia Phillies,1,-135.0,118.0,0.574468085106383,0.4587155963302752,0.5555451829723674,0.4444548170276325,-0.018922902134015596,-0.01426077930264269,False,False,0,0,0,0,0.0,0,1772.432001224989,0.0,4.0,13.0
94,3796,2021-08-27,Seattle Mariners,Kansas City Royals,0,-168.0,150.0,0.6268656716417911,0.4,0.5955342149454239,0.404465785054576,-0.031331456696367166,0.004465785054575955,False,False,0,0,0,0,0.0,0,1772.432001224989,0.0,4.0,13.0
95,7866,2023-04-16,Boston Red Sox,Los Angeles Angels,1,-112.0,-105.0,0.5283018867924528,0.5121951219512195,0.5193632429568136,0.4806367570431865,-0.008938643835639248,-0.03155836490803304,False,False,0,0,0,0,0.0,0,1772.432001224989,0.0,4.0,13.0
96,8125,2023-05-04,Boston Red Sox,Toronto Blue Jays,1,140.0,-165.0,0.4166666666666667,0.6226415094339622,0.4124033860875966,0.5875966139124034,-0.004263280579070106,-0.03504489552155887,False,False,0,0,0,0,0.0,0,1772.432001224989,0.0,4.0,13.0
97,6202,2022-08-01,Texas Rangers,Baltimore Orioles,0,-161.0,140.0,0.6168582375478927,0.4166666666666667,0.5934508816120907,0.4065491183879093,-0.02340735593580201,-0.010117548278757382,False,False,0,0,0,0,0.0,0,1772.432001224989,0.0,4.0,13.0
98,6112,2022-07-25,Seattle Mariners,Texas Rangers,1,-154.0,140.0,0.6062992125984252,0.4166666666666667,0.5725206490539512,0.4274793509460489,-0.03377856354447406,0.010812684279382201,False,True,1,0,0,0,88.62160006124947,0,1829.978494771255,57.546493546265886,5.0,13.0
99,4861,2022-04-24,Atlanta Braves,Miami Marlins,0,-127.0,110.0,0.5594713656387665,0.4761904761904761,0.5416244022605419,0.4583755977394581,-0.017846963378224667,-0.017814878451018035,False,False,0,0,0,0,0.0,0,1829.978494771255,0.0,5.0,13.0
100,5874,2022-07-05,Arizona Diamondbacks,San Francisco Giants,1,141.0,-167.0,0.4149377593360996,0.6254681647940075,0.4124033860875966,0.5875966139124034,-0.00253437324850303,-0.0378715508816041,False,False,0,0,0,0,0.0,0,1829.978494771255,0.0,5.0,13.0
101,3099,2021-07-05,Miami Marlins,Los Angeles Dodgers,1,145.0,-167.0,0.4081632653061224,0.6254681647940075,0.3870572152305899,0.6129427847694102,-0.021106050075532512,-0.012525380024597244,False,False,0,0,0,0,0.0,0,1829.978494771255,0.0,5.0,13.0
102,8462,2023-05-29,Oakland Athletics,Atlanta Braves,1,205.0,-247.5,0.3278688524590163,0.7122302158273381,0.2628805620608899,0.7371194379391101,-0.06498829039812642,0.024889222111771914,False,True,1,0,0,0,91.49892473856276,0,2017.5512904853088,187.57279571405365,6.0,13.0
103,5286,2022-05-24,Minnesota Twins,Detroit Tigers,1,-250.0,215.0,0.7142857142857143,0.3174603174603174,0.7575789696841213,0.2424210303158787,0.043293255398407005,-0.0750392871444387,True,False,0,1,0,0,91.49892473856276,0,1926.052365746746,0.0,6.0,14.0
104,611,2020-08-10,Los Angeles Dodgers,San Diego Padres,0,-169.0,155.5,0.6282527881040892,0.3913894324853229,0.6007425482787574,0.3992574517212426,-0.02751023982533185,0.007868019235919732,False,False,0,0,0,0,0.0,0,1926.052365746746,0.0,6.0,14.0
105,2357,2021-05-12,Atlanta Braves,Toronto Blue Jays,0,-104.0,-112.0,0.5098039215686274,0.5283018867924528,0.5122503698224852,0.4877496301775147,0.002446448253857758,-0.04055225661493811,False,False,0,0,0,0,0.0,0,1926.052365746746,0.0,6.0,14.0
106,555,2020-08-07,Washington Nationals,Baltimore Orioles,0,-180.5,160.0,0.64349376114082,0.3846153846153846,0.6007425482787574,0.3992574517212426,-0.042751212862062626,0.014642067105858025,False,True,0,1,0,0,96.30261828733731,0,1829.7497474594088,0.0,6.0,15.0
107,2884,2021-06-19,Los Angeles Angels,Detroit Tigers,1,-208.0,180.0,0.6753246753246753,0.3571428571428571,0.6778846153846154,0.3221153846153846,0.0025599400599400912,-0.035027472527472514,False,False,0,0,0,0,0.0,0,1829.7497474594088,0.0,6.0,15.0
108,2494,2021-05-22,Cincinnati Reds,Milwaukee Brewers,0,-141.0,120.0,0.5850622406639004,0.4545454545454545,0.5555451829723674,0.4444548170276325,-0.02951705769153301,-0.010090637517821965,False,False,0,0,0,0,0.0,0,1829.7497474594088,0.0,6.0,15.0
109,5730,2022-06-25,Milwaukee Brewers,Toronto Blue Jays,1,-160.0,140.0,0.6153846153846154,0.4166666666666667,0.5934508816120907,0.4065491183879093,-0.02193373377252472,-0.010117548278757382,False,False,0,0,0,0,0.0,0,1829.7497474594088,0.0,6.0,15.0
110,4947,2022-04-30,Texas Rangers,Atlanta Braves,1,-105.0,-108.5,0.5121951219512195,0.5203836930455635,0.5122503698224852,0.4877496301775147,5.524787126565123e-05,-0.03263406286804882,False,False,0,0,0,0,0.0,0,1829.7497474594088,0.0,6.0,15.0
111,2738,2021-06-09,Pittsburgh Pirates,Los Angeles Dodgers,0,148.0,-169.0,0.4032258064516129,0.6282527881040892,0.3870572152305899,0.6129427847694102,-0.016168591221022988,-0.015310003334679023,False,False,0,0,0,0,0.0,0,1829.7497474594088,0.0,6.0,15.0
112,3067,2021-07-03,New York Yankees,New York Mets,0,-145.0,134.0,0.5918367346938775,0.4273504273504273,0.5725206490539512,0.4274793509460489,-0.019316085639926373,0.0001289235956216106,False,False,0,0,0,0,0.0,0,1829.7497474594088,0.0,6.0,15.0
113,8659,2023-06-13,Houston Astros,Washington Nationals,1,-265.0,225.0,0.726027397260274,0.3076923076923077,0.7798774259448418,0.2201225740551582,0.053850028684567786,-0.08756973363714951,True,False,0,1,0,0,91.48748737297045,0,1738.2622600864383,0.0,6.0,16.0
114,580,2020-08-08,Milwaukee Brewers,Cincinnati Reds,0,-110.0,-105.0,0.5238095238095238,0.5121951219512195,0.5193632429568136,0.4806367570431865,-0.00444628085271026,-0.03155836490803304,False,False,0,0,0,0,0.0,0,1738.2622600864383,0.0,6.0,16.0
115,5637,2022-06-18,New York Mets,Miami Marlins,1,-192.0,165.0,0.6575342465753424,0.3773584905660377,0.6203346203346203,0.3796653796653796,-0.03719962624072215,0.0023068890993419022,False,False,0,0,0,0,0.0,0,1738.2622600864383,0.0,6.0,16.0
116,2263,2021-05-05,New York Yankees,Houston Astros,1,-141.0,123.0,0.5850622406639004,0.4484304932735426,0.555768796568074,0.4442312034319259,-0.02929344409582646,-0.004199289841616716,False,False,0,0,0,0,0.0,0,1738.2622600864383,0.0,6.0,16.0
117,7095,2022-10-05,Cleveland Guardians,Kansas City Royals,1,-192.0,165.0,0.6575342465753424,0.3773584905660377,0.6203346203346203,0.3796653796653796,-0.03719962624072215,0.0023068890993419022,False,False,0,0,0,0,0.0,0,1738.2622600864383,0.0,6.0,16.0
118,3021,2021-06-29,Oakland Athletics,Texas Rangers,0,-185.0,160.0,0.6491228070175439,0.3846153846153846,0.6007425482787574,0.3992574517212426,-0.048380258738786486,0.014642067105858025,False,True,0,1,0,0,86.91311300432193,0,1651.3491470821164,0.0,6.0,17.0
119,6777,2022-09-12,New York Mets,Chicago Cubs,0,-294.0,245.0,0.7461928934010152,0.2898550724637681,0.7798774259448418,0.2201225740551582,0.03368453254382653,-0.06973249840860993,True,False,1,0,0,0,86.91311300432193,0,1864.286273942705,212.93712686058873,7.0,17.0
120,5037,2022-05-07,Chicago Cubs,Los Angeles Dodgers,0,195.0,-233.0,0.3389830508474576,0.6996996996996997,0.2974043715846994,0.7025956284153005,-0.04157867926275821,0.0028959287156008484,False,False,0,0,0,0,0.0,0,1864.286273942705,0.0,7.0,17.0
121,1246,2020-09-23,San Diego Padres,Los Angeles Angels,0,-183.5,161.5,0.6472663139329806,0.3824091778202677,0.6007425482787574,0.3992574517212426,-0.046523765654223226,0.01684827390097493,False,True,0,1,0,0,93.21431369713525,0,1771.0719602455697,0.0,7.0,18.0
122,5167,2022-05-16,Tampa Bay Rays,Detroit Tigers,0,-200.0,174.0,0.6666666666666666,0.364963503649635,0.6471153846153845,0.3528846153846154,-0.019551282051282093,-0.012078888265019572,False,False,0,0,0,0,0.0,0,1771.0719602455697,0.0,7.0,18.0
123,3221,2021-07-17,Philadelphia Phillies,Miami Marlins,1,-115.0,100.0,0.5348837209302325,0.5,0.5309510141599694,0.4690489858400307,-0.003932706770263139,-0.030951014159969314,False,False,0,0,0,0,0.0,0,1771.0719602455697,0.0,7.0,18.0
124,8658,2023-06-13,Kansas City Royals,Cincinnati Reds,0,-114.5,-104.0,0.5337995337995338,0.5098039215686274,0.5309510141599694,0.4690489858400307,-0.0028485196395644508,-0.04075493572859673,False,False,0,0,0,0,0.0,0,1771.0719602455697,0.0,7.0,18.0
125,8637,2023-06-11,Milwaukee Brewers,Oakland Athletics,0,-211.0,181.5,0.6784565916398714,0.3552397868561279,0.6888736263736264,0.3111263736263736,0.010417034733754993,-0.04411341322975432,True,False,1,0,0,0,88.55359801227848,0,1931.7967406378552,160.72478039228545,8.0,18.0
126,6890,2022-09-20,Oakland Athletics,Seattle Mariners,1,185.0,-213.0,0.3508771929824561,0.6805111821086262,0.2974043715846994,0.7025956284153005,-0.05347282139775672,0.022084446306674388,False,True,1,0,0,0,88.55359801227848,0,2095.6208969605705,163.8241563227152,9.0,18.0
127,2708,2021-06-06,Milwaukee Brewers,Arizona Diamondbacks,1,-233.0,199.0,0.6996996996996997,0.334448160535117,0.7575789696841213,0.2424210303158787,0.05787926998442161,-0.0920271302192383,True,False,0,1,0,0,88.55359801227848,0,2007.0672989482919,0.0,9.0,19.0
128,5800,2022-06-30,Seattle Mariners,Oakland Athletics,1,-222.0,190.0,0.6894409937888198,0.3448275862068966,0.7534591194968554,0.2465408805031446,0.06401812570803556,-0.09828670570375198,True,False,0,1,0,0,88.55359801227848,0,1918.5137009360133,0.0,9.0,20.0
129,5129,2022-05-13,Minnesota Twins,Cleveland Guardians,1,-161.0,140.0,0.6168582375478927,0.4166666666666667,0.5934508816120907,0.4065491183879093,-0.02340735593580201,-0.010117548278757382,False,False,0,0,0,0,0.0,0,1918.5137009360133,0.0,9.0,20.0
130,5667,2022-06-20,San Diego Padres,Arizona Diamondbacks,1,-183.5,160.0,0.6472663139329806,0.3846153846153846,0.6007425482787574,0.3992574517212426,-0.046523765654223226,0.014642067105858025,False,True,1,0,0,0,95.92568504680067,0,1970.7892786181935,52.275577682180206,10.0,20.0
131,3105,2021-07-05,Chicago Cubs,Philadelphia Phillies,0,-139.0,120.0,0.5815899581589958,0.4545454545454545,0.5555451829723674,0.4444548170276325,-0.0260447751866284,-0.010090637517821965,False,False,0,0,0,0,0.0,0,1970.7892786181935,0.0,10.0,20.0
132,6141,2022-07-27,New York Mets,New York Yankees,1,-164.0,143.0,0.6212121212121212,0.411522633744856,0.5955342149454239,0.404465785054576,-0.025677906266697303,-0.007056848690280004,False,False,0,0,0,0,0.0,0,1970.7892786181935,0.0,10.0,20.0
133,8129,2023-05-05,Tampa Bay Rays,New York Yankees,1,-190.0,160.0,0.6551724137931034,0.3846153846153846,0.6042616924229014,0.3957383075770985,-0.05091072137020203,0.01112292296171391,False,True,1,0,0,0,95.92568504680067,0,2021.2764812744044,50.487202656210876,11.0,20.0
134,3856,2021-09-01,Arizona Diamondbacks,San Diego Padres,1,195.0,-233.0,0.3389830508474576,0.6996996996996997,0.2974043715846994,0.7025956284153005,-0.04157867926275821,0.0028959287156008484,False,False,0,0,0,0,0.0,0,2021.2764812744044,0.0,11.0,20.0
135,8072,2023-04-30,San Diego Padres,San Francisco Giants,1,-148.0,128.0,0.5967741935483871,0.4385964912280701,0.5725206490539512,0.4274793509460489,-0.024253544494435952,-0.01111714028202121,False,False,0,0,0,0,0.0,0,2021.2764812744044,0.0,11.0,20.0
136,5425,2022-06-03,Baltimore Orioles,Cleveland Guardians,0,118.0,-135.0,0.4587155963302752,0.574468085106383,0.430161943319838,0.569838056680162,-0.02855365301043722,-0.004630028426221067,False,False,0,0,0,0,0.0,0,2021.2764812744044,0.0,11.0,20.0
137,5817,2022-07-02,Toronto Blue Jays,Tampa Bay Rays,0,-135.0,118.0,0.574468085106383,0.4587155963302752,0.5555451829723674,0.4444548170276325,-0.018922902134015596,-0.01426077930264269,False,False,0,0,0,0,0.0,0,2021.2764812744044,0.0,11.0,20.0
138,2952,2021-06-25,Milwaukee Brewers,Colorado Rockies,1,-244.0,210.0,0.7093023255813954,0.3225806451612903,0.7575789696841213,0.2424210303158787,0.04827664410272592,-0.08015961484541162,True,False,0,1,0,0,101.06382406372023,0,1920.2126572106843,0.0,11.0,21.0
139,6105,2022-07-25,Detroit Tigers,San Diego Padres,1,140.0,-161.0,0.4166666666666667,0.6168582375478927,0.4124033860875966,0.5875966139124034,-0.004263280579070106,-0.029261623635489342,False,False,0,0,0,0,0.0,0,1920.2126572106843,0.0,11.0,21.0
140,8194,2023-05-09,Seattle Mariners,Texas Rangers,1,-167.0,143.5,0.6254681647940075,0.4106776180698152,0.5955342149454239,0.404465785054576,-0.029933949848583552,-0.006211833015239199,False,False,0,0,0,0,0.0,0,1920.2126572106843,0.0,11.0,21.0
141,6923,2022-09-23,Baltimore Orioles,Houston Astros,1,128.0,-145.0,0.4385964912280701,0.5918367346938775,0.4239806246385194,0.5760193753614806,-0.014615866589550719,-0.01581735933239692,False,False,0,0,0,0,0.0,0,1920.2126572106843,0.0,11.0,21.0
142,6126,2022-07-26,Los Angeles Dodgers,Washington Nationals,0,-244.0,206.0,0.7093023255813954,0.326797385620915,0.7575789696841213,0.2424210303158787,0.04827664410272592,-0.08437635530503629,True,False,1,0,0,0,96.01063286053422,0,2117.994560903385,197.7819036927005,12.0,21.0
143,5417,2022-06-02,Baltimore Orioles,Seattle Mariners,0,104.0,-120.0,0.4901960784313725,0.5454545454545454,0.4410070605722779,0.558992939427722,-0.049189017859094575,0.013538393973176577,False,True,0,1,0,0,96.01063286053422,0,2021.9839280428505,0.0,12.0,22.0
144,3476,2021-08-04,Miami Marlins,New York Mets,0,138.0,-159.0,0.4201680672268907,0.6138996138996139,0.4124033860875966,0.5875966139124034,-0.007764681139294127,-0.02630299998721053,False,False,0,0,0,0,0.0,0,2021.9839280428505,0.0,12.0,22.0
145,4768,2022-04-17,Colorado Rockies,Chicago Cubs,0,-130.0,113.0,0.5652173913043478,0.4694835680751174,0.5416244022605419,0.4583755977394581,-0.023592989043805912,-0.0111079703356593,False,False,0,0,0,0,0.0,0,2021.9839280428505,0.0,12.0,22.0
146,4944,2022-04-30,Miami Marlins,Seattle Mariners,1,-108.0,-109.0,0.5192307692307693,0.5215311004784688,0.5122503698224852,0.4877496301775147,-0.006980399408284099,-0.03378147030095413,False,False,0,0,0,0,0.0,0,2021.9839280428505,0.0,12.0,22.0
147,3904,2021-09-04,Colorado Rockies,Atlanta Braves,1,102.0,-119.0,0.495049504950495,0.54337899543379,0.4839064688563016,0.5160935311436983,-0.01114303609419337,-0.02728546429009171,False,False,0,0,0,0,0.0,0,2021.9839280428505,0.0,12.0,22.0
148,2673,2021-06-04,Pittsburgh Pirates,Miami Marlins,1,-102.0,-112.0,0.504950495049505,0.5283018867924528,0.5122503698224852,0.4877496301775147,0.007299874772980219,-0.04055225661493811,False,False,0,0,0,0,0.0,0,2021.9839280428505,0.0,12.0,22.0
149,4849,2022-04-23,Oakland Athletics,Texas Rangers,0,-130.0,110.0,0.5652173913043478,0.4761904761904761,0.5416244022605419,0.4583755977394581,-0.023592989043805912,-0.017814878451018035,False,False,0,0,0,0,0.0,0,2021.9839280428505,0.0,12.0,22.0
150,5648,2022-06-19,Toronto Blue Jays,New York Yankees,1,139.0,-159.0,0.4184100418410041,0.6138996138996139,0.4124033860875966,0.5875966139124034,-0.0060066557534075304,-0.02630299998721053,False,False,0,0,0,0,0.0,0,2021.9839280428505,0.0,12.0,22.0
151,3144,2021-07-08,Seattle Mariners,New York Yankees,1,124.0,-143.0,0.4464285714285714,0.588477366255144,0.430161943319838,0.569838056680162,-0.016266628108733416,-0.018639309574982055,False,False,0,0,0,0,0.0,0,2021.9839280428505,0.0,12.0,22.0
152,8218,2023-05-12,Detroit Tigers,Seattle Mariners,0,106.5,-124.0,0.4842615012106537,0.5535714285714286,0.4410070605722779,0.558992939427722,-0.0432544406383758,0.005421510856293388,False,False,0,0,0,0,0.0,0,2021.9839280428505,0.0,12.0,22.0
153,8600,2023-06-09,Baltimore Orioles,Kansas City Royals,1,-186.0,160.0,0.6503496503496503,0.3846153846153846,0.6007425482787574,0.3992574517212426,-0.04960710207089292,0.014642067105858025,False,True,1,0,0,0,101.09919640214252,0,2076.338334710669,54.35440666781856,13.0,22.0
154,8272,2023-05-15,Oakland Athletics,Arizona Diamondbacks,0,175.0,-210.0,0.3636363636363636,0.6774193548387096,0.3354465709728867,0.6645534290271132,-0.028189792663476876,-0.012865925811596401,False,False,0,0,0,0,0.0,0,2076.338334710669,0.0,13.0,22.0
155,1933,2021-04-12,Pittsburgh Pirates,San Diego Padres,0,205.0,-238.0,0.3278688524590163,0.7041420118343196,0.2628805620608899,0.7371194379391101,-0.06498829039812642,0.032977426104790486,False,True,0,1,0,0,103.81691673553347,0,1972.5214179751358,0.0,13.0,23.0
156,8103,2023-05-03,Houston Astros,San Francisco Giants,0,-170.0,149.0,0.6296296296296297,0.4016064257028112,0.5955342149454239,0.404465785054576,-0.03409541468420574,0.0028593593517647897,False,False,0,0,0,0,0.0,0,1972.5214179751358,0.0,13.0,23.0
157,4952,2022-04-30,Los Angeles Dodgers,Detroit Tigers,0,-345.0,280.0,0.7752808988764045,0.2631578947368421,0.7798774259448418,0.2201225740551582,0.004596527068437273,-0.04303532068168389,False,False,0,0,0,0,0.0,0,1972.5214179751358,0.0,13.0,23.0
158,5443,2022-06-04,Texas Rangers,Seattle Mariners,1,-125.0,108.0,0.5555555555555556,0.4807692307692308,0.5309510141599694,0.4690489858400307,-0.02460454139558621,-0.011720244929200097,False,False,0,0,0,0,0.0,0,1972.5214179751358,0.0,13.0,23.0
159,3070,2021-07-03,Pittsburgh Pirates,Milwaukee Brewers,0,145.0,-161.0,0.4081632653061224,0.6168582375478927,0.4124033860875966,0.5875966139124034,0.004240120781474177,-0.029261623635489342,False,False,0,0,0,0,0.0,0,1972.5214179751358,0.0,13.0,23.0
160,8237,2023-05-13,Toronto Blue Jays,Atlanta Braves,1,-125.0,108.0,0.5555555555555556,0.4807692307692308,0.5309510141599694,0.4690489858400307,-0.02460454139558621,-0.011720244929200097,False,False,0,0,0,0,0.0,0,1972.5214179751358,0.0,13.0,23.0
161,1150,2020-09-16,Detroit Tigers,Kansas City Royals,0,120.0,-132.5,0.4545454545454545,0.5698924731182796,0.430161943319838,0.569838056680162,-0.024383511225616494,-5.441643811765484e-05,False,False,0,0,0,0,0.0,0,1972.5214179751358,0.0,13.0,23.0
162,2853,2021-06-17,San Diego Padres,Cincinnati Reds,1,-175.0,155.0,0.6363636363636364,0.392156862745098,0.6007425482787574,0.3992574517212426,-0.03562108808487896,0.007100588976144628,False,False,0,0,0,0,0.0,0,1972.5214179751358,0.0,13.0,23.0
163,6322,2022-08-10,Chicago Cubs,Washington Nationals,1,-175.0,150.0,0.6363636363636364,0.4,0.6007425482787574,0.3992574517212426,-0.03562108808487896,-0.0007425482787574156,False,False,0,0,0,0,0.0,0,1972.5214179751358,0.0,13.0,23.0
164,6775,2022-09-12,Cincinnati Reds,Pittsburgh Pirates,0,-135.0,118.0,0.574468085106383,0.4587155963302752,0.5555451829723674,0.4444548170276325,-0.018922902134015596,-0.01426077930264269,False,False,0,0,0,0,0.0,0,1972.5214179751358,0.0,13.0,23.0
165,8094,2023-05-02,Houston Astros,San Francisco Giants,0,-169.0,145.0,0.6282527881040892,0.4081632653061224,0.5955342149454239,0.404465785054576,-0.03271857315866533,-0.0036974802515464256,False,False,0,0,0,0,0.0,0,1972.5214179751358,0.0,13.0,23.0
166,4106,2021-09-19,Milwaukee Brewers,Chicago Cubs,0,-222.0,185.0,0.6894409937888198,0.3508771929824561,0.7185232220609579,0.2814767779390421,0.029082228272138022,-0.06940041504341404,True,False,1,0,0,0,98.6260708987568,0,2154.979649137836,182.4582311627001,14.0,23.0
167,812,2020-08-24,Houston Astros,Los Angeles Angels,1,-157.5,138.5,0.6116504854368932,0.4192872117400419,0.5725206490539512,0.4274793509460489,-0.039129836382941985,0.008192139206006976,False,False,0,0,0,0,0.0,0,2154.979649137836,0.0,14.0,23.0
168,1128,2020-09-15,Miami Marlins,Boston Red Sox,0,-158.5,140.0,0.6131528046421664,0.4166666666666667,0.5934508816120907,0.4065491183879093,-0.019701923030075674,-0.010117548278757382,False,False,0,0,0,0,0.0,0,2154.979649137836,0.0,14.0,23.0
169,5864,2022-07-05,Miami Marlins,Los Angeles Angels,1,-141.0,123.0,0.5850622406639004,0.4484304932735426,0.555768796568074,0.4442312034319259,-0.02929344409582646,-0.004199289841616716,False,False,0,0,0,0,0.0,0,2154.979649137836,0.0,14.0,23.0
170,1285,2020-09-25,Minnesota Twins,Cincinnati Reds,0,-149.0,137.0,0.5983935742971888,0.4219409282700422,0.5725206490539512,0.4274793509460489,-0.025872925243237588,0.005538422676006682,False,False,0,0,0,0,0.0,0,2154.979649137836,0.0,14.0,23.0
171,5550,2022-06-12,New York Yankees,Chicago Cubs,1,-238.0,205.0,0.7041420118343196,0.3278688524590163,0.7575789696841213,0.2424210303158787,0.053436957849801736,-0.08544782214313762,True,False,0,1,0,0,107.74898245689181,0,2047.2306666809443,0.0,14.0,24.0
172,5520,2022-06-10,Detroit Tigers,Toronto Blue Jays,0,180.0,-213.0,0.3571428571428571,0.6805111821086262,0.3354465709728867,0.6645534290271132,-0.02169628616997038,-0.015957753081512926,False,False,0,0,0,0,0.0,0,2047.2306666809443,0.0,14.0,24.0
173,2688,2021-06-05,Toronto Blue Jays,Houston Astros,1,-102.0,-114.0,0.504950495049505,0.5327102803738317,0.4839064688563016,0.5160935311436983,-0.021044026193203336,-0.016616749230133454,False,False,0,0,0,0,0.0,0,2047.2306666809443,0.0,14.0,24.0
174,5662,2022-06-20,Tampa Bay Rays,New York Yankees,0,114.0,-130.0,0.4672897196261682,0.5652173913043478,0.4410070605722779,0.558992939427722,-0.026282659053890323,-0.006224451876625792,False,False,0,0,0,0,0.0,0,2047.2306666809443,0.0,14.0,24.0
175,6864,2022-09-18,Los Angeles Angels,Seattle Mariners,1,-105.0,-110.0,0.5121951219512195,0.5238095238095238,0.5122503698224852,0.4877496301775147,5.524787126565123e-05,-0.03605989363200912,False,False,0,0,0,0,0.0,0,2047.2306666809443,0.0,14.0,24.0
176,6799,2022-09-14,Detroit Tigers,Houston Astros,0,220.0,-263.0,0.3125,0.7245179063360881,0.2057377049180327,0.7942622950819672,-0.1067622950819673,0.06974438874587907,False,True,0,1,0,0,102.36153333404722,0,1944.8691333468971,0.0,14.0,25.0
177,2892,2021-06-20,Kansas City Royals,Boston Red Sox,1,125.0,-143.0,0.4444444444444444,0.588477366255144,0.430161943319838,0.569838056680162,-0.01428250112460644,-0.018639309574982055,False,False,0,0,0,0,0.0,0,1944.8691333468971,0.0,14.0,25.0
178,8078,2023-05-01,New York Mets,Atlanta Braves,1,-105.0,-113.0,0.5121951219512195,0.5305164319248826,0.5122503698224852,0.4877496301775147,5.524787126565123e-05,-0.04276680174736791,False,False,0,0,0,0,0.0,0,1944.8691333468971,0.0,14.0,25.0
179,8279,2023-05-16,Toronto Blue Jays,New York Yankees,0,-183.5,159.5,0.6472663139329806,0.3853564547206166,0.6007425482787574,0.3992574517212426,-0.046523765654223226,0.013900997000626025,False,True,0,1,0,0,102.36153333404722,0,1842.50760001285,0.0,14.0,26.0
180,7845,2023-04-14,Kansas City Royals,Atlanta Braves,0,123.0,-140.0,0.4484304932735426,0.5833333333333334,0.430161943319838,0.569838056680162,-0.018268549953704638,-0.013495276653171406,False,False,0,0,0,0,0.0,0,1842.50760001285,0.0,14.0,26.0
181,4038,2021-09-14,Kansas City Royals,Oakland Athletics,1,145.0,-164.0,0.4081632653061224,0.6212121212121212,0.3870572152305899,0.6129427847694102,-0.021106050075532512,-0.008269336442710995,False,False,0,0,0,0,0.0,0,1842.50760001285,0.0,14.0,26.0
182,6169,2022-07-30,Toronto Blue Jays,Detroit Tigers,1,-303.0,245.0,0.7518610421836228,0.2898550724637681,0.7798774259448418,0.2201225740551582,0.028016383761218955,-0.06973249840860993,True,False,0,1,0,0,92.12538000064251,0,1750.3822200122074,0.0,14.0,27.0
183,1998,2021-04-16,Milwaukee Brewers,Pittsburgh Pirates,0,-154.0,135.0,0.6062992125984252,0.425531914893617,0.5725206490539512,0.4274793509460489,-0.03377856354447406,0.0019474360524318612,False,False,0,0,0,0,0.0,0,1750.3822200122074,0.0,14.0,27.0
184,3081,2021-07-03,Seattle Mariners,Texas Rangers,0,-145.0,125.0,0.5918367346938775,0.4444444444444444,0.5707364341085271,0.4292635658914728,-0.021100300585350396,-0.015180878552971622,False,False,0,0,0,0,0.0,0,1750.3822200122074,0.0,14.0,27.0
185,1267,2020-09-24,Boston Red Sox,Baltimore Orioles,0,-149.0,135.0,0.5983935742971888,0.425531914893617,0.5725206490539512,0.4274793509460489,-0.025872925243237588,0.0019474360524318612,False,False,0,0,0,0,0.0,0,1750.3822200122074,0.0,14.0,27.0
186,8433,2023-05-27,Atlanta Braves,Philadelphia Phillies,0,-138.0,120.5,0.5798319327731093,0.4535147392290249,0.5555451829723674,0.4444548170276325,-0.024286749800741858,-0.0090599222013924,False,False,0,0,0,0,0.0,0,1750.3822200122074,0.0,14.0,27.0
187,2148,2021-04-27,New York Mets,Boston Red Sox,0,-143.0,128.0,0.588477366255144,0.4385964912280701,0.5725206490539512,0.4274793509460489,-0.01595671720119285,-0.01111714028202121,False,False,0,0,0,0,0.0,0,1750.3822200122074,0.0,14.0,27.0
188,8606,2023-06-09,Atlanta Braves,Washington Nationals,1,-204.0,170.0,0.6710526315789473,0.3703703703703703,0.6471153846153845,0.3528846153846154,-0.023937246963562808,-0.017485754985754887,False,False,0,0,0,0,0.0,0,1750.3822200122074,0.0,14.0,27.0
189,6379,2022-08-14,Kansas City Royals,Los Angeles Dodgers,1,225.0,-270.0,0.3076923076923077,0.7297297297297297,0.2057377049180327,0.7942622950819672,-0.10195460277427501,0.0645325653522375,False,True,1,0,0,0,87.51911100061038,0,1947.3002197635808,196.91799975137334,15.0,27.0
190,8442,2023-05-28,New York Yankees,San Diego Padres,1,-144.5,125.0,0.591002044989775,0.4444444444444444,0.5707364341085271,0.4292635658914728,-0.020265610881247897,-0.015180878552971622,False,False,0,0,0,0,0.0,0,1947.3002197635808,0.0,15.0,27.0
191,4036,2021-09-14,Atlanta Braves,Colorado Rockies,0,-164.0,145.0,0.6212121212121212,0.4081632653061224,0.5955342149454239,0.404465785054576,-0.025677906266697303,-0.0036974802515464256,False,False,0,0,0,0,0.0,0,1947.3002197635808,0.0,15.0,27.0
192,3650,2021-08-17,Washington Nationals,Toronto Blue Jays,1,175.0,-204.0,0.3636363636363636,0.6710526315789473,0.3354465709728867,0.6645534290271132,-0.028189792663476876,-0.006499202551834116,False,False,0,0,0,0,0.0,0,1947.3002197635808,0.0,15.0,27.0
193,8693,2023-06-16,Washington Nationals,Miami Marlins,0,155.0,-180.0,0.392156862745098,0.6428571428571429,0.3870572152305899,0.6129427847694102,-0.005099647514508088,-0.029914358087732684,False,False,0,0,0,0,0.0,0,1947.3002197635808,0.0,15.0,27.0
194,5791,2022-06-29,Colorado Rockies,Los Angeles Dodgers,0,165.5,-196.0,0.3766478342749529,0.6621621621621622,0.3604465709728868,0.6395534290271132,-0.016201263302066116,-0.022608733135048964,False,False,0,0,0,0,0.0,0,1947.3002197635808,0.0,15.0,27.0
195,6282,2022-08-07,Cleveland Guardians,Houston Astros,1,125.0,-145.0,0.4444444444444444,0.5918367346938775,0.4239806246385194,0.5760193753614806,-0.020463819805925043,-0.01581735933239692,False,False,0,0,0,0,0.0,0,1947.3002197635808,0.0,15.0,27.0
196,3933,2021-09-06,Houston Astros,Seattle Mariners,1,-208.0,180.0,0.6753246753246753,0.3571428571428571,0.6778846153846154,0.3221153846153846,0.0025599400599400912,-0.035027472527472514,False,False,0,0,0,0,0.0,0,1947.3002197635808,0.0,15.0,27.0
197,696,2020-08-16,Los Angeles Angels,Los Angeles Dodgers,0,162.0,-183.5,0.3816793893129771,0.6472663139329806,0.3870572152305899,0.6129427847694102,0.005377825917612766,-0.0343235291635704,False,False,0,0,0,0,0.0,0,1947.3002197635808,0.0,15.0,27.0
198,4020,2021-09-13,Washington Nationals,Miami Marlins,0,-114.0,100.0,0.5327102803738317,0.5,0.5309510141599694,0.4690489858400307,-0.0017592662138623538,-0.030951014159969314,False,False,0,0,0,0,0.0,0,1947.3002197635808,0.0,15.0,27.0
199,4117,2021-09-20,Philadelphia Phillies,Baltimore Orioles,0,-208.0,175.5,0.6753246753246753,0.3629764065335753,0.6471153846153845,0.3528846153846154,-0.02820929070929079,-0.010091791148959917,False,False,0,0,0,0,0.0,0,1947.3002197635808,0.0,15.0,27.0
200,5721,2022-06-24,San Diego Padres,Philadelphia Phillies,1,115.0,-132.0,0.4651162790697674,0.5689655172413793,0.4410070605722779,0.558992939427722,-0.024109218497489482,-0.009972577813657346,False,False,0,0,0,0,0.0,0,1947.3002197635808,0.0,15.0,27.0
201,5100,2022-05-11,Seattle Mariners,Philadelphia Phillies,0,-161.0,140.0,0.6168582375478927,0.4166666666666667,0.5934508816120907,0.4065491183879093,-0.02340735593580201,-0.010117548278757382,False,False,0,0,0,0,0.0,0,1947.3002197635808,0.0,15.0,27.0
202,3411,2021-07-30,Los Angeles Angels,Oakland Athletics,0,103.0,-119.5,0.4926108374384236,0.5444191343963554,0.4533898186917781,0.5466101813082219,-0.03922101874664552,0.0021910469118665565,False,False,0,0,0,0,0.0,0,1947.3002197635808,0.0,15.0,27.0
203,2371,2021-05-13,Houston Astros,Texas Rangers,1,-196.0,170.0,0.6621621621621622,0.3703703703703703,0.6471153846153845,0.3528846153846154,-0.015046777546777634,-0.017485754985754887,False,False,0,0,0,0,0.0,0,1947.3002197635808,0.0,15.0,27.0
204,6927,2022-09-23,Texas Rangers,Cleveland Guardians,0,-115.0,100.0,0.5348837209302325,0.5,0.5309510141599694,0.4690489858400307,-0.003932706770263139,-0.030951014159969314,False,False,0,0,0,0,0.0,0,1947.3002197635808,0.0,15.0,27.0
205,8514,2023-06-02,Los Angeles Dodgers,New York Yankees,1,-139.5,120.0,0.5824634655532359,0.4545454545454545,0.5555451829723674,0.4444548170276325,-0.02691828258086848,-0.010090637517821965,False,False,0,0,0,0,0.0,0,1947.3002197635808,0.0,15.0,27.0
206,4004,2021-09-12,Detroit Tigers,Tampa Bay Rays,1,132.0,-149.0,0.4310344827586206,0.5983935742971888,0.4239806246385194,0.5760193753614806,-0.007053858120101231,-0.022374198935708134,False,False,0,0,0,0,0.0,0,1947.3002197635808,0.0,15.0,27.0
207,8402,2023-05-25,Colorado Rockies,Miami Marlins,1,110.0,-125.0,0.4761904761904761,0.5555555555555556,0.4410070605722779,0.558992939427722,-0.03518341561819821,0.0034373838721664107,False,False,0,0,0,0,0.0,0,1947.3002197635808,0.0,15.0,27.0
208,6627,2022-09-01,Arizona Diamondbacks,Milwaukee Brewers,1,115.0,-135.0,0.4651162790697674,0.574468085106383,0.430161943319838,0.569838056680162,-0.0349543357499294,-0.004630028426221067,False,False,0,0,0,0,0.0,0,1947.3002197635808,0.0,15.0,27.0
209,2982,2021-06-27,Toronto Blue Jays,Baltimore Orioles,1,-235.5,200.0,0.7019374068554396,0.3333333333333333,0.7575789696841213,0.2424210303158787,0.05564156282868171,-0.09091230301745462,True,False,0,1,0,0,97.36501098817905,0,1849.9352087754019,0.0,15.0,28.0
210,5656,2022-06-19,Seattle Mariners,Los Angeles Angels,0,-169.0,150.0,0.6282527881040892,0.4,0.5955342149454239,0.404465785054576,-0.03271857315866533,0.004465785054575955,False,False,0,0,0,0,0.0,0,1849.9352087754019,0.0,15.0,28.0
211,3614,2021-08-14,Texas Rangers,Oakland Athletics,0,175.0,-204.0,0.3636363636363636,0.6710526315789473,0.3354465709728867,0.6645534290271132,-0.028189792663476876,-0.006499202551834116,False,False,0,0,0,0,0.0,0,1849.9352087754019,0.0,15.0,28.0
212,2359,2021-05-12,Houston Astros,Los Angeles Angels,1,-119.0,105.0,0.54337899543379,0.4878048780487805,0.5309510141599694,0.4690489858400307,-0.01242798127382061,-0.01875589220874979,False,False,0,0,0,0,0.0,0,1849.9352087754019,0.0,15.0,28.0
213,2462,2021-05-20,Texas Rangers,New York Yankees,0,115.0,-132.0,0.4651162790697674,0.5689655172413793,0.4410070605722779,0.558992939427722,-0.024109218497489482,-0.009972577813657346,False,False,0,0,0,0,0.0,0,1849.9352087754019,0.0,15.0,28.0
214,6122,2022-07-26,Milwaukee Brewers,Minnesota Twins,1,-114.0,-103.0,0.5327102803738317,0.5073891625615764,0.5309510141599694,0.4690489858400307,-0.0017592662138623538,-0.038340176721545716,False,False,0,0,0,0,0.0,0,1849.9352087754019,0.0,15.0,28.0
215,1039,2020-09-08,Chicago Cubs,Cincinnati Reds,1,-109.5,-102.5,0.522673031026253,0.5061728395061729,0.5193632429568136,0.4806367570431865,-0.003309788069439379,-0.025536082462986387,False,False,0,0,0,0,0.0,0,1849.9352087754019,0.0,15.0,28.0
216,5733,2022-06-25,Minnesota Twins,Colorado Rockies,1,-185.0,160.0,0.6491228070175439,0.3846153846153846,0.6007425482787574,0.3992574517212426,-0.048380258738786486,0.014642067105858025,False,True,1,0,0,0,92.4967604387701,0,1899.9334576612234,49.998248885821674,16.0,28.0
217,5501,2022-06-08,Los Angeles Angels,Boston Red Sox,0,143.0,-164.0,0.411522633744856,0.6212121212121212,0.4124033860875966,0.5875966139124034,0.0008807523427405983,-0.03361550729971785,False,False,0,0,0,0,0.0,0,1899.9334576612234,0.0,16.0,28.0
218,2729,2021-06-08,Minnesota Twins,New York Yankees,0,100.0,-114.0,0.5,0.5327102803738317,0.4839064688563016,0.5160935311436983,-0.01609353114369838,-0.016616749230133454,False,False,0,0,0,0,0.0,0,1899.9334576612234,0.0,16.0,28.0
219,5218,2022-05-19,Boston Red Sox,Seattle Mariners,1,-128.0,110.0,0.5614035087719298,0.4761904761904761,0.5416244022605419,0.4583755977394581,-0.019779106511387923,-0.017814878451018035,False,False,0,0,0,0,0.0,0,1899.9334576612234,0.0,16.0,28.0
220,4916,2022-04-28,Minnesota Twins,Detroit Tigers,1,-141.0,120.0,0.5850622406639004,0.4545454545454545,0.5555451829723674,0.4444548170276325,-0.02951705769153301,-0.010090637517821965,False,False,0,0,0,0,0.0,0,1899.9334576612234,0.0,16.0,28.0
221,5951,2022-07-11,Miami Marlins,Pittsburgh Pirates,0,-161.0,140.0,0.6168582375478927,0.4166666666666667,0.5934508816120907,0.4065491183879093,-0.02340735593580201,-0.010117548278757382,False,False,0,0,0,0,0.0,0,1899.9334576612234,0.0,16.0,28.0
222,3790,2021-08-27,Texas Rangers,Houston Astros,0,195.0,-238.0,0.3389830508474576,0.7041420118343196,0.2686934031003483,0.7313065968996517,-0.07028964774710933,0.027164585065332147,False,True,0,1,0,0,94.99667288306118,0,1804.9367847781623,0.0,16.0,29.0
223,5731,2022-06-25,Cleveland Guardians,Boston Red Sox,0,-161.0,140.0,0.6168582375478927,0.4166666666666667,0.5934508816120907,0.4065491183879093,-0.02340735593580201,-0.010117548278757382,False,False,0,0,0,0,0.0,0,1804.9367847781623,0.0,16.0,29.0
224,3038,2021-06-30,Oakland Athletics,Texas Rangers,1,-200.0,175.0,0.6666666666666666,0.3636363636363636,0.6471153846153845,0.3528846153846154,-0.019551282051282093,-0.010751748251748183,False,False,0,0,0,0,0.0,0,1804.9367847781623,0.0,16.0,29.0
225,3363,2021-07-27,Chicago Cubs,Cincinnati Reds,0,-161.0,142.0,0.6168582375478927,0.4132231404958678,0.5955342149454239,0.404465785054576,-0.021324022602468795,-0.008757355441291803,False,False,0,0,0,0,0.0,0,1804.9367847781623,0.0,16.0,29.0
226,8549,2023-06-05,Philadelphia Phillies,Detroit Tigers,1,-238.0,200.0,0.7041420118343196,0.3333333333333333,0.7575789696841213,0.2424210303158787,0.053436957849801736,-0.09091230301745462,True,False,0,1,0,0,90.24683923890812,0,1714.6899455392543,0.0,16.0,30.0
227,2938,2021-06-23,Texas Rangers,Oakland Athletics,1,136.0,-156.0,0.423728813559322,0.609375,0.4124033860875966,0.5875966139124034,-0.011325427471725436,-0.021778386087596635,False,False,0,0,0,0,0.0,0,1714.6899455392543,0.0,16.0,30.0
228,6062,2022-07-22,Atlanta Braves,Los Angeles Angels,1,-154.0,135.0,0.6062992125984252,0.425531914893617,0.5725206490539512,0.4274793509460489,-0.03377856354447406,0.0019474360524318612,False,False,0,0,0,0,0.0,0,1714.6899455392543,0.0,16.0,30.0
229,3681,2021-08-19,Texas Rangers,Seattle Mariners,0,142.0,-164.0,0.4132231404958678,0.6212121212121212,0.4124033860875966,0.5875966139124034,-0.0008197544082712005,-0.03361550729971785,False,False,0,0,0,0,0.0,0,1714.6899455392543,0.0,16.0,30.0
230,8575,2023-06-07,Washington Nationals,Arizona Diamondbacks,0,115.0,-135.0,0.4651162790697674,0.574468085106383,0.430161943319838,0.569838056680162,-0.0349543357499294,-0.004630028426221067,False,False,0,0,0,0,0.0,0,1714.6899455392543,0.0,16.0,30.0
231,7081,2022-10-04,Boston Red Sox,Tampa Bay Rays,1,102.0,-115.0,0.495049504950495,0.5348837209302325,0.4839064688563016,0.5160935311436983,-0.01114303609419337,-0.01879018978653424,False,False,0,0,0,0,0.0,0,1714.6899455392543,0.0,16.0,30.0
232,6693,2022-09-06,Kansas City Royals,Cleveland Guardians,0,165.0,-190.5,0.3773584905660377,0.6557659208261618,0.3870572152305899,0.6129427847694102,0.009698724664552183,-0.04282313605675159,False,False,0,0,0,0,0.0,0,1714.6899455392543,0.0,16.0,30.0
233,6009,2022-07-15,Tampa Bay Rays,Baltimore Orioles,1,-120.0,102.5,0.5454545454545454,0.4938271604938271,0.5309510141599694,0.4690489858400307,-0.014503531294576044,-0.024778174653796392,False,False,0,0,0,0,0.0,0,1714.6899455392543,0.0,16.0,30.0
234,5772,2022-06-28,Kansas City Royals,Texas Rangers,0,130.0,-147.0,0.4347826086956521,0.5951417004048583,0.4239806246385194,0.5760193753614806,-0.01080198405713273,-0.01912232504337763,False,False,0,0,0,0,0.0,0,1714.6899455392543,0.0,16.0,30.0
235,5288,2022-05-24,Houston Astros,Cleveland Guardians,1,-200.0,171.0,0.6666666666666666,0.3690036900369003,0.6471153846153845,0.3528846153846154,-0.019551282051282093,-0.016119074652284904,False,False,0,0,0,0,0.0,0,1714.6899455392543,0.0,16.0,30.0
236,3702,2021-08-20,Los Angeles Dodgers,New York Mets,1,-259.5,215.0,0.721835883171071,0.3174603174603174,0.7798774259448418,0.2201225740551582,0.05804154277377083,-0.09733774340515919,True,False,0,1,0,0,85.73449727696271,0,1628.9554482622916,0.0,16.0,31.0
237,3997,2021-09-11,Minnesota Twins,Kansas City Royals,1,-135.0,117.0,0.574468085106383,0.4608294930875576,0.5555451829723674,0.4444548170276325,-0.018922902134015596,-0.016374676059925097,False,False,0,0,0,0,0.0,0,1628.9554482622916,0.0,16.0,31.0
238,5952,2022-07-11,Tampa Bay Rays,Boston Red Sox,1,100.0,-118.0,0.5,0.5412844036697247,0.4839064688563016,0.5160935311436983,-0.01609353114369838,-0.025190872526026475,False,False,0,0,0,0,0.0,0,1628.9554482622916,0.0,16.0,31.0
239,6880,2022-09-20,Miami Marlins,Chicago Cubs,0,-150.0,132.0,0.6,0.4310344827586206,0.5725206490539512,0.4274793509460489,-0.02747935094604881,-0.0035551318125717213,False,False,0,0,0,0,0.0,0,1628.9554482622916,0.0,16.0,31.0
240,5048,2022-05-07,Seattle Mariners,Tampa Bay Rays,0,110.0,-130.0,0.4761904761904761,0.5652173913043478,0.4410070605722779,0.558992939427722,-0.03518341561819821,-0.006224451876625792,False,False,0,0,0,0,0.0,0,1628.9554482622916,0.0,16.0,31.0
241,6390,2022-08-15,Cincinnati Reds,Philadelphia Phillies,0,155.0,-179.0,0.392156862745098,0.6415770609318996,0.3870572152305899,0.6129427847694102,-0.005099647514508088,-0.02863427616248937,False,False,0,0,0,0,0.0,0,1628.9554482622916,0.0,16.0,31.0
242,6948,2022-09-24,Arizona Diamondbacks,San Francisco Giants,1,-120.5,106.0,0.546485260770975,0.4854368932038835,0.5309510141599694,0.4690489858400307,-0.015534246611005664,-0.016387907363852816,False,False,0,0,0,0,0.0,0,1628.9554482622916,0.0,16.0,31.0
243,2390,2021-05-14,Los Angeles Dodgers,Miami Marlins,1,-213.0,185.0,0.6805111821086262,0.3508771929824561,0.6953671328671329,0.3046328671328671,0.014855950758506764,-0.04624432584958904,True,False,0,1,0,0,81.44777241311459,0,1547.507675849177,0.0,16.0,32.0
244,815,2020-08-25,Houston Astros,Los Angeles Angels,0,-152.0,132.5,0.6031746031746031,0.4301075268817204,0.5725206490539512,0.4274793509460489,-0.03065395412065197,-0.002628175935671495,False,False,0,0,0,0,0.0,0,1547.507675849177,0.0,16.0,32.0
245,5809,2022-07-01,Colorado Rockies,Arizona Diamondbacks,0,-120.0,105.0,0.5454545454545454,0.4878048780487805,0.5309510141599694,0.4690489858400307,-0.014503531294576044,-0.01875589220874979,False,False,0,0,0,0,0.0,0,1547.507675849177,0.0,16.0,32.0
246,1277,2020-09-25,Tampa Bay Rays,Philadelphia Phillies,1,-164.0,147.0,0.6212121212121212,0.4048582995951417,0.5955342149454239,0.404465785054576,-0.025677906266697303,-0.0003925145405657138,False,False,0,0,0,0,0.0,0,1547.507675849177,0.0,16.0,32.0
247,8276,2023-05-16,Baltimore Orioles,Los Angeles Angels,1,-134.5,117.0,0.5735607675906184,0.4608294930875576,0.5555451829723674,0.4444548170276325,-0.018015584618250924,-0.016374676059925097,False,False,0,0,0,0,0.0,0,1547.507675849177,0.0,16.0,32.0
248,3283,2021-07-21,Milwaukee Brewers,Kansas City Royals,0,-169.0,150.0,0.6282527881040892,0.4,0.5955342149454239,0.404465785054576,-0.03271857315866533,0.004465785054575955,False,False,0,0,0,0,0.0,0,1547.507675849177,0.0,16.0,32.0
249,6811,2022-09-14,Arizona Diamondbacks,Los Angeles Dodgers,1,114.0,-133.0,0.4672897196261682,0.5708154506437768,0.4410070605722779,0.558992939427722,-0.026282659053890323,-0.01182251121605482,False,False,0,0,0,0,0.0,0,1547.507675849177,0.0,16.0,32.0
250,5891,2022-07-07,Houston Astros,Kansas City Royals,1,-345.0,285.0,0.7752808988764045,0.2597402597402597,0.7798774259448418,0.2201225740551582,0.004596527068437273,-0.03961768568510152,False,False,0,0,0,0,0.0,0,1547.507675849177,0.0,16.0,32.0
251,7825,2023-04-12,Toronto Blue Jays,Detroit Tigers,1,-275.0,230.0,0.7333333333333333,0.303030303030303,0.7798774259448418,0.2201225740551582,0.04654409261150849,-0.08290772897514478,True,False,0,1,0,0,77.37538379245886,0,1470.1322920567181,0.0,16.0,33.0
252,8386,2023-05-24,Philadelphia Phillies,Arizona Diamondbacks,1,100.0,-115.0,0.5,0.5348837209302325,0.4839064688563016,0.5160935311436983,-0.01609353114369838,-0.01879018978653424,False,False,0,0,0,0,0.0,0,1470.1322920567181,0.0,16.0,33.0
253,1997,2021-04-16,Texas Rangers,Baltimore Orioles,0,-125.0,108.0,0.5555555555555556,0.4807692307692308,0.5309510141599694,0.4690489858400307,-0.02460454139558621,-0.011720244929200097,False,False,0,0,0,0,0.0,0,1470.1322920567181,0.0,16.0,33.0
254,8860,2023-06-28,Chicago Cubs,Philadelphia Phillies,0,110.0,-126.5,0.4761904761904761,0.5584988962472406,0.4410070605722779,0.558992939427722,-0.03518341561819821,0.0004940431804814072,False,False,0,0,0,0,0.0,0,1470.1322920567181,0.0,16.0,33.0
255,6144,2022-07-28,Pittsburgh Pirates,Philadelphia Phillies,0,165.0,-189.0,0.3773584905660377,0.6539792387543253,0.3870572152305899,0.6129427847694102,0.009698724664552183,-0.04103645398491507,False,False,0,0,0,0,0.0,0,1470.1322920567181,0.0,16.0,33.0
256,6839,2022-09-17,Chicago Cubs,Colorado Rockies,0,-141.0,125.0,0.5850622406639004,0.4444444444444444,0.555768796568074,0.4442312034319259,-0.02929344409582646,-0.0002132410125185169,False,False,0,0,0,0,0.0,0,1470.1322920567181,0.0,16.0,33.0
257,5888,2022-07-06,Houston Astros,Kansas City Royals,0,-278.0,230.0,0.7354497354497355,0.303030303030303,0.7798774259448418,0.2201225740551582,0.04442769049510631,-0.08290772897514478,True,False,1,0,0,0,73.50661460283591,0,1639.1975056432407,169.0652135865226,17.0,33.0
258,8805,2023-06-24,Toronto Blue Jays,Oakland Athletics,1,-265.0,220.0,0.726027397260274,0.3125,0.7798774259448418,0.2201225740551582,0.053850028684567786,-0.0923774259448418,True,False,0,1,0,0,73.50661460283591,0,1565.6908910404047,0.0,17.0,34.0
259,8791,2023-06-23,Philadelphia Phillies,New York Mets,1,-120.0,100.0,0.5454545454545454,0.5,0.5309510141599694,0.4690489858400307,-0.014503531294576044,-0.030951014159969314,False,False,0,0,0,0,0.0,0,1565.6908910404047,0.0,17.0,34.0
260,3085,2021-07-04,Toronto Blue Jays,Tampa Bay Rays,0,-161.0,138.0,0.6168582375478927,0.4201680672268907,0.5934508816120907,0.4065491183879093,-0.02340735593580201,-0.013618948838981404,False,False,0,0,0,0,0.0,0,1565.6908910404047,0.0,17.0,34.0
261,4893,2022-04-26,Arizona Diamondbacks,Los Angeles Dodgers,1,170.0,-198.0,0.3703703703703703,0.6644295302013423,0.3604465709728868,0.6395534290271132,-0.009923799397483501,-0.024876101174229115,False,False,0,0,0,0,0.0,0,1565.6908910404047,0.0,17.0,34.0
262,461,2020-07-31,Arizona Diamondbacks,Los Angeles Dodgers,1,121.0,-134.0,0.4524886877828054,0.5726495726495726,0.430161943319838,0.569838056680162,-0.022326744462967396,-0.0028115159694106495,False,False,0,0,0,0,0.0,0,1565.6908910404047,0.0,17.0,34.0
263,2913,2021-06-22,Baltimore Orioles,Houston Astros,0,170.0,-196.0,0.3703703703703703,0.6621621621621622,0.3604465709728868,0.6395534290271132,-0.009923799397483501,-0.022608733135048964,False,False,0,0,0,0,0.0,0,1565.6908910404047,0.0,17.0,34.0
264,7861,2023-04-15,Kansas City Royals,Atlanta Braves,0,123.0,-140.0,0.4484304932735426,0.5833333333333334,0.430161943319838,0.569838056680162,-0.018268549953704638,-0.013495276653171406,False,False,0,0,0,0,0.0,0,1565.6908910404047,0.0,17.0,34.0
265,5092,2022-05-10,Los Angeles Angels,Tampa Bay Rays,1,100.0,-115.0,0.5,0.5348837209302325,0.4839064688563016,0.5160935311436983,-0.01609353114369838,-0.01879018978653424,False,False,0,0,0,0,0.0,0,1565.6908910404047,0.0,17.0,34.0
266,8146,2023-05-06,Pittsburgh Pirates,Toronto Blue Jays,0,115.0,-132.0,0.4651162790697674,0.5689655172413793,0.4410070605722779,0.558992939427722,-0.024109218497489482,-0.009972577813657346,False,False,0,0,0,0,0.0,0,1565.6908910404047,0.0,17.0,34.0
267,5312,2022-05-26,Atlanta Braves,Philadelphia Phillies,0,-118.5,100.0,0.5423340961098398,0.5,0.5309510141599694,0.4690489858400307,-0.011383081949870477,-0.030951014159969314,False,False,0,0,0,0,0.0,0,1565.6908910404047,0.0,17.0,34.0
268,7059,2022-10-03,Miami Marlins,Atlanta Braves,1,129.0,-148.0,0.4366812227074236,0.5967741935483871,0.4239806246385194,0.5760193753614806,-0.012700598068904223,-0.0207548181869065,False,False,0,0,0,0,0.0,0,1565.6908910404047,0.0,17.0,34.0
269,6539,2022-08-26,Philadelphia Phillies,Pittsburgh Pirates,1,-286.0,238.0,0.7409326424870466,0.2958579881656805,0.7798774259448418,0.2201225740551582,0.038944783457795173,-0.07573541411052229,True,False,0,1,0,0,78.28454455202024,0,1487.4063464883845,0.0,17.0,35.0
270,5829,2022-07-02,Cincinnati Reds,Atlanta Braves,0,150.0,-175.0,0.4,0.6363636363636364,0.3870572152305899,0.6129427847694102,-0.012942784769410132,-0.023420851594226133,False,False,0,0,0,0,0.0,0,1487.4063464883845,0.0,17.0,35.0
271,8811,2023-06-24,Los Angeles Dodgers,Houston Astros,1,-176.5,150.0,0.6383363471971067,0.4,0.6007425482787574,0.3992574517212426,-0.03759379891834935,-0.0007425482787574156,False,False,0,0,0,0,0.0,0,1487.4063464883845,0.0,17.0,35.0
272,3503,2021-08-06,Houston Astros,Minnesota Twins,0,-213.0,181.5,0.6805111821086262,0.3552397868561279,0.6953671328671329,0.3046328671328671,0.014855950758506764,-0.05060691972326081,True,False,1,0,0,0,74.37031732441923,0,1622.3884724322054,134.9821259438209,18.0,35.0
273,3717,2021-08-21,Colorado Rockies,Arizona Diamondbacks,1,-149.0,135.0,0.5983935742971888,0.425531914893617,0.5725206490539512,0.4274793509460489,-0.025872925243237588,0.0019474360524318612,False,False,0,0,0,0,0.0,0,1622.3884724322054,0.0,18.0,35.0
274,5254,2022-05-22,Baltimore Orioles,Tampa Bay Rays,1,145.0,-167.0,0.4081632653061224,0.6254681647940075,0.3870572152305899,0.6129427847694102,-0.021106050075532512,-0.012525380024597244,False,False,0,0,0,0,0.0,0,1622.3884724322054,0.0,18.0,35.0
275,596,2020-08-09,Oakland Athletics,Houston Astros,1,-152.0,135.0,0.6031746031746031,0.425531914893617,0.5725206490539512,0.4274793509460489,-0.03065395412065197,0.0019474360524318612,False,False,0,0,0,0,0.0,0,1622.3884724322054,0.0,18.0,35.0
276,8654,2023-06-13,Minnesota Twins,Milwaukee Brewers,1,-114.5,-103.0,0.5337995337995338,0.5073891625615764,0.5309510141599694,0.4690489858400307,-0.0028485196395644508,-0.038340176721545716,False,False,0,0,0,0,0.0,0,1622.3884724322054,0.0,18.0,35.0
277,5081,2022-05-10,Oakland Athletics,Detroit Tigers,0,-104.0,-114.0,0.5098039215686274,0.5327102803738317,0.5122503698224852,0.4877496301775147,0.002446448253857758,-0.04496065019631701,False,False,0,0,0,0,0.0,0,1622.3884724322054,0.0,18.0,35.0
278,681,2020-08-15,Colorado Rockies,Texas Rangers,0,-167.0,146.0,0.6254681647940075,0.4065040650406504,0.5955342149454239,0.404465785054576,-0.029933949848583552,-0.0020382799860744205,False,False,0,0,0,0,0.0,0,1622.3884724322054,0.0,18.0,35.0
279,7976,2023-04-23,Arizona Diamondbacks,San Diego Padres,0,125.0,-143.0,0.4444444444444444,0.588477366255144,0.430161943319838,0.569838056680162,-0.01428250112460644,-0.018639309574982055,False,False,0,0,0,0,0.0,0,1622.3884724322054,0.0,18.0,35.0
280,534,2020-08-05,Arizona Diamondbacks,Houston Astros,1,145.0,-159.0,0.4081632653061224,0.6138996138996139,0.4124033860875966,0.5875966139124034,0.004240120781474177,-0.02630299998721053,False,False,0,0,0,0,0.0,0,1622.3884724322054,0.0,18.0,35.0
281,5308,2022-05-26,Cincinnati Reds,Chicago Cubs,1,110.0,-125.0,0.4761904761904761,0.5555555555555556,0.4410070605722779,0.558992939427722,-0.03518341561819821,0.0034373838721664107,False,False,0,0,0,0,0.0,0,1622.3884724322054,0.0,18.0,35.0
282,3159,2021-07-09,Texas Rangers,Oakland Athletics,1,120.0,-137.0,0.4545454545454545,0.5780590717299579,0.430161943319838,0.569838056680162,-0.024383511225616494,-0.008221015049795888,False,False,0,0,0,0,0.0,0,1622.3884724322054,0.0,18.0,35.0
283,5805,2022-07-01,Cincinnati Reds,Atlanta Braves,0,220.0,-263.0,0.3125,0.7245179063360881,0.2057377049180327,0.7942622950819672,-0.1067622950819673,0.06974438874587907,False,True,0,1,0,0,81.11942362161028,0,1541.269048810595,0.0,18.0,36.0
284,3813,2021-08-29,Baltimore Orioles,Tampa Bay Rays,0,198.0,-238.0,0.3355704697986577,0.7041420118343196,0.2628805620608899,0.7371194379391101,-0.07268990773776779,0.032977426104790486,False,True,0,1,0,0,81.11942362161028,0,1460.1496251889848,0.0,18.0,37.0
285,6594,2022-08-30,Toronto Blue Jays,Chicago Cubs,1,-213.0,180.0,0.6805111821086262,0.3571428571428571,0.6953671328671329,0.3046328671328671,0.014855950758506764,-0.052509990009990015,True,False,0,1,0,0,73.00748125944925,0,1387.1421439295357,0.0,18.0,38.0
286,2372,2021-05-13,Colorado Rockies,Cincinnati Reds,1,125.0,-143.0,0.4444444444444444,0.588477366255144,0.430161943319838,0.569838056680162,-0.01428250112460644,-0.018639309574982055,False,False,0,0,0,0,0.0,0,1387.1421439295357,0.0,18.0,38.0
287,8137,2023-05-05,Arizona Diamondbacks,Washington Nationals,1,-190.0,157.5,0.6551724137931034,0.3883495145631068,0.6011890655696852,0.3988109344303148,-0.053983348223418215,0.010461419867208,False,True,1,0,0,0,73.00748125944925,0,1425.5671340660879,38.42499013655223,19.0,38.0
288,8346,2023-05-21,Atlanta Braves,Seattle Mariners,1,-107.0,-108.0,0.5169082125603864,0.5192307692307693,0.5122503698224852,0.4877496301775147,-0.004657842737901263,-0.03148113905325456,False,False,0,0,0,0,0.0,0,1425.5671340660879,0.0,19.0,38.0
289,8381,2023-05-23,Milwaukee Brewers,Houston Astros,1,114.0,-130.0,0.4672897196261682,0.5652173913043478,0.4410070605722779,0.558992939427722,-0.026282659053890323,-0.006224451876625792,False,False,0,0,0,0,0.0,0,1425.5671340660879,0.0,19.0,38.0
290,5095,2022-05-10,Arizona Diamondbacks,Miami Marlins,1,123.0,-141.0,0.4484304932735426,0.5850622406639004,0.430161943319838,0.569838056680162,-0.018268549953704638,-0.015224183983738482,False,False,0,0,0,0,0.0,0,1425.5671340660879,0.0,19.0,38.0
291,7938,2023-04-21,New York Yankees,Toronto Blue Jays,0,-135.0,117.0,0.574468085106383,0.4608294930875576,0.5555451829723674,0.4444548170276325,-0.018922902134015596,-0.016374676059925097,False,False,0,0,0,0,0.0,0,1425.5671340660879,0.0,19.0,38.0
292,5324,2022-05-27,Minnesota Twins,Kansas City Royals,1,-179.0,155.0,0.6415770609318996,0.392156862745098,0.6007425482787574,0.3992574517212426,-0.040834512653142196,0.007100588976144628,False,False,0,0,0,0,0.0,0,1425.5671340660879,0.0,19.0,38.0
293,5116,2022-05-12,Minnesota Twins,Houston Astros,0,115.0,-130.0,0.4651162790697674,0.5652173913043478,0.4410070605722779,0.558992939427722,-0.024109218497489482,-0.006224451876625792,False,False,0,0,0,0,0.0,0,1425.5671340660879,0.0,19.0,38.0
294,5832,2022-07-02,Colorado Rockies,Arizona Diamondbacks,1,-143.0,125.0,0.588477366255144,0.4444444444444444,0.555768796568074,0.4442312034319259,-0.03270856968707003,-0.0002132410125185169,False,False,0,0,0,0,0.0,0,1425.5671340660879,0.0,19.0,38.0
295,3876,2021-09-02,Colorado Rockies,Atlanta Braves,0,138.0,-154.0,0.4201680672268907,0.6062992125984252,0.4124033860875966,0.5875966139124034,-0.007764681139294127,-0.018702598686021865,False,False,0,0,0,0,0.0,0,1425.5671340660879,0.0,19.0,38.0
296,1263,2020-09-24,Washington Nationals,New York Mets,0,-110.5,-103.0,0.5249406175771971,0.5073891625615764,0.5193632429568136,0.4806367570431865,-0.005577374620383546,-0.02675240551838992,False,False,0,0,0,0,0.0,0,1425.5671340660879,0.0,19.0,38.0
297,7883,2023-04-17,Miami Marlins,San Francisco Giants,1,-128.0,110.0,0.5614035087719298,0.4761904761904761,0.5416244022605419,0.4583755977394581,-0.019779106511387923,-0.017814878451018035,False,False,0,0,0,0,0.0,0,1425.5671340660879,0.0,19.0,38.0
298,4880,2022-04-26,Pittsburgh Pirates,Milwaukee Brewers,0,155.0,-179.0,0.392156862745098,0.6415770609318996,0.3870572152305899,0.6129427847694102,-0.005099647514508088,-0.02863427616248937,False,False,0,0,0,0,0.0,0,1425.5671340660879,0.0,19.0,38.0
299,3135,2021-07-07,Chicago Cubs,Philadelphia Phillies,1,125.0,-144.0,0.4444444444444444,0.5901639344262295,0.4270700034250411,0.5729299965749589,-0.01737444101940333,-0.017233937851270587,False,False,0,0,0,0,0.0,0,1425.5671340660879,0.0,19.0,38.0
300,6869,2022-09-19,Tampa Bay Rays,Houston Astros,0,-118.0,102.5,0.5412844036697247,0.4938271604938271,0.5309510141599694,0.4690489858400307,-0.010333389509755375,-0.024778174653796392,False,False,0,0,0,0,0.0,0,1425.5671340660879,0.0,19.0,38.0
301,6037,2022-07-17,New York Yankees,Boston Red Sox,1,-213.0,180.0,0.6805111821086262,0.3571428571428571,0.6953671328671329,0.3046328671328671,0.014855950758506764,-0.052509990009990015,True,False,0,1,0,0,71.2783567033044,0,1354.2887773627835,0.0,19.0,39.0
302,8270,2023-05-15,Houston Astros,Chicago Cubs,1,-188.0,161.0,0.6527777777777778,0.3831417624521073,0.6042616924229014,0.3957383075770985,-0.04851608535487639,0.012596545124991199,False,True,1,0,0,0,71.2783567033044,0,1392.2027968858179,37.914019523034256,20.0,39.0
303,5071,2022-05-09,New York Yankees,Texas Rangers,1,-217.0,182.0,0.6845425867507886,0.3546099290780142,0.6953671328671329,0.3046328671328671,0.010824546116344314,-0.049977061945147117,True,False,0,1,0,0,71.2783567033044,0,1320.9244401825135,0.0,20.0,40.0
304,5420,2022-06-02,Colorado Rockies,Atlanta Braves,0,130.0,-147.0,0.4347826086956521,0.5951417004048583,0.4239806246385194,0.5760193753614806,-0.01080198405713273,-0.01912232504337763,False,False,0,0,0,0,0.0,0,1320.9244401825135,0.0,20.0,40.0
305,3481,2021-08-04,Los Angeles Dodgers,Houston Astros,1,-215.0,184.0,0.6825396825396826,0.352112676056338,0.6953671328671329,0.3046328671328671,0.012827450327450363,-0.04747980892347092,True,False,0,1,0,0,66.04622200912569,0,1254.878218173388,0.0,20.0,41.0
306,3870,2021-09-02,Detroit Tigers,Oakland Athletics,0,155.0,-172.0,0.392156862745098,0.6323529411764706,0.3870572152305899,0.6129427847694102,-0.005099647514508088,-0.01941015640706034,False,False,0,0,0,0,0.0,0,1254.878218173388,0.0,20.0,41.0
307,3265,2021-07-20,Milwaukee Brewers,Kansas City Royals,0,-169.0,146.0,0.6282527881040892,0.4065040650406504,0.5955342149454239,0.404465785054576,-0.03271857315866533,-0.0020382799860744205,False,False,0,0,0,0,0.0,0,1254.878218173388,0.0,20.0,41.0
308,5124,2022-05-13,Detroit Tigers,Baltimore Orioles,1,-145.0,128.0,0.5918367346938775,0.4385964912280701,0.5725206490539512,0.4274793509460489,-0.019316085639926373,-0.01111714028202121,False,False,0,0,0,0,0.0,0,1254.878218173388,0.0,20.0,41.0
309,3212,2021-07-16,Los Angeles Angels,Seattle Mariners,0,-162.5,144.0,0.6190476190476191,0.4098360655737705,0.5955342149454239,0.404465785054576,-0.023513404102195157,-0.005370280519194526,False,False,0,0,0,0,0.0,0,1254.878218173388,0.0,20.0,41.0
310,706,2020-08-17,Minnesota Twins,Kansas City Royals,1,-217.0,185.0,0.6845425867507886,0.3508771929824561,0.7185232220609579,0.2814767779390421,0.03398063531016926,-0.06940041504341404,True,False,0,1,0,0,62.7439109086694,0,1192.1343072647185,0.0,20.0,42.0
311,6102,2022-07-25,Baltimore Orioles,Tampa Bay Rays,1,115.0,-129.0,0.4651162790697674,0.5633187772925764,0.4410070605722779,0.558992939427722,-0.024109218497489482,-0.004325837864854409,False,False,0,0,0,0,0.0,0,1192.1343072647185,0.0,20.0,42.0
312,3179,2021-07-10,Milwaukee Brewers,Cincinnati Reds,0,-196.0,170.0,0.6621621621621622,0.3703703703703703,0.6471153846153845,0.3528846153846154,-0.015046777546777634,-0.017485754985754887,False,False,0,0,0,0,0.0,0,1192.1343072647185,0.0,20.0,42.0
313,2073,2021-04-21,New York Yankees,Atlanta Braves,0,-125.0,105.0,0.5555555555555556,0.4878048780487805,0.5309510141599694,0.4690489858400307,-0.02460454139558621,-0.01875589220874979,False,False,0,0,0,0,0.0,0,1192.1343072647185,0.0,20.0,42.0
314,3892,2021-09-04,Washington Nationals,New York Mets,0,140.0,-164.0,0.4166666666666667,0.6212121212121212,0.4124033860875966,0.5875966139124034,-0.004263280579070106,-0.03361550729971785,False,False,0,0,0,0,0.0,0,1192.1343072647185,0.0,20.0,42.0
315,2788,2021-06-12,Los Angeles Dodgers,Texas Rangers,0,-307.5,255.0,0.754601226993865,0.2816901408450704,0.7798774259448418,0.2201225740551582,0.02527619895097677,-0.06156756678991218,True,False,1,0,0,0,59.60671536323593,0,1344.1314314409701,151.99712417625162,21.0,42.0
316,8676,2023-06-14,Houston Astros,Washington Nationals,1,-250.0,210.0,0.7142857142857143,0.3225806451612903,0.7575789696841213,0.2424210303158787,0.043293255398407005,-0.08015961484541162,True,False,0,1,0,0,59.60671536323593,0,1284.5247160777342,0.0,21.0,43.0
317,2516,2021-05-24,Toronto Blue Jays,Tampa Bay Rays,0,105.0,-121.0,0.4878048780487805,0.5475113122171946,0.4410070605722779,0.558992939427722,-0.04679781747650258,0.011481627210527368,False,True,0,1,0,0,59.60671536323593,0,1224.9180007144982,0.0,21.0,44.0
318,7073,2022-10-04,New York Mets,Washington Nationals,1,-265.0,220.0,0.726027397260274,0.3125,0.7798774259448418,0.2201225740551582,0.053850028684567786,-0.0923774259448418,True,False,0,1,0,0,59.60671536323593,0,1165.3112853512623,0.0,21.0,45.0
319,769,2020-08-21,Seattle Mariners,Texas Rangers,1,106.5,-120.0,0.4842615012106537,0.5454545454545454,0.4410070605722779,0.558992939427722,-0.0432544406383758,0.013538393973176577,False,True,1,0,0,0,59.60671536323593,0,1228.7924372131085,63.48115186184626,22.0,45.0
320,5669,2022-06-21,Miami Marlins,Colorado Rockies,1,-130.0,110.0,0.5652173913043478,0.4761904761904761,0.5416244022605419,0.4583755977394581,-0.023592989043805912,-0.017814878451018035,False,False,0,0,0,0,0.0,0,1228.7924372131085,0.0,22.0,45.0
321,3708,2021-08-21,Los Angeles Dodgers,New York Mets,1,-278.0,236.0,0.7354497354497355,0.2976190476190476,0.7798774259448418,0.2201225740551582,0.04442769049510631,-0.07749647356388942,True,False,0,1,0,0,61.43962186065543,0,1167.352815352453,0.0,22.0,46.0
322,6486,2022-08-21,Los Angeles Dodgers,Miami Marlins,1,-164.0,149.0,0.6212121212121212,0.4016064257028112,0.5955342149454239,0.404465785054576,-0.025677906266697303,0.0028593593517647897,False,False,0,0,0,0,0.0,0,1167.352815352453,0.0,22.0,46.0
323,3684,2021-08-19,Arizona Diamondbacks,Philadelphia Phillies,1,170.0,-196.0,0.3703703703703703,0.6621621621621622,0.3604465709728868,0.6395534290271132,-0.009923799397483501,-0.022608733135048964,False,False,0,0,0,0,0.0,0,1167.352815352453,0.0,22.0,46.0
324,690,2020-08-16,Houston Astros,Seattle Mariners,1,-235.5,210.0,0.7019374068554396,0.3225806451612903,0.7575789696841213,0.2424210303158787,0.05564156282868171,-0.08015961484541162,True,False,0,1,0,0,61.43962186065543,0,1105.9131934917975,0.0,22.0,47.0
325,6560,2022-08-27,Kansas City Royals,San Diego Padres,0,185.0,-222.0,0.3508771929824561,0.6894409937888198,0.2974043715846994,0.7025956284153005,-0.05347282139775672,0.013154634626480699,False,True,0,1,0,0,55.29565967458988,0,1050.6175338172077,0.0,22.0,48.0
326,3602,2021-08-13,Los Angeles Angels,Houston Astros,0,125.0,-143.0,0.4444444444444444,0.588477366255144,0.430161943319838,0.569838056680162,-0.01428250112460644,-0.018639309574982055,False,False,0,0,0,0,0.0,0,1050.6175338172077,0.0,22.0,48.0
327,740,2020-08-19,San Diego Padres,Texas Rangers,1,-122.5,109.0,0.550561797752809,0.4784688995215311,0.5309510141599694,0.4690489858400307,-0.01961078359283963,-0.009419913681500414,False,False,0,0,0,0,0.0,0,1050.6175338172077,0.0,22.0,48.0
328,682,2020-08-15,Los Angeles Angels,Los Angeles Dodgers,0,140.0,-154.0,0.4166666666666667,0.6062992125984252,0.4124033860875966,0.5875966139124034,-0.004263280579070106,-0.018702598686021865,False,False,0,0,0,0,0.0,0,1050.6175338172077,0.0,22.0,48.0
329,8001,2023-04-25,Milwaukee Brewers,Detroit Tigers,0,-175.0,150.0,0.6363636363636364,0.4,0.6007425482787574,0.3992574517212426,-0.03562108808487896,-0.0007425482787574156,False,False,0,0,0,0,0.0,0,1050.6175338172077,0.0,22.0,48.0
330,5276,2022-05-23,Arizona Diamondbacks,Kansas City Royals,1,-114.0,-104.5,0.5327102803738317,0.511002444987775,0.5309510141599694,0.4690489858400307,-0.0017592662138623538,-0.04195345914774434,False,False,0,0,0,0,0.0,0,1050.6175338172077,0.0,22.0,48.0
331,6841,2022-09-17,Washington Nationals,Miami Marlins,1,115.0,-130.0,0.4651162790697674,0.5652173913043478,0.4410070605722779,0.558992939427722,-0.024109218497489482,-0.006224451876625792,False,False,0,0,0,0,0.0,0,1050.6175338172077,0.0,22.0,48.0
332,3449,2021-08-02,Miami Marlins,New York Mets,1,125.0,-147.0,0.4444444444444444,0.5951417004048583,0.4239806246385194,0.5760193753614806,-0.020463819805925043,-0.01912232504337763,False,False,0,0,0,0,0.0,0,1050.6175338172077,0.0,22.0,48.0
333,7988,2023-04-24,Arizona Diamondbacks,Kansas City Royals,1,-122.0,105.0,0.5495495495495496,0.4878048780487805,0.5309510141599694,0.4690489858400307,-0.01859853538958023,-0.01875589220874979,False,False,0,0,0,0,0.0,0,1050.6175338172077,0.0,22.0,48.0
334,3634,2021-08-15,Los Angeles Angels,Houston Astros,1,165.0,-192.0,0.3773584905660377,0.6575342465753424,0.3870572152305899,0.6129427847694102,0.009698724664552183,-0.04459146180593221,False,False,0,0,0,0,0.0,0,1050.6175338172077,0.0,22.0,48.0
335,6578,2022-08-28,Texas Rangers,Detroit Tigers,0,-161.0,140.0,0.6168582375478927,0.4166666666666667,0.5934508816120907,0.4065491183879093,-0.02340735593580201,-0.010117548278757382,False,False,0,0,0,0,0.0,0,1050.6175338172077,0.0,22.0,48.0
336,566,2020-08-07,Seattle Mariners,Colorado Rockies,0,-102.0,-109.0,0.504950495049505,0.5215311004784688,0.5122503698224852,0.4877496301775147,0.007299874772980219,-0.03378147030095413,False,False,0,0,0,0,0.0,0,1050.6175338172077,0.0,22.0,48.0
337,5203,2022-05-18,Boston Red Sox,Houston Astros,1,125.0,-145.0,0.4444444444444444,0.5918367346938775,0.4239806246385194,0.5760193753614806,-0.020463819805925043,-0.01581735933239692,False,False,0,0,0,0,0.0,0,1050.6175338172077,0.0,22.0,48.0
338,8220,2023-05-12,Washington Nationals,New York Mets,0,114.0,-130.0,0.4672897196261682,0.5652173913043478,0.4410070605722779,0.558992939427722,-0.026282659053890323,-0.006224451876625792,False,False,0,0,0,0,0.0,0,1050.6175338172077,0.0,22.0,48.0
339,5981,2022-07-13,Miami Marlins,Pittsburgh Pirates,1,-175.0,150.0,0.6363636363636364,0.4,0.6007425482787574,0.3992574517212426,-0.03562108808487896,-0.0007425482787574156,False,False,0,0,0,0,0.0,0,1050.6175338172077,0.0,22.0,48.0
340,8635,2023-06-11,Tampa Bay Rays,Texas Rangers,1,-190.0,160.0,0.6551724137931034,0.3846153846153846,0.6042616924229014,0.3957383075770985,-0.05091072137020203,0.01112292296171391,False,True,1,0,0,0,52.53087669086039,0,1078.2653636545026,27.64782983729494,23.0,48.0
341,4925,2022-04-29,Baltimore Orioles,Boston Red Sox,0,123.0,-142.0,0.4484304932735426,0.5867768595041323,0.430161943319838,0.569838056680162,-0.018268549953704638,-0.01693880282397031,False,False,0,0,0,0,0.0,0,1078.2653636545026,0.0,23.0,48.0
342,3181,2021-07-10,San Diego Padres,Colorado Rockies,0,-185.0,163.0,0.6491228070175439,0.3802281368821292,0.6042616924229014,0.3957383075770985,-0.04486111459464248,0.015510170694969294,False,True,0,1,0,0,52.53087669086039,0,1025.7344869636422,0.0,23.0,49.0
343,5104,2022-05-11,Washington Nationals,New York Mets,1,155.0,-179.0,0.392156862745098,0.6415770609318996,0.3870572152305899,0.6129427847694102,-0.005099647514508088,-0.02863427616248937,False,False,0,0,0,0,0.0,0,1025.7344869636422,0.0,23.0,49.0
344,8392,2023-05-24,Washington Nationals,San Diego Padres,1,131.5,-152.0,0.4319654427645788,0.6031746031746031,0.4239806246385194,0.5760193753614806,-0.007984818126059445,-0.027155227813122518,False,False,0,0,0,0,0.0,0,1025.7344869636422,0.0,23.0,49.0
345,3858,2021-09-01,Toronto Blue Jays,Baltimore Orioles,1,-270.0,220.0,0.7297297297297297,0.3125,0.7798774259448418,0.2201225740551582,0.05014769621511206,-0.0923774259448418,True,False,0,1,0,0,51.28672434818211,0,974.4477626154601,0.0,23.0,50.0
346,5840,2022-07-03,Houston Astros,Los Angeles Angels,1,-227.0,190.0,0.6941896024464832,0.3448275862068966,0.7534591194968554,0.2465408805031446,0.0592695170503722,-0.09828670570375198,True,False,0,1,0,0,51.28672434818211,0,923.161038267278,0.0,23.0,51.0
347,5625,2022-06-17,Arizona Diamondbacks,Minnesota Twins,1,115.0,-135.0,0.4651162790697674,0.574468085106383,0.430161943319838,0.569838056680162,-0.0349543357499294,-0.004630028426221067,False,False,0,0,0,0,0.0,0,923.161038267278,0.0,23.0,51.0
348,3942,2021-09-07,Chicago Cubs,Cincinnati Reds,0,143.5,-164.0,0.4106776180698152,0.6212121212121212,0.4124033860875966,0.5875966139124034,0.0017257680177814039,-0.03361550729971785,False,False,0,0,0,0,0.0,0,923.161038267278,0.0,23.0,51.0
349,6579,2022-08-28,Oakland Athletics,New York Yankees,1,190.0,-227.0,0.3448275862068966,0.6941896024464832,0.2974043715846994,0.7025956284153005,-0.047423214622197174,0.008406025968817343,False,False,0,0,0,0,0.0,0,923.161038267278,0.0,23.0,51.0
350,5561,2022-06-12,Los Angeles Angels,New York Mets,0,-120.0,104.0,0.5454545454545454,0.4901960784313725,0.5309510141599694,0.4690489858400307,-0.014503531294576044,-0.021147092591341787,False,False,0,0,0,0,0.0,0,923.161038267278,0.0,23.0,51.0
351,6678,2022-09-05,Colorado Rockies,Milwaukee Brewers,0,118.0,-135.0,0.4587155963302752,0.574468085106383,0.430161943319838,0.569838056680162,-0.02855365301043722,-0.004630028426221067,False,False,0,0,0,0,0.0,0,923.161038267278,0.0,23.0,51.0
352,8056,2023-04-29,Texas Rangers,New York Yankees,1,-148.0,128.0,0.5967741935483871,0.4385964912280701,0.5725206490539512,0.4274793509460489,-0.024253544494435952,-0.01111714028202121,False,False,0,0,0,0,0.0,0,923.161038267278,0.0,23.0,51.0
353,1090,2020-09-12,Kansas City Royals,Pittsburgh Pirates,1,-125.0,107.0,0.5555555555555556,0.4830917874396135,0.5309510141599694,0.4690489858400307,-0.02460454139558621,-0.014042801599582821,False,False,0,0,0,0,0.0,0,923.161038267278,0.0,23.0,51.0
354,2946,2021-06-24,Miami Marlins,Washington Nationals,0,-101.0,-114.0,0.5024875621890548,0.5327102803738317,0.4839064688563016,0.5160935311436983,-0.01858109333275315,-0.016616749230133454,False,False,0,0,0,0,0.0,0,923.161038267278,0.0,23.0,51.0
355,1996,2021-04-16,Miami Marlins,San Francisco Giants,1,125.0,-144.0,0.4444444444444444,0.5901639344262295,0.4270700034250411,0.5729299965749589,-0.01737444101940333,-0.017233937851270587,False,False,0,0,0,0,0.0,0,923.161038267278,0.0,23.0,51.0
356,1282,2020-09-25,Atlanta Braves,Boston Red Sox,1,-161.0,144.0,0.6168582375478927,0.4098360655737705,0.5955342149454239,0.404465785054576,-0.021324022602468795,-0.005370280519194526,False,False,0,0,0,0,0.0,0,923.161038267278,0.0,23.0,51.0
357,5450,2022-06-04,Philadelphia Phillies,Los Angeles Angels,1,-185.0,160.0,0.6491228070175439,0.3846153846153846,0.6007425482787574,0.3992574517212426,-0.048380258738786486,0.014642067105858025,False,True,1,0,0,0,46.1580519133639,0,948.111336598826,24.950298331548055,24.0,51.0
358,2999,2021-06-28,Cincinnati Reds,Philadelphia Phillies,1,-145.0,125.0,0.5918367346938775,0.4444444444444444,0.5707364341085271,0.4292635658914728,-0.021100300585350396,-0.015180878552971622,False,False,0,0,0,0,0.0,0,948.111336598826,0.0,24.0,51.0
359,5290,2022-05-24,Los Angeles Angels,Texas Rangers,1,-169.0,145.0,0.6282527881040892,0.4081632653061224,0.5955342149454239,0.404465785054576,-0.03271857315866533,-0.0036974802515464256,False,False,0,0,0,0,0.0,0,948.111336598826,0.0,24.0,51.0
360,594,2020-08-09,Milwaukee Brewers,Cincinnati Reds,1,-118.0,108.0,0.5412844036697247,0.4807692307692308,0.5309510141599694,0.4690489858400307,-0.010333389509755375,-0.011720244929200097,False,False,0,0,0,0,0.0,0,948.111336598826,0.0,24.0,51.0
361,2031,2021-04-18,Milwaukee Brewers,Pittsburgh Pirates,0,-196.0,170.0,0.6621621621621622,0.3703703703703703,0.6471153846153845,0.3528846153846154,-0.015046777546777634,-0.017485754985754887,False,False,0,0,0,0,0.0,0,948.111336598826,0.0,24.0,51.0
362,6391,2022-08-15,Miami Marlins,San Diego Padres,1,118.0,-135.0,0.4587155963302752,0.574468085106383,0.430161943319838,0.569838056680162,-0.02855365301043722,-0.004630028426221067,False,False,0,0,0,0,0.0,0,948.111336598826,0.0,24.0,51.0
363,3182,2021-07-10,Seattle Mariners,Los Angeles Angels,1,100.0,-115.0,0.5,0.5348837209302325,0.4839064688563016,0.5160935311436983,-0.01609353114369838,-0.01879018978653424,False,False,0,0,0,0,0.0,0,948.111336598826,0.0,24.0,51.0
364,8422,2023-05-26,Arizona Diamondbacks,Boston Red Sox,0,125.0,-145.0,0.4444444444444444,0.5918367346938775,0.4239806246385194,0.5760193753614806,-0.020463819805925043,-0.01581735933239692,False,False,0,0,0,0,0.0,0,948.111336598826,0.0,24.0,51.0
365,5377,2022-05-30,Los Angeles Dodgers,Pittsburgh Pirates,0,-323.0,270.0,0.7635933806146572,0.2702702702702703,0.7798774259448418,0.2201225740551582,0.01628404533018457,-0.050147696215112086,True,False,1,0,0,0,47.40556682994131,0,1076.1063670396675,127.99503044084153,25.0,51.0
366,3625,2021-08-15,Pittsburgh Pirates,Milwaukee Brewers,0,175.0,-200.0,0.3636363636363636,0.6666666666666666,0.3354465709728867,0.6645534290271132,-0.028189792663476876,-0.0021132376395534003,False,False,0,0,0,0,0.0,0,1076.1063670396675,0.0,25.0,51.0
367,6697,2022-09-06,San Diego Padres,Arizona Diamondbacks,1,-164.0,145.0,0.6212121212121212,0.4081632653061224,0.5955342149454239,0.404465785054576,-0.025677906266697303,-0.0036974802515464256,False,False,0,0,0,0,0.0,0,1076.1063670396675,0.0,25.0,51.0
368,5445,2022-06-04,Kansas City Royals,Houston Astros,1,145.0,-167.0,0.4081632653061224,0.6254681647940075,0.3870572152305899,0.6129427847694102,-0.021106050075532512,-0.012525380024597244,False,False,0,0,0,0,0.0,0,1076.1063670396675,0.0,25.0,51.0
369,2313,2021-05-09,New York Yankees,Washington Nationals,1,-164.0,140.0,0.6212121212121212,0.4166666666666667,0.5955342149454239,0.404465785054576,-0.025677906266697303,-0.012200881612090708,False,False,0,0,0,0,0.0,0,1076.1063670396675,0.0,25.0,51.0
370,3288,2021-07-21,Toronto Blue Jays,Boston Red Sox,0,-190.5,167.0,0.6557659208261618,0.3745318352059925,0.6203346203346203,0.3796653796653796,-0.03543130049154153,0.005133544459387129,False,False,0,0,0,0,0.0,0,1076.1063670396675,0.0,25.0,51.0
371,6223,2022-08-03,Tampa Bay Rays,Toronto Blue Jays,1,-103.0,-114.0,0.5073891625615764,0.5327102803738317,0.4839064688563016,0.5160935311436983,-0.023482693705274782,-0.016616749230133454,False,False,0,0,0,0,0.0,0,1076.1063670396675,0.0,25.0,51.0
372,3106,2021-07-05,Kansas City Royals,Cincinnati Reds,0,-120.0,103.0,0.5454545454545454,0.4926108374384236,0.5309510141599694,0.4690489858400307,-0.014503531294576044,-0.023561851598392913,False,False,0,0,0,0,0.0,0,1076.1063670396675,0.0,25.0,51.0
373,7007,2022-09-29,Seattle Mariners,Texas Rangers,1,-118.0,104.0,0.5412844036697247,0.4901960784313725,0.5309510141599694,0.4690489858400307,-0.010333389509755375,-0.021147092591341787,False,False,0,0,0,0,0.0,0,1076.1063670396675,0.0,25.0,51.0
374,4750,2022-04-16,Miami Marlins,Philadelphia Phillies,0,-104.0,-110.0,0.5098039215686274,0.5238095238095238,0.5122503698224852,0.4877496301775147,0.002446448253857758,-0.03605989363200912,False,False,0,0,0,0,0.0,0,1076.1063670396675,0.0,25.0,51.0
375,2177,2021-04-29,Houston Astros,Seattle Mariners,0,-156.0,143.0,0.609375,0.411522633744856,0.5934508816120907,0.4065491183879093,-0.015924118387909303,-0.004973515356946678,False,False,0,0,0,0,0.0,0,1076.1063670396675,0.0,25.0,51.0
376,8020,2023-04-27,Atlanta Braves,Miami Marlins,0,-186.0,160.0,0.6503496503496503,0.3846153846153846,0.6007425482787574,0.3992574517212426,-0.04960710207089292,0.014642067105858025,False,True,0,1,0,0,53.805318351983374,0,1022.3010486876841,0.0,25.0,52.0
377,8018,2023-04-26,Los Angeles Angels,Oakland Athletics,1,-238.0,198.0,0.7041420118343196,0.3355704697986577,0.7575789696841213,0.2424210303158787,0.053436957849801736,-0.09314943948277898,True,False,0,1,0,0,53.805318351983374,0,968.4957303357007,0.0,25.0,53.0
378,2196,2021-04-30,Oakland Athletics,Baltimore Orioles,0,-135.0,115.0,0.574468085106383,0.4651162790697674,0.5555451829723674,0.4444548170276325,-0.018922902134015596,-0.02066146204213487,False,False,0,0,0,0,0.0,0,968.4957303357007,0.0,25.0,53.0
379,3575,2021-08-11,Los Angeles Angels,Toronto Blue Jays,0,155.0,-179.0,0.392156862745098,0.6415770609318996,0.3870572152305899,0.6129427847694102,-0.005099647514508088,-0.02863427616248937,False,False,0,0,0,0,0.0,0,968.4957303357007,0.0,25.0,53.0
380,6863,2022-09-18,Chicago Cubs,Colorado Rockies,0,-130.0,115.0,0.5652173913043478,0.4651162790697674,0.5416244022605419,0.4583755977394581,-0.023592989043805912,-0.006740681330309306,False,False,0,0,0,0,0.0,0,968.4957303357007,0.0,25.0,53.0
381,7779,2023-04-09,Chicago Cubs,Texas Rangers,0,-110.0,-105.5,0.5238095238095238,0.51338199513382,0.5193632429568136,0.4806367570431865,-0.00444628085271026,-0.03274523809063351,False,False,0,0,0,0,0.0,0,968.4957303357007,0.0,25.0,53.0
382,5011,2022-05-05,Colorado Rockies,Washington Nationals,1,-141.0,120.0,0.5850622406639004,0.4545454545454545,0.5555451829723674,0.4444548170276325,-0.02951705769153301,-0.010090637517821965,False,False,0,0,0,0,0.0,0,968.4957303357007,0.0,25.0,53.0
383,2845,2021-06-16,Seattle Mariners,Minnesota Twins,0,108.0,-123.0,0.4807692307692308,0.5515695067264574,0.4410070605722779,0.558992939427722,-0.039762170196952884,0.007423432701264554,False,False,0,0,0,0,0.0,0,968.4957303357007,0.0,25.0,53.0
384,8156,2023-05-07,Atlanta Braves,Baltimore Orioles,1,-162.0,140.0,0.6183206106870229,0.4166666666666667,0.5955342149454239,0.404465785054576,-0.02278639574159902,-0.012200881612090708,False,False,0,0,0,0,0.0,0,968.4957303357007,0.0,25.0,53.0
385,6280,2022-08-06,Arizona Diamondbacks,Colorado Rockies,0,-173.5,150.0,0.6343692870201096,0.4,0.6007425482787574,0.3992574517212426,-0.03362673874135225,-0.0007425482787574156,False,False,0,0,0,0,0.0,0,968.4957303357007,0.0,25.0,53.0
386,8026,2023-04-27,Detroit Tigers,Baltimore Orioles,0,135.0,-155.0,0.425531914893617,0.6078431372549019,0.4124033860875966,0.5875966139124034,-0.013128528806020445,-0.020246523342498546,False,False,0,0,0,0,0.0,0,968.4957303357007,0.0,25.0,53.0
387,1241,2020-09-22,San Diego Padres,Los Angeles Angels,0,-167.0,150.0,0.6254681647940075,0.4,0.5955342149454239,0.404465785054576,-0.029933949848583552,0.004465785054575955,False,False,0,0,0,0,0.0,0,968.4957303357007,0.0,25.0,53.0
388,6083,2022-07-23,Atlanta Braves,Los Angeles Angels,1,-208.0,175.0,0.6753246753246753,0.3636363636363636,0.6471153846153845,0.3528846153846154,-0.02820929070929079,-0.010751748251748183,False,False,0,0,0,0,0.0,0,968.4957303357007,0.0,25.0,53.0
389,3084,2021-07-04,Pittsburgh Pirates,Milwaukee Brewers,1,164.0,-185.0,0.3787878787878788,0.6491228070175439,0.3870572152305899,0.6129427847694102,0.008269336442711106,-0.03618002224813366,False,False,0,0,0,0,0.0,0,968.4957303357007,0.0,25.0,53.0
390,3952,2021-09-08,Arizona Diamondbacks,Texas Rangers,0,-157.5,140.0,0.6116504854368932,0.4166666666666667,0.5934508816120907,0.4065491183879093,-0.018199603824802457,-0.010117548278757382,False,False,0,0,0,0,0.0,0,968.4957303357007,0.0,25.0,53.0
391,6155,2022-07-29,Pittsburgh Pirates,Philadelphia Phillies,0,107.0,-125.0,0.4830917874396135,0.5555555555555556,0.4410070605722779,0.558992939427722,-0.04208472686733561,0.0034373838721664107,False,False,0,0,0,0,0.0,0,968.4957303357007,0.0,25.0,53.0
392,8162,2023-05-07,Kansas City Royals,Oakland Athletics,1,-105.0,-110.0,0.5121951219512195,0.5238095238095238,0.5122503698224852,0.4877496301775147,5.524787126565123e-05,-0.03605989363200912,False,False,0,0,0,0,0.0,0,968.4957303357007,0.0,25.0,53.0
393,5942,2022-07-10,Texas Rangers,Minnesota Twins,0,-116.0,100.0,0.5370370370370371,0.5,0.5309510141599694,0.4690489858400307,-0.0060860228770677205,-0.030951014159969314,False,False,0,0,0,0,0.0,0,968.4957303357007,0.0,25.0,53.0
394,3502,2021-08-06,Atlanta Braves,Washington Nationals,1,-192.0,170.0,0.6575342465753424,0.3703703703703703,0.6471153846153845,0.3528846153846154,-0.010418861959957892,-0.017485754985754887,False,False,0,0,0,0,0.0,0,968.4957303357007,0.0,25.0,53.0
395,8900,2023-07-01,Pittsburgh Pirates,Milwaukee Brewers,0,120.0,-140.0,0.4545454545454545,0.5833333333333334,0.430161943319838,0.569838056680162,-0.024383511225616494,-0.013495276653171406,False,False,0,0,0,0,0.0,0,968.4957303357007,0.0,25.0,53.0
396,8485,2023-05-31,Oakland Athletics,Atlanta Braves,0,195.0,-230.0,0.3389830508474576,0.696969696969697,0.2974043715846994,0.7025956284153005,-0.04157867926275821,0.005625931445603527,False,False,0,0,0,0,0.0,0,968.4957303357007,0.0,25.0,53.0
397,5842,2022-07-03,Chicago Cubs,Boston Red Sox,0,108.0,-125.0,0.4807692307692308,0.5555555555555556,0.4410070605722779,0.558992939427722,-0.039762170196952884,0.0034373838721664107,False,False,0,0,0,0,0.0,0,968.4957303357007,0.0,25.0,53.0
398,5500,2022-06-08,Milwaukee Brewers,Philadelphia Phillies,0,116.0,-135.0,0.4629629629629629,0.574468085106383,0.430161943319838,0.569838056680162,-0.03280101964312493,-0.004630028426221067,False,False,0,0,0,0,0.0,0,968.4957303357007,0.0,25.0,53.0
399,2561,2021-05-27,Tampa Bay Rays,Kansas City Royals,1,-169.0,145.0,0.6282527881040892,0.4081632653061224,0.5955342149454239,0.404465785054576,-0.03271857315866533,-0.0036974802515464256,False,False,0,0,0,0,0.0,0,968.4957303357007,0.0,25.0,53.0
400,8340,2023-05-20,San Diego Padres,Boston Red Sox,0,-129.0,110.0,0.5633187772925764,0.4761904761904761,0.5416244022605419,0.4583755977394581,-0.02169437503203453,-0.017814878451018035,False,False,0,0,0,0,0.0,0,968.4957303357007,0.0,25.0,53.0
401,6072,2022-07-23,Seattle Mariners,Houston Astros,0,126.0,-144.0,0.4424778761061947,0.5901639344262295,0.4239806246385194,0.5760193753614806,-0.018497251467675335,-0.014144559064748874,False,False,0,0,0,0,0.0,0,968.4957303357007,0.0,25.0,53.0
402,7009,2022-09-30,Washington Nationals,Philadelphia Phillies,0,160.0,-185.0,0.3846153846153846,0.6491228070175439,0.3870572152305899,0.6129427847694102,0.0024418306152053093,-0.03618002224813366,False,False,0,0,0,0,0.0,0,968.4957303357007,0.0,25.0,53.0
403,2529,2021-05-25,New York Mets,Colorado Rockies,1,-278.0,235.0,0.7354497354497355,0.2985074626865671,0.7798774259448418,0.2201225740551582,0.04442769049510631,-0.07838488863140888,True,False,0,1,0,0,48.42478651678504,0,920.0709438189157,0.0,25.0,54.0
404,3550,2021-08-10,Baltimore Orioles,Detroit Tigers,0,-108.0,-108.0,0.5192307692307693,0.5192307692307693,0.5122503698224852,0.4877496301775147,-0.006980399408284099,-0.03148113905325456,False,False,0,0,0,0,0.0,0,920.0709438189157,0.0,25.0,54.0
405,2742,2021-06-09,Tampa Bay Rays,Washington Nationals,0,-154.0,135.0,0.6062992125984252,0.425531914893617,0.5725206490539512,0.4274793509460489,-0.03377856354447406,0.0019474360524318612,False,False,0,0,0,0,0.0,0,920.0709438189157,0.0,25.0,54.0
406,8566,2023-06-06,Milwaukee Brewers,Baltimore Orioles,1,-124.0,107.0,0.5535714285714286,0.4830917874396135,0.5309510141599694,0.4690489858400307,-0.022620414411459233,-0.014042801599582821,False,False,0,0,0,0,0.0,0,920.0709438189157,0.0,25.0,54.0
407,2643,2021-06-01,Arizona Diamondbacks,New York Mets,1,104.0,-120.0,0.4901960784313725,0.5454545454545454,0.4410070605722779,0.558992939427722,-0.049189017859094575,0.013538393973176577,False,True,1,0,0,0,46.00354719094579,0,967.9146328974994,47.84368907858362,26.0,54.0
408,6634,2022-09-02,Boston Red Sox,Texas Rangers,1,-179.0,155.0,0.6415770609318996,0.392156862745098,0.6007425482787574,0.3992574517212426,-0.040834512653142196,0.007100588976144628,False,False,0,0,0,0,0.0,0,967.9146328974994,0.0,26.0,54.0
409,5810,2022-07-01,Houston Astros,Los Angeles Angels,1,-164.0,143.0,0.6212121212121212,0.411522633744856,0.5955342149454239,0.404465785054576,-0.025677906266697303,-0.007056848690280004,False,False,0,0,0,0,0.0,0,967.9146328974994,0.0,26.0,54.0
410,6156,2022-07-29,New York Yankees,Kansas City Royals,1,-357.0,290.0,0.7811816192560175,0.2564102564102564,0.7798774259448418,0.2201225740551582,-0.0013041933111757054,-0.03628768235509819,False,False,0,0,0,0,0.0,0,967.9146328974994,0.0,26.0,54.0
411,6969,2022-09-27,Cleveland Guardians,Tampa Bay Rays,0,-152.0,132.0,0.6031746031746031,0.4310344827586206,0.5725206490539512,0.4274793509460489,-0.03065395412065197,-0.0035551318125717213,False,False,0,0,0,0,0.0,0,967.9146328974994,0.0,26.0,54.0
412,4906,2022-04-27,Minnesota Twins,Detroit Tigers,1,-180.5,156.0,0.64349376114082,0.390625,0.6007425482787574,0.3992574517212426,-0.042751212862062626,0.008632451721242607,False,False,0,0,0,0,0.0,0,967.9146328974994,0.0,26.0,54.0
413,720,2020-08-18,Atlanta Braves,Washington Nationals,0,-120.0,106.0,0.5454545454545454,0.4854368932038835,0.5309510141599694,0.4690489858400307,-0.014503531294576044,-0.016387907363852816,False,False,0,0,0,0,0.0,0,967.9146328974994,0.0,26.0,54.0
414,5696,2022-06-22,Oakland Athletics,Seattle Mariners,0,115.0,-133.0,0.4651162790697674,0.5708154506437768,0.4388111888111888,0.5611888111888111,-0.02630509025857858,-0.009626639454965669,False,False,0,0,0,0,0.0,0,967.9146328974994,0.0,26.0,54.0
415,7940,2023-04-21,Texas Rangers,Oakland Athletics,0,-205.0,175.0,0.6721311475409836,0.3636363636363636,0.6471153846153845,0.3528846153846154,-0.02501576292559904,-0.010751748251748183,False,False,0,0,0,0,0.0,0,967.9146328974994,0.0,26.0,54.0
416,6103,2022-07-25,Philadelphia Phillies,Atlanta Braves,1,150.0,-175.0,0.4,0.6363636363636364,0.3870572152305899,0.6129427847694102,-0.012942784769410132,-0.023420851594226133,False,False,0,0,0,0,0.0,0,967.9146328974994,0.0,26.0,54.0
417,3362,2021-07-27,Tampa Bay Rays,New York Yankees,0,-147.0,130.0,0.5951417004048583,0.4347826086956521,0.5725206490539512,0.4274793509460489,-0.022621051350907084,-0.00730325774960322,False,False,0,0,0,0,0.0,0,967.9146328974994,0.0,26.0,54.0
418,2517,2021-05-24,Miami Marlins,Philadelphia Phillies,1,-127.0,110.0,0.5594713656387665,0.4761904761904761,0.5416244022605419,0.4583755977394581,-0.017846963378224667,-0.017814878451018035,False,False,0,0,0,0,0.0,0,967.9146328974994,0.0,26.0,54.0
419,7091,2022-10-05,Oakland Athletics,Los Angeles Angels,1,205.0,-240.0,0.3278688524590163,0.7058823529411765,0.2628805620608899,0.7371194379391101,-0.06498829039812642,0.03123708499793354,False,True,1,0,0,0,48.39573164487497,0,1067.125882769493,99.21124987199369,27.0,54.0
420,6938,2022-09-24,Tampa Bay Rays,Toronto Blue Jays,0,-112.0,-104.0,0.5283018867924528,0.5098039215686274,0.5193632429568136,0.4806367570431865,-0.008938643835639248,-0.029167164525440936,False,False,0,0,0,0,0.0,0,1067.125882769493,0.0,27.0,54.0
421,6624,2022-09-01,Cleveland Guardians,Baltimore Orioles,0,-182.0,159.5,0.6453900709219859,0.3853564547206166,0.6007425482787574,0.3992574517212426,-0.044647522643228466,0.013900997000626025,False,True,0,1,0,0,53.35629413847465,0,1013.7695886310185,0.0,27.0,55.0
422,3079,2021-07-03,Los Angeles Angels,Baltimore Orioles,1,-200.0,170.0,0.6666666666666666,0.3703703703703703,0.6471153846153845,0.3528846153846154,-0.019551282051282093,-0.017485754985754887,False,False,0,0,0,0,0.0,0,1013.7695886310185,0.0,27.0,55.0
423,2612,2021-05-30,Oakland Athletics,Los Angeles Angels,0,-161.0,138.0,0.6168582375478927,0.4201680672268907,0.5934508816120907,0.4065491183879093,-0.02340735593580201,-0.013618948838981404,False,False,0,0,0,0,0.0,0,1013.7695886310185,0.0,27.0,55.0
424,6186,2022-07-31,New York Yankees,Kansas City Royals,0,-270.0,229.0,0.7297297297297297,0.303951367781155,0.7798774259448418,0.2201225740551582,0.05014769621511206,-0.0838287937259968,True,False,1,0,0,0,53.35629413847465,0,1135.9555022081254,122.18591357710696,28.0,55.0
425,2109,2021-04-24,Tampa Bay Rays,Toronto Blue Jays,1,-118.0,100.0,0.5412844036697247,0.5,0.5309510141599694,0.4690489858400307,-0.010333389509755375,-0.030951014159969314,False,False,0,0,0,0,0.0,0,1135.9555022081254,0.0,28.0,55.0
426,6288,2022-08-07,Milwaukee Brewers,Cincinnati Reds,0,-270.0,229.0,0.7297297297297297,0.303951367781155,0.7798774259448418,0.2201225740551582,0.05014769621511206,-0.0838287937259968,True,False,1,0,0,0,56.79777511040627,0,1266.0224072109559,130.06690500283037,29.0,55.0
427,7864,2023-04-15,Los Angeles Dodgers,Chicago Cubs,1,-161.5,140.0,0.6175908221797323,0.4166666666666667,0.5955342149454239,0.404465785054576,-0.022056607234308356,-0.012200881612090708,False,False,0,0,0,0,0.0,0,1266.0224072109559,0.0,29.0,55.0
428,2572,2021-05-28,Boston Red Sox,Miami Marlins,1,-161.0,138.0,0.6168582375478927,0.4201680672268907,0.5934508816120907,0.4065491183879093,-0.02340735593580201,-0.013618948838981404,False,False,0,0,0,0,0.0,0,1266.0224072109559,0.0,29.0,55.0
429,4093,2021-09-18,New York Mets,Philadelphia Phillies,0,102.0,-115.5,0.495049504950495,0.5359628770301624,0.4839064688563016,0.5160935311436983,-0.01114303609419337,-0.019869345886464163,False,False,0,0,0,0,0.0,0,1266.0224072109559,0.0,29.0,55.0
430,2854,2021-06-17,Colorado Rockies,Milwaukee Brewers,1,141.0,-161.0,0.4149377593360996,0.6168582375478927,0.4124033860875966,0.5875966139124034,-0.00253437324850303,-0.029261623635489342,False,False,0,0,0,0,0.0,0,1266.0224072109559,0.0,29.0,55.0
431,6722,2022-09-08,Milwaukee Brewers,San Francisco Giants,1,-208.0,180.0,0.6753246753246753,0.3571428571428571,0.6778846153846154,0.3221153846153846,0.0025599400599400912,-0.035027472527472514,False,False,0,0,0,0,0.0,0,1266.0224072109559,0.0,29.0,55.0
432,8226,2023-05-12,Minnesota Twins,Chicago Cubs,0,-156.5,135.0,0.6101364522417154,0.425531914893617,0.5725206490539512,0.4274793509460489,-0.03761580318776425,0.0019474360524318612,False,False,0,0,0,0,0.0,0,1266.0224072109559,0.0,29.0,55.0
433,3167,2021-07-10,Tampa Bay Rays,Toronto Blue Jays,1,-120.0,105.0,0.5454545454545454,0.4878048780487805,0.5309510141599694,0.4690489858400307,-0.014503531294576044,-0.01875589220874979,False,False,0,0,0,0,0.0,0,1266.0224072109559,0.0,29.0,55.0
434,6134,2022-07-27,Oakland Athletics,Houston Astros,1,172.0,-200.0,0.3676470588235294,0.6666666666666666,0.3354465709728867,0.6645534290271132,-0.03220048785064267,-0.0021132376395534003,False,False,0,0,0,0,0.0,0,1266.0224072109559,0.0,29.0,55.0
435,6302,2022-08-08,San Diego Padres,San Francisco Giants,0,-185.0,160.0,0.6491228070175439,0.3846153846153846,0.6007425482787574,0.3992574517212426,-0.048380258738786486,0.014642067105858025,False,True,0,1,0,0,63.3011203605478,0,1202.721286850408,0.0,29.0,56.0
436,4812,2022-04-20,Washington Nationals,Arizona Diamondbacks,0,-129.0,110.0,0.5633187772925764,0.4761904761904761,0.5416244022605419,0.4583755977394581,-0.02169437503203453,-0.017814878451018035,False,False,0,0,0,0,0.0,0,1202.721286850408,0.0,29.0,56.0
437,2626,2021-05-31,Houston Astros,Boston Red Sox,1,-112.0,-104.0,0.5283018867924528,0.5098039215686274,0.5193632429568136,0.4806367570431865,-0.008938643835639248,-0.029167164525440936,False,False,0,0,0,0,0.0,0,1202.721286850408,0.0,29.0,56.0
438,4945,2022-04-30,Pittsburgh Pirates,San Diego Padres,1,148.0,-169.0,0.4032258064516129,0.6282527881040892,0.3870572152305899,0.6129427847694102,-0.016168591221022988,-0.015310003334679023,False,False,0,0,0,0,0.0,0,1202.721286850408,0.0,29.0,56.0
439,4097,2021-09-19,Washington Nationals,Colorado Rockies,1,-115.0,-104.0,0.5348837209302325,0.5098039215686274,0.5309510141599694,0.4690489858400307,-0.003932706770263139,-0.04075493572859673,False,False,0,0,0,0,0.0,0,1202.721286850408,0.0,29.0,56.0
440,2837,2021-06-16,Oakland Athletics,Los Angeles Angels,1,-125.0,110.0,0.5555555555555556,0.4761904761904761,0.5416244022605419,0.4583755977394581,-0.01393115329501371,-0.017814878451018035,False,False,0,0,0,0,0.0,0,1202.721286850408,0.0,29.0,56.0
441,6615,2022-08-31,Atlanta Braves,Colorado Rockies,1,-312.0,260.0,0.7572815533980582,0.2777777777777778,0.7798774259448418,0.2201225740551582,0.022595872546783524,-0.05765520372261959,True,False,0,1,0,0,60.1360643425204,0,1142.5852225078875,0.0,29.0,57.0
442,1013,2020-09-06,Los Angeles Dodgers,Colorado Rockies,0,-270.0,233.0,0.7297297297297297,0.3003003003003003,0.7798774259448418,0.2201225740551582,0.05014769621511206,-0.0801777262451421,True,False,1,0,0,0,60.1360643425204,0,1282.70225242596,140.11702991807255,30.0,57.0
443,4094,2021-09-18,Milwaukee Brewers,Chicago Cubs,1,-303.0,247.5,0.7518610421836228,0.2877697841726618,0.7798774259448418,0.2201225740551582,0.028016383761218955,-0.0676472101175036,True,False,0,1,0,0,60.1360643425204,0,1222.5661880834396,0.0,30.0,58.0
444,6345,2022-08-12,Toronto Blue Jays,Cleveland Guardians,0,-164.0,145.0,0.6212121212121212,0.4081632653061224,0.5955342149454239,0.404465785054576,-0.025677906266697303,-0.0036974802515464256,False,False,0,0,0,0,0.0,0,1222.5661880834396,0.0,30.0,58.0
445,2413,2021-05-16,Minnesota Twins,Oakland Athletics,0,-110.0,-103.0,0.5238095238095238,0.5073891625615764,0.5193632429568136,0.4806367570431865,-0.00444628085271026,-0.02675240551838992,False,False,0,0,0,0,0.0,0,1222.5661880834396,0.0,30.0,58.0
446,6419,2022-08-17,Minnesota Twins,Kansas City Royals,1,-196.0,165.0,0.6621621621621622,0.3773584905660377,0.6203346203346203,0.3796653796653796,-0.04182754182754189,0.0023068890993419022,False,False,0,0,0,0,0.0,0,1222.5661880834396,0.0,30.0,58.0
447,4980,2022-05-03,Baltimore Orioles,Minnesota Twins,0,140.0,-161.0,0.4166666666666667,0.6168582375478927,0.4124033860875966,0.5875966139124034,-0.004263280579070106,-0.029261623635489342,False,False,0,0,0,0,0.0,0,1222.5661880834396,0.0,30.0,58.0
448,6926,2022-09-23,Tampa Bay Rays,Toronto Blue Jays,1,-114.0,-103.0,0.5327102803738317,0.5073891625615764,0.5309510141599694,0.4690489858400307,-0.0017592662138623538,-0.038340176721545716,False,False,0,0,0,0,0.0,0,1222.5661880834396,0.0,30.0,58.0
449,8207,2023-05-10,Cincinnati Reds,New York Mets,0,140.0,-164.0,0.4166666666666667,0.6212121212121212,0.4124033860875966,0.5875966139124034,-0.004263280579070106,-0.03361550729971785,False,False,0,0,0,0,0.0,0,1222.5661880834396,0.0,30.0,58.0
450,1313,2020-09-27,Arizona Diamondbacks,Colorado Rockies,1,-108.0,-108.0,0.5192307692307693,0.5192307692307693,0.5122503698224852,0.4877496301775147,-0.006980399408284099,-0.03148113905325456,False,False,0,0,0,0,0.0,0,1222.5661880834396,0.0,30.0,58.0
451,5415,2022-06-02,Cincinnati Reds,Washington Nationals,1,-133.0,115.0,0.5708154506437768,0.4651162790697674,0.5555451829723674,0.4444548170276325,-0.015270267671409377,-0.02066146204213487,False,False,0,0,0,0,0.0,0,1222.5661880834396,0.0,30.0,58.0
452,1312,2020-09-27,Toronto Blue Jays,Baltimore Orioles,0,-125.0,110.0,0.5555555555555556,0.4761904761904761,0.5416244022605419,0.4583755977394581,-0.01393115329501371,-0.017814878451018035,False,False,0,0,0,0,0.0,0,1222.5661880834396,0.0,30.0,58.0
453,6915,2022-09-22,Baltimore Orioles,Houston Astros,1,170.0,-200.0,0.3703703703703703,0.6666666666666666,0.3604465709728868,0.6395534290271132,-0.009923799397483501,-0.027113237639553422,False,False,0,0,0,0,0.0,0,1222.5661880834396,0.0,30.0,58.0
454,4904,2022-04-27,Toronto Blue Jays,Boston Red Sox,0,-145.0,125.0,0.5918367346938775,0.4444444444444444,0.5707364341085271,0.4292635658914728,-0.021100300585350396,-0.015180878552971622,False,False,0,0,0,0,0.0,0,1222.5661880834396,0.0,30.0,58.0
455,5762,2022-06-28,Cleveland Guardians,Minnesota Twins,1,-109.5,-106.0,0.522673031026253,0.5145631067961165,0.5193632429568136,0.4806367570431865,-0.003309788069439379,-0.03392634975293002,False,False,0,0,0,0,0.0,0,1222.5661880834396,0.0,30.0,58.0
456,3107,2021-07-05,Los Angeles Angels,Boston Red Sox,0,-105.0,-110.0,0.5121951219512195,0.5238095238095238,0.5122503698224852,0.4877496301775147,5.524787126565123e-05,-0.03605989363200912,False,False,0,0,0,0,0.0,0,1222.5661880834396,0.0,30.0,58.0
457,2218,2021-05-02,Cincinnati Reds,Chicago Cubs,1,-143.0,125.0,0.588477366255144,0.4444444444444444,0.555768796568074,0.4442312034319259,-0.03270856968707003,-0.0002132410125185169,False,False,0,0,0,0,0.0,0,1222.5661880834396,0.0,30.0,58.0
458,6669,2022-09-04,Cleveland Guardians,Seattle Mariners,0,113.0,-130.0,0.4694835680751174,0.5652173913043478,0.4410070605722779,0.558992939427722,-0.028476507502839477,-0.006224451876625792,False,False,0,0,0,0,0.0,0,1222.5661880834396,0.0,30.0,58.0
459,2295,2021-05-07,Oakland Athletics,Tampa Bay Rays,1,-141.0,123.0,0.5850622406639004,0.4484304932735426,0.555768796568074,0.4442312034319259,-0.02929344409582646,-0.004199289841616716,False,False,0,0,0,0,0.0,0,1222.5661880834396,0.0,30.0,58.0
460,6587,2022-08-29,Los Angeles Angels,New York Yankees,1,155.0,-179.0,0.392156862745098,0.6415770609318996,0.3870572152305899,0.6129427847694102,-0.005099647514508088,-0.02863427616248937,False,False,0,0,0,0,0.0,0,1222.5661880834396,0.0,30.0,58.0
461,8826,2023-06-25,Colorado Rockies,Los Angeles Angels,1,130.0,-152.0,0.4347826086956521,0.6031746031746031,0.4239806246385194,0.5760193753614806,-0.01080198405713273,-0.027155227813122518,False,False,0,0,0,0,0.0,0,1222.5661880834396,0.0,30.0,58.0
462,3552,2021-08-10,Philadelphia Phillies,Los Angeles Dodgers,0,147.0,-169.0,0.4048582995951417,0.6282527881040892,0.3870572152305899,0.6129427847694102,-0.0178010843645518,-0.015310003334679023,False,False,0,0,0,0,0.0,0,1222.5661880834396,0.0,30.0,58.0
463,5009,2022-05-05,Boston Red Sox,Los Angeles Angels,0,132.0,-149.0,0.4310344827586206,0.5983935742971888,0.4239806246385194,0.5760193753614806,-0.007053858120101231,-0.022374198935708134,False,False,0,0,0,0,0.0,0,1222.5661880834396,0.0,30.0,58.0
464,4126,2021-09-21,Cincinnati Reds,Pittsburgh Pirates,0,-192.0,165.0,0.6575342465753424,0.3773584905660377,0.6203346203346203,0.3796653796653796,-0.03719962624072215,0.0023068890993419022,False,False,0,0,0,0,0.0,0,1222.5661880834396,0.0,30.0,58.0
465,5612,2022-06-17,Washington Nationals,Philadelphia Phillies,0,190.0,-227.0,0.3448275862068966,0.6941896024464832,0.2974043715846994,0.7025956284153005,-0.047423214622197174,0.008406025968817343,False,False,0,0,0,0,0.0,0,1222.5661880834396,0.0,30.0,58.0
466,8096,2023-05-02,San Diego Padres,Cincinnati Reds,0,-191.0,165.0,0.6563573883161512,0.3773584905660377,0.6203346203346203,0.3796653796653796,-0.03602276798153092,0.0023068890993419022,False,False,0,0,0,0,0.0,0,1222.5661880834396,0.0,30.0,58.0
467,8760,2023-06-20,Milwaukee Brewers,Arizona Diamondbacks,1,-120.0,105.0,0.5454545454545454,0.4878048780487805,0.5309510141599694,0.4690489858400307,-0.014503531294576044,-0.01875589220874979,False,False,0,0,0,0,0.0,0,1222.5661880834396,0.0,30.0,58.0
468,8881,2023-06-30,Baltimore Orioles,Minnesota Twins,0,-112.0,-105.0,0.5283018867924528,0.5121951219512195,0.5193632429568136,0.4806367570431865,-0.008938643835639248,-0.03155836490803304,False,False,0,0,0,0,0.0,0,1222.5661880834396,0.0,30.0,58.0
469,4950,2022-04-30,Milwaukee Brewers,Chicago Cubs,1,-167.0,145.0,0.6254681647940075,0.4081632653061224,0.5955342149454239,0.404465785054576,-0.029933949848583552,-0.0036974802515464256,False,False,0,0,0,0,0.0,0,1222.5661880834396,0.0,30.0,58.0
470,5352,2022-05-29,Washington Nationals,Colorado Rockies,1,-118.0,102.0,0.5412844036697247,0.495049504950495,0.5309510141599694,0.4690489858400307,-0.010333389509755375,-0.026000519110464304,False,False,0,0,0,0,0.0,0,1222.5661880834396,0.0,30.0,58.0
471,2228,2021-05-02,Philadelphia Phillies,New York Mets,0,-110.0,-102.0,0.5238095238095238,0.504950495049505,0.5193632429568136,0.4806367570431865,-0.00444628085271026,-0.024313738006318475,False,False,0,0,0,0,0.0,0,1222.5661880834396,0.0,30.0,58.0
472,7882,2023-04-17,Cincinnati Reds,Tampa Bay Rays,1,125.0,-145.0,0.4444444444444444,0.5918367346938775,0.4239806246385194,0.5760193753614806,-0.020463819805925043,-0.01581735933239692,False,False,0,0,0,0,0.0,0,1222.5661880834396,0.0,30.0,58.0
473,8882,2023-06-30,Pittsburgh Pirates,Milwaukee Brewers,1,120.0,-140.0,0.4545454545454545,0.5833333333333334,0.430161943319838,0.569838056680162,-0.024383511225616494,-0.013495276653171406,False,False,0,0,0,0,0.0,0,1222.5661880834396,0.0,30.0,58.0
474,1010,2020-09-06,Oakland Athletics,San Diego Padres,0,106.0,-120.0,0.4854368932038835,0.5454545454545454,0.4410070605722779,0.558992939427722,-0.044429832631605604,0.013538393973176577,False,True,0,1,0,0,61.12830940417198,0,1161.4378786792677,0.0,30.0,59.0
475,5401,2022-06-01,Philadelphia Phillies,San Francisco Giants,1,-125.0,107.0,0.5555555555555556,0.4830917874396135,0.5309510141599694,0.4690489858400307,-0.02460454139558621,-0.014042801599582821,False,False,0,0,0,0,0.0,0,1161.4378786792677,0.0,30.0,59.0
476,6881,2022-09-20,Philadelphia Phillies,Toronto Blue Jays,0,105.0,-118.0,0.4878048780487805,0.5412844036697247,0.4410070605722779,0.558992939427722,-0.04679781747650258,0.017708535757997246,False,True,0,1,0,0,58.07189393396339,0,1103.3659847453043,0.0,30.0,60.0
477,2698,2021-06-05,Colorado Rockies,Oakland Athletics,0,115.0,-132.0,0.4651162790697674,0.5689655172413793,0.4410070605722779,0.558992939427722,-0.024109218497489482,-0.009972577813657346,False,False,0,0,0,0,0.0,0,1103.3659847453043,0.0,30.0,60.0
478,453,2020-07-31,Atlanta Braves,New York Mets,1,-133.0,121.0,0.5708154506437768,0.4524886877828054,0.5555451829723674,0.4444548170276325,-0.015270267671409377,-0.008033870755172867,False,False,0,0,0,0,0.0,0,1103.3659847453043,0.0,30.0,60.0
479,7037,2022-10-01,Atlanta Braves,New York Mets,1,110.0,-125.0,0.4761904761904761,0.5555555555555556,0.4410070605722779,0.558992939427722,-0.03518341561819821,0.0034373838721664107,False,False,0,0,0,0,0.0,0,1103.3659847453043,0.0,30.0,60.0
480,8652,2023-06-13,Boston Red Sox,Colorado Rockies,0,-227.0,191.0,0.6941896024464832,0.3436426116838488,0.7534591194968554,0.2465408805031446,0.0592695170503722,-0.0971017311807042,True,False,1,0,0,0,55.16829923726522,0,1208.737436288481,105.37145154317656,31.0,60.0
481,5088,2022-05-10,Minnesota Twins,Houston Astros,0,120.0,-139.0,0.4545454545454545,0.5815899581589958,0.430161943319838,0.569838056680162,-0.024383511225616494,-0.01175190147883387,False,False,0,0,0,0,0.0,0,1208.737436288481,0.0,31.0,60.0
482,7923,2023-04-19,New York Yankees,Los Angeles Angels,1,-135.0,119.0,0.574468085106383,0.45662100456621,0.5555451829723674,0.4444548170276325,-0.018922902134015596,-0.012166187538577511,False,False,0,0,0,0,0.0,0,1208.737436288481,0.0,31.0,60.0
483,8744,2023-06-19,Houston Astros,New York Mets,0,-125.0,107.5,0.5555555555555556,0.4819277108433735,0.5309510141599694,0.4690489858400307,-0.02460454139558621,-0.012878725003342806,False,False,0,0,0,0,0.0,0,1208.737436288481,0.0,31.0,60.0
484,6737,2022-09-09,Colorado Rockies,Arizona Diamondbacks,1,-113.0,-104.5,0.5305164319248826,0.511002444987775,0.5215148243300143,0.4784851756699857,-0.009001607594868344,-0.03251726931778931,False,False,0,0,0,0,0.0,0,1208.737436288481,0.0,31.0,60.0
485,839,2020-08-26,New York Mets,Miami Marlins,1,-263.0,224.0,0.7245179063360881,0.3086419753086419,0.7798774259448418,0.2201225740551582,0.05535951960875363,-0.0885194012534837,True,False,0,1,0,0,60.43687181442405,0,1148.300564474057,0.0,31.0,61.0
486,3499,2021-08-06,Toronto Blue Jays,Boston Red Sox,1,-139.0,120.0,0.5815899581589958,0.4545454545454545,0.5555451829723674,0.4444548170276325,-0.0260447751866284,-0.010090637517821965,False,False,0,0,0,0,0.0,0,1148.300564474057,0.0,31.0,61.0
487,2533,2021-05-25,Milwaukee Brewers,San Diego Padres,0,-119.0,102.0,0.54337899543379,0.495049504950495,0.5309510141599694,0.4690489858400307,-0.01242798127382061,-0.026000519110464304,False,False,0,0,0,0,0.0,0,1148.300564474057,0.0,31.0,61.0
488,6527,2022-08-24,Los Angeles Dodgers,Milwaukee Brewers,1,-250.0,208.0,0.7142857142857143,0.3246753246753247,0.7575789696841213,0.2424210303158787,0.043293255398407005,-0.08225429435944598,True,False,0,1,0,0,60.43687181442405,0,1087.863692659633,0.0,31.0,62.0
489,6349,2022-08-12,Boston Red Sox,New York Yankees,1,108.0,-125.0,0.4807692307692308,0.5555555555555556,0.4410070605722779,0.558992939427722,-0.039762170196952884,0.0034373838721664107,False,False,0,0,0,0,0.0,0,1087.863692659633,0.0,31.0,62.0
490,3080,2021-07-03,Arizona Diamondbacks,San Francisco Giants,0,152.0,-167.0,0.3968253968253968,0.6254681647940075,0.3870572152305899,0.6129427847694102,-0.009768181594806913,-0.012525380024597244,False,False,0,0,0,0,0.0,0,1087.863692659633,0.0,31.0,62.0
491,2739,2021-06-09,Philadelphia Phillies,Atlanta Braves,1,-128.0,110.0,0.5614035087719298,0.4761904761904761,0.5416244022605419,0.4583755977394581,-0.019779106511387923,-0.017814878451018035,False,False,0,0,0,0,0.0,0,1087.863692659633,0.0,31.0,62.0
492,1923,2021-04-11,Tampa Bay Rays,New York Yankees,0,123.0,-139.0,0.4484304932735426,0.5815899581589958,0.430161943319838,0.569838056680162,-0.018268549953704638,-0.01175190147883387,False,False,0,0,0,0,0.0,0,1087.863692659633,0.0,31.0,62.0
493,6792,2022-09-13,Texas Rangers,Oakland Athletics,1,-152.0,132.0,0.6031746031746031,0.4310344827586206,0.5725206490539512,0.4274793509460489,-0.03065395412065197,-0.0035551318125717213,False,False,0,0,0,0,0.0,0,1087.863692659633,0.0,31.0,62.0
494,8796,2023-06-23,Colorado Rockies,Los Angeles Angels,1,135.0,-158.5,0.425531914893617,0.6131528046421664,0.4124033860875966,0.5875966139124034,-0.013128528806020445,-0.025556190729763006,False,False,0,0,0,0,0.0,0,1087.863692659633,0.0,31.0,62.0
495,6287,2022-08-07,Minnesota Twins,Toronto Blue Jays,0,140.0,-164.0,0.4166666666666667,0.6212121212121212,0.4124033860875966,0.5875966139124034,-0.004263280579070106,-0.03361550729971785,False,False,0,0,0,0,0.0,0,1087.863692659633,0.0,31.0,62.0
496,4816,2022-04-20,Seattle Mariners,Texas Rangers,1,-149.0,130.0,0.5983935742971888,0.4347826086956521,0.5725206490539512,0.4274793509460489,-0.025872925243237588,-0.00730325774960322,False,False,0,0,0,0,0.0,0,1087.863692659633,0.0,31.0,62.0
497,8769,2023-06-21,Milwaukee Brewers,Arizona Diamondbacks,0,127.0,-145.0,0.4405286343612334,0.5918367346938775,0.4239806246385194,0.5760193753614806,-0.01654800972271403,-0.01581735933239692,False,False,0,0,0,0,0.0,0,1087.863692659633,0.0,31.0,62.0
498,8369,2023-05-22,Seattle Mariners,Oakland Athletics,1,-317.5,260.0,0.7604790419161677,0.2777777777777778,0.7798774259448418,0.2201225740551582,0.01939838402867411,-0.05765520372261959,True,False,0,1,0,0,54.39318463298165,0,1033.4705080266513,0.0,31.0,63.0
499,7068,2022-10-03,San Diego Padres,San Francisco Giants,1,-276.5,228.0,0.7343957503320053,0.3048780487804878,0.7798774259448418,0.2201225740551582,0.04548167561283645,-0.0847554747253296,True,False,0,1,0,0,54.39318463298165,0,979.0773233936696,0.0,31.0,64.0
500,8814,2023-06-24,Colorado Rockies,Los Angeles Angels,0,137.5,-160.0,0.4210526315789473,0.6153846153846154,0.4124033860875966,0.5875966139124034,-0.00864924549135071,-0.027788001472212054,False,False,0,0,0,0,0.0,0,979.0773233936696,0.0,31.0,64.0
501,6555,2022-08-27,Miami Marlins,Los Angeles Dodgers,1,175.0,-200.0,0.3636363636363636,0.6666666666666666,0.3354465709728867,0.6645534290271132,-0.028189792663476876,-0.0021132376395534003,False,False,0,0,0,0,0.0,0,979.0773233936696,0.0,31.0,64.0
502,2312,2021-05-09,Baltimore Orioles,Boston Red Sox,0,120.0,-137.0,0.4545454545454545,0.5780590717299579,0.430161943319838,0.569838056680162,-0.024383511225616494,-0.008221015049795888,False,False,0,0,0,0,0.0,0,979.0773233936696,0.0,31.0,64.0
503,8618,2023-06-10,Baltimore Orioles,Kansas City Royals,1,-160.0,138.0,0.6153846153846154,0.4201680672268907,0.5934508816120907,0.4065491183879093,-0.02193373377252472,-0.013618948838981404,False,False,0,0,0,0,0.0,0,979.0773233936696,0.0,31.0,64.0
504,2200,2021-05-01,New York Yankees,Detroit Tigers,1,-227.0,190.0,0.6941896024464832,0.3448275862068966,0.7534591194968554,0.2465408805031446,0.0592695170503722,-0.09828670570375198,True,False,0,1,0,0,48.95386616968349,0,930.1234572239862,0.0,31.0,65.0
505,6181,2022-07-30,Los Angeles Angels,Texas Rangers,1,-120.0,104.0,0.5454545454545454,0.4901960784313725,0.5309510141599694,0.4690489858400307,-0.014503531294576044,-0.021147092591341787,False,False,0,0,0,0,0.0,0,930.1234572239862,0.0,31.0,65.0
506,1215,2020-09-20,Seattle Mariners,San Diego Padres,0,210.0,-241.0,0.3225806451612903,0.7067448680351907,0.2628805620608899,0.7371194379391101,-0.059700083100400425,0.0303745699039194,False,True,0,1,0,0,46.50617286119931,0,883.6172843627869,0.0,31.0,66.0
507,7066,2022-10-03,Oakland Athletics,Los Angeles Angels,1,155.0,-175.0,0.392156862745098,0.6363636363636364,0.3870572152305899,0.6129427847694102,-0.005099647514508088,-0.023420851594226133,False,False,0,0,0,0,0.0,0,883.6172843627869,0.0,31.0,66.0
508,3638,2021-08-16,New York Yankees,Los Angeles Angels,1,-263.0,220.0,0.7245179063360881,0.3125,0.7798774259448418,0.2201225740551582,0.05535951960875363,-0.0923774259448418,True,False,0,1,0,0,46.50617286119931,0,837.1111115015876,0.0,31.0,67.0
509,5811,2022-07-01,Minnesota Twins,Baltimore Orioles,1,-222.0,190.0,0.6894409937888198,0.3448275862068966,0.7534591194968554,0.2465408805031446,0.06401812570803556,-0.09828670570375198,True,False,0,1,0,0,46.50617286119931,0,790.6049386403884,0.0,31.0,68.0
510,8010,2023-04-26,Milwaukee Brewers,Detroit Tigers,1,-225.0,195.0,0.6923076923076923,0.3389830508474576,0.7534591194968554,0.2465408805031446,0.06115142718916311,-0.09244217034431301,True,False,0,1,0,0,39.53024693201942,0,751.074691708369,0.0,31.0,69.0
511,5072,2022-05-09,Pittsburgh Pirates,Los Angeles Dodgers,1,205.0,-244.0,0.3278688524590163,0.7093023255813954,0.2628805620608899,0.7371194379391101,-0.06498829039812642,0.02781711235771467,False,True,1,0,0,0,39.53024693201942,0,832.1116979190087,81.03700621063982,32.0,69.0
512,8005,2023-04-26,Cincinnati Reds,Texas Rangers,1,-103.0,-113.0,0.5073891625615764,0.5305164319248826,0.5122503698224852,0.4877496301775147,0.004861207260908773,-0.04276680174736791,False,False,0,0,0,0,0.0,0,832.1116979190087,0.0,32.0,69.0
513,5838,2022-07-03,Cincinnati Reds,Atlanta Braves,1,135.0,-156.0,0.425531914893617,0.609375,0.4124033860875966,0.5875966139124034,-0.013128528806020445,-0.021778386087596635,False,False,0,0,0,0,0.0,0,832.1116979190087,0.0,32.0,69.0
514,6474,2022-08-21,Pittsburgh Pirates,Cincinnati Reds,0,-118.0,105.0,0.5412844036697247,0.4878048780487805,0.5309510141599694,0.4690489858400307,-0.010333389509755375,-0.01875589220874979,False,False,0,0,0,0,0.0,0,832.1116979190087,0.0,32.0,69.0
515,505,2020-08-03,San Diego Padres,Los Angeles Dodgers,1,122.0,-135.0,0.4504504504504504,0.574468085106383,0.430161943319838,0.569838056680162,-0.02028850713061242,-0.004630028426221067,False,False,0,0,0,0,0.0,0,832.1116979190087,0.0,32.0,69.0
516,5229,2022-05-20,Houston Astros,Texas Rangers,0,-172.0,150.0,0.6323529411764706,0.4,0.5955342149454239,0.404465785054576,-0.03681872623104665,0.004465785054575955,False,False,0,0,0,0,0.0,0,832.1116979190087,0.0,32.0,69.0
517,3831,2021-08-30,Texas Rangers,Colorado Rockies,1,135.0,-156.0,0.425531914893617,0.609375,0.4124033860875966,0.5875966139124034,-0.013128528806020445,-0.021778386087596635,False,False,0,0,0,0,0.0,0,832.1116979190087,0.0,32.0,69.0
518,7928,2023-04-20,Pittsburgh Pirates,Cincinnati Reds,1,-160.0,140.0,0.6153846153846154,0.4166666666666667,0.5934508816120907,0.4065491183879093,-0.02193373377252472,-0.010117548278757382,False,False,0,0,0,0,0.0,0,832.1116979190087,0.0,32.0,69.0
519,8366,2023-05-22,Milwaukee Brewers,Houston Astros,0,-1.0,-114.0,0.0099009900990099,0.5327102803738317,0.4839064688563016,0.5160935311436983,0.4740054787572917,-0.016616749230133454,True,False,1,0,0,0,41.60558489595044,0,868.6078250207197,36.49612710171091,33.0,69.0
520,5249,2022-05-21,Milwaukee Brewers,Washington Nationals,1,-222.0,185.0,0.6894409937888198,0.3508771929824561,0.7185232220609579,0.2814767779390421,0.029082228272138022,-0.06940041504341404,True,False,0,1,0,0,43.430391251035985,0,825.1774337696837,0.0,33.0,70.0
521,3777,2021-08-26,Boston Red Sox,Minnesota Twins,1,-294.0,240.0,0.7461928934010152,0.2941176470588235,0.7798774259448418,0.2201225740551582,0.03368453254382653,-0.07399507300366528,True,False,0,1,0,0,43.430391251035985,0,781.7470425186477,0.0,33.0,71.0
522,6033,2022-07-16,San Diego Padres,Arizona Diamondbacks,1,-194.0,165.0,0.6598639455782312,0.3773584905660377,0.6203346203346203,0.3796653796653796,-0.03952932524361097,0.0023068890993419022,False,False,0,0,0,0,0.0,0,781.7470425186477,0.0,33.0,71.0
523,2170,2021-04-28,Houston Astros,Seattle Mariners,1,-208.0,184.0,0.6753246753246753,0.352112676056338,0.6888736263736264,0.3111263736263736,0.013548951048951041,-0.04098630242996443,True,False,0,1,0,0,43.430391251035985,0,738.3166512676117,0.0,33.0,72.0
524,626,2020-08-11,Los Angeles Dodgers,San Diego Padres,0,-159.0,142.0,0.6138996138996139,0.4132231404958678,0.5937232118827489,0.4062767881172511,-0.02017640201686499,-0.0069463523786166825,False,False,0,0,0,0,0.0,0,738.3166512676117,0.0,33.0,72.0
525,5087,2022-05-10,Atlanta Braves,Boston Red Sox,0,-132.0,115.0,0.5689655172413793,0.4651162790697674,0.5555451829723674,0.4444548170276325,-0.013420334269011902,-0.02066146204213487,False,False,0,0,0,0,0.0,0,738.3166512676117,0.0,33.0,72.0
526,7836,2023-04-14,Detroit Tigers,San Francisco Giants,1,125.0,-145.0,0.4444444444444444,0.5918367346938775,0.4239806246385194,0.5760193753614806,-0.020463819805925043,-0.01581735933239692,False,False,0,0,0,0,0.0,0,738.3166512676117,0.0,33.0,72.0
527,6545,2022-08-26,Kansas City Royals,San Diego Padres,0,165.0,-189.0,0.3773584905660377,0.6539792387543253,0.3870572152305899,0.6129427847694102,0.009698724664552183,-0.04103645398491507,False,False,0,0,0,0,0.0,0,738.3166512676117,0.0,33.0,72.0
528,3327,2021-07-24,New York Mets,Toronto Blue Jays,0,105.0,-120.0,0.4878048780487805,0.5454545454545454,0.4410070605722779,0.558992939427722,-0.04679781747650258,0.013538393973176577,False,True,0,1,0,0,36.91583256338059,0,701.4008187042311,0.0,33.0,73.0
529,2886,2021-06-19,Seattle Mariners,Tampa Bay Rays,1,120.0,-139.0,0.4545454545454545,0.5815899581589958,0.430161943319838,0.569838056680162,-0.024383511225616494,-0.01175190147883387,False,False,0,0,0,0,0.0,0,701.4008187042311,0.0,33.0,73.0
530,8902,2023-07-01,New York Mets,San Francisco Giants,1,-148.0,125.0,0.5967741935483871,0.4444444444444444,0.5725206490539512,0.4274793509460489,-0.024253544494435952,-0.016965093498395534,False,False,0,0,0,0,0.0,0,701.4008187042311,0.0,33.0,73.0
531,2190,2021-04-30,Toronto Blue Jays,Atlanta Braves,1,-114.0,101.0,0.5327102803738317,0.4975124378109453,0.5309510141599694,0.4690489858400307,-0.0017592662138623538,-0.0284634519709146,False,False,0,0,0,0,0.0,0,701.4008187042311,0.0,33.0,73.0
532,7933,2023-04-21,Chicago Cubs,Los Angeles Dodgers,1,154.0,-174.0,0.3937007874015748,0.635036496350365,0.3870572152305899,0.6129427847694102,-0.006643572170984935,-0.022093711580954745,False,False,0,0,0,0,0.0,0,701.4008187042311,0.0,33.0,73.0
533,6534,2022-08-25,Boston Red Sox,Toronto Blue Jays,0,146.0,-169.0,0.4065040650406504,0.6282527881040892,0.3870572152305899,0.6129427847694102,-0.019446849810060507,-0.015310003334679023,False,False,0,0,0,0,0.0,0,701.4008187042311,0.0,33.0,73.0
534,8255,2023-05-14,Minnesota Twins,Chicago Cubs,1,-114.0,-103.0,0.5327102803738317,0.5073891625615764,0.5309510141599694,0.4690489858400307,-0.0017592662138623538,-0.038340176721545716,False,False,0,0,0,0,0.0,0,701.4008187042311,0.0,33.0,73.0
535,5787,2022-06-29,Toronto Blue Jays,Boston Red Sox,0,-167.0,145.0,0.6254681647940075,0.4081632653061224,0.5955342149454239,0.404465785054576,-0.029933949848583552,-0.0036974802515464256,False,False,0,0,0,0,0.0,0,701.4008187042311,0.0,33.0,73.0
536,8395,2023-05-24,Kansas City Royals,Detroit Tigers,0,-114.0,-2.0,0.5327102803738317,0.0196078431372549,0.5309510141599694,0.4690489858400307,-0.0017592662138623538,0.4494411427027758,False,True,0,1,0,0,35.07004093521156,0,666.3307777690196,0.0,33.0,74.0
537,5549,2022-06-12,Atlanta Braves,Pittsburgh Pirates,1,-256.0,210.0,0.7191011235955056,0.3225806451612903,0.7575789696841213,0.2424210303158787,0.03847784608861571,-0.08015961484541162,True,False,0,1,0,0,35.07004093521156,0,631.2607368338081,0.0,33.0,75.0
538,7966,2023-04-23,Pittsburgh Pirates,Cincinnati Reds,1,-108.0,-107.0,0.5192307692307693,0.5169082125603864,0.5122503698224852,0.4877496301775147,-0.006980399408284099,-0.029158582382871723,False,False,0,0,0,0,0.0,0,631.2607368338081,0.0,33.0,75.0
539,5879,2022-07-06,Milwaukee Brewers,Chicago Cubs,0,-250.0,210.0,0.7142857142857143,0.3225806451612903,0.7575789696841213,0.2424210303158787,0.043293255398407005,-0.08015961484541162,True,False,1,0,0,0,35.07004093521156,0,704.9078227977524,73.64708596394428,34.0,75.0
540,3603,2021-08-13,Arizona Diamondbacks,San Diego Padres,1,148.0,-172.0,0.4032258064516129,0.6323529411764706,0.3870572152305899,0.6129427847694102,-0.016168591221022988,-0.01941015640706034,False,False,0,0,0,0,0.0,0,704.9078227977524,0.0,34.0,75.0
541,6481,2022-08-21,Chicago Cubs,Milwaukee Brewers,0,130.0,-149.0,0.4347826086956521,0.5983935742971888,0.4239806246385194,0.5760193753614806,-0.01080198405713273,-0.022374198935708134,False,False,0,0,0,0,0.0,0,704.9078227977524,0.0,34.0,75.0
542,8876,2023-06-29,Chicago Cubs,Philadelphia Phillies,0,100.0,-117.0,0.5,0.5391705069124424,0.4839064688563016,0.5160935311436983,-0.01609353114369838,-0.023076975768744123,False,False,0,0,0,0,0.0,0,704.9078227977524,0.0,34.0,75.0
543,6212,2022-08-02,Pittsburgh Pirates,Milwaukee Brewers,1,215.0,-250.0,0.3174603174603174,0.7142857142857143,0.2057377049180327,0.7942622950819672,-0.11172261254228469,0.07997658079625292,False,True,1,0,0,0,35.24539113988762,0,780.6854137485108,75.77759095075838,35.0,75.0
544,6444,2022-08-19,Baltimore Orioles,Boston Red Sox,1,-110.0,-105.0,0.5238095238095238,0.5121951219512195,0.5193632429568136,0.4806367570431865,-0.00444628085271026,-0.03155836490803304,False,False,0,0,0,0,0.0,0,780.6854137485108,0.0,35.0,75.0
545,6173,2022-07-30,Houston Astros,Seattle Mariners,0,-196.0,170.0,0.6621621621621622,0.3703703703703703,0.6471153846153845,0.3528846153846154,-0.015046777546777634,-0.017485754985754887,False,False,0,0,0,0,0.0,0,780.6854137485108,0.0,35.0,75.0
546,4774,2022-04-18,Chicago Cubs,Tampa Bay Rays,1,125.0,-145.0,0.4444444444444444,0.5918367346938775,0.4239806246385194,0.5760193753614806,-0.020463819805925043,-0.01581735933239692,False,False,0,0,0,0,0.0,0,780.6854137485108,0.0,35.0,75.0
547,6705,2022-09-07,New York Yankees,Minnesota Twins,1,-200.0,170.0,0.6666666666666666,0.3703703703703703,0.6471153846153845,0.3528846153846154,-0.019551282051282093,-0.017485754985754887,False,False,0,0,0,0,0.0,0,780.6854137485108,0.0,35.0,75.0
548,2973,2021-06-26,New York Mets,Philadelphia Phillies,1,-256.0,211.0,0.7191011235955056,0.3215434083601286,0.7575789696841213,0.2424210303158787,0.03847784608861571,-0.07912237804424993,True,False,0,1,0,0,39.03427068742554,0,741.6511430610852,0.0,35.0,76.0
549,8133,2023-05-05,Atlanta Braves,Baltimore Orioles,0,-210.0,180.0,0.6774193548387096,0.3571428571428571,0.6888736263736264,0.3111263736263736,0.011454271534916738,-0.04601648351648352,True,False,1,0,0,0,39.03427068742554,0,811.9128302984512,70.26168723736598,36.0,76.0
550,5468,2022-06-06,Cincinnati Reds,Arizona Diamondbacks,1,-112.0,-104.0,0.5283018867924528,0.5098039215686274,0.5193632429568136,0.4806367570431865,-0.008938643835639248,-0.029167164525440936,False,False,0,0,0,0,0.0,0,811.9128302984512,0.0,36.0,76.0
551,2726,2021-06-08,Cincinnati Reds,Milwaukee Brewers,0,-132.0,117.0,0.5689655172413793,0.4608294930875576,0.5555451829723674,0.4444548170276325,-0.013420334269011902,-0.016374676059925097,False,False,0,0,0,0,0.0,0,811.9128302984512,0.0,36.0,76.0
552,2311,2021-05-08,Los Angeles Angels,Los Angeles Dodgers,0,150.0,-175.0,0.4,0.6363636363636364,0.3870572152305899,0.6129427847694102,-0.012942784769410132,-0.023420851594226133,False,False,0,0,0,0,0.0,0,811.9128302984512,0.0,36.0,76.0
553,3033,2021-06-30,Boston Red Sox,Kansas City Royals,1,-161.0,140.0,0.6168582375478927,0.4166666666666667,0.5934508816120907,0.4065491183879093,-0.02340735593580201,-0.010117548278757382,False,False,0,0,0,0,0.0,0,811.9128302984512,0.0,36.0,76.0
554,3393,2021-07-29,Chicago Cubs,Cincinnati Reds,0,110.0,-120.0,0.4761904761904761,0.5454545454545454,0.4410070605722779,0.558992939427722,-0.03518341561819821,0.013538393973176577,False,True,0,1,0,0,40.59564151492256,0,771.3171887835286,0.0,36.0,77.0
555,4949,2022-04-30,Kansas City Royals,New York Yankees,0,180.0,-213.0,0.3571428571428571,0.6805111821086262,0.3354465709728867,0.6645534290271132,-0.02169628616997038,-0.015957753081512926,False,False,0,0,0,0,0.0,0,771.3171887835286,0.0,36.0,77.0
556,4111,2021-09-19,New York Mets,Philadelphia Phillies,1,-125.0,108.0,0.5555555555555556,0.4807692307692308,0.5309510141599694,0.4690489858400307,-0.02460454139558621,-0.011720244929200097,False,False,0,0,0,0,0.0,0,771.3171887835286,0.0,36.0,77.0
557,8898,2023-07-01,Baltimore Orioles,Minnesota Twins,0,-139.0,118.0,0.5815899581589958,0.4587155963302752,0.5555451829723674,0.4444548170276325,-0.0260447751866284,-0.01426077930264269,False,False,0,0,0,0,0.0,0,771.3171887835286,0.0,36.0,77.0
558,2732,2021-06-08,Oakland Athletics,Arizona Diamondbacks,1,-213.0,180.0,0.6805111821086262,0.3571428571428571,0.6953671328671329,0.3046328671328671,0.014855950758506764,-0.052509990009990015,True,False,0,1,0,0,38.565859439176435,0,732.7513293443523,0.0,36.0,78.0
559,8594,2023-06-08,Cleveland Guardians,Boston Red Sox,1,-115.0,-105.0,0.5348837209302325,0.5121951219512195,0.5309510141599694,0.4690489858400307,-0.003932706770263139,-0.04314613611118884,False,False,0,0,0,0,0.0,0,732.7513293443523,0.0,36.0,78.0
560,5118,2022-05-12,Texas Rangers,Kansas City Royals,1,-130.0,115.0,0.5652173913043478,0.4651162790697674,0.5416244022605419,0.4583755977394581,-0.023592989043805912,-0.006740681330309306,False,False,0,0,0,0,0.0,0,732.7513293443523,0.0,36.0,78.0
561,4883,2022-04-26,Philadelphia Phillies,Colorado Rockies,1,-161.0,145.0,0.6168582375478927,0.4081632653061224,0.5955342149454239,0.404465785054576,-0.021324022602468795,-0.0036974802515464256,False,False,0,0,0,0,0.0,0,732.7513293443523,0.0,36.0,78.0
562,2113,2021-04-24,Colorado Rockies,Philadelphia Phillies,0,165.0,-192.0,0.3773584905660377,0.6575342465753424,0.3870572152305899,0.6129427847694102,0.009698724664552183,-0.04459146180593221,False,False,0,0,0,0,0.0,0,732.7513293443523,0.0,36.0,78.0
563,4790,2022-04-19,Boston Red Sox,Toronto Blue Jays,1,-135.0,120.0,0.574468085106383,0.4545454545454545,0.5555451829723674,0.4444548170276325,-0.018922902134015596,-0.010090637517821965,False,False,0,0,0,0,0.0,0,732.7513293443523,0.0,36.0,78.0
564,4720,2022-04-14,Pittsburgh Pirates,Washington Nationals,1,-125.0,110.0,0.5555555555555556,0.4761904761904761,0.5416244022605419,0.4583755977394581,-0.01393115329501371,-0.017814878451018035,False,False,0,0,0,0,0.0,0,732.7513293443523,0.0,36.0,78.0
565,5644,2022-06-19,Washington Nationals,Philadelphia Phillies,1,155.0,-182.0,0.392156862745098,0.6453900709219859,0.3870572152305899,0.6129427847694102,-0.005099647514508088,-0.03244728615257564,False,False,0,0,0,0,0.0,0,732.7513293443523,0.0,36.0,78.0
566,5355,2022-05-29,Tampa Bay Rays,New York Yankees,1,-135.0,116.0,0.574468085106383,0.4629629629629629,0.5555451829723674,0.4444548170276325,-0.018922902134015596,-0.0185081459353304,False,False,0,0,0,0,0.0,0,732.7513293443523,0.0,36.0,78.0
567,5219,2022-05-19,Chicago Cubs,Arizona Diamondbacks,0,102.0,-118.0,0.495049504950495,0.5412844036697247,0.4839064688563016,0.5160935311436983,-0.01114303609419337,-0.025190872526026475,False,False,0,0,0,0,0.0,0,732.7513293443523,0.0,36.0,78.0
568,2856,2021-06-17,Seattle Mariners,Tampa Bay Rays,1,148.0,-170.5,0.4032258064516129,0.6303142329020333,0.3870572152305899,0.6129427847694102,-0.016168591221022988,-0.017371448132623035,False,False,0,0,0,0,0.0,0,732.7513293443523,0.0,36.0,78.0
569,5523,2022-06-10,Minnesota Twins,Tampa Bay Rays,1,-103.0,-112.0,0.5073891625615764,0.5283018867924528,0.5122503698224852,0.4877496301775147,0.004861207260908773,-0.04055225661493811,False,False,0,0,0,0,0.0,0,732.7513293443523,0.0,36.0,78.0
570,8405,2023-05-25,New York Yankees,Baltimore Orioles,0,-131.0,115.0,0.5670995670995671,0.4651162790697674,0.5555451829723674,0.4444548170276325,-0.011554384127199668,-0.02066146204213487,False,False,0,0,0,0,0.0,0,732.7513293443523,0.0,36.0,78.0
571,5747,2022-06-26,Texas Rangers,Washington Nationals,0,-167.0,145.0,0.6254681647940075,0.4081632653061224,0.5955342149454239,0.404465785054576,-0.029933949848583552,-0.0036974802515464256,False,False,0,0,0,0,0.0,0,732.7513293443523,0.0,36.0,78.0
572,4844,2022-04-23,Detroit Tigers,Colorado Rockies,1,-142.0,125.0,0.5867768595041323,0.4444444444444444,0.555768796568074,0.4442312034319259,-0.03100806293605829,-0.0002132410125185169,False,False,0,0,0,0,0.0,0,732.7513293443523,0.0,36.0,78.0
573,7949,2023-04-22,Minnesota Twins,Washington Nationals,0,-280.0,235.0,0.7368421052631579,0.2985074626865671,0.7798774259448418,0.2201225740551582,0.04303532068168392,-0.07838488863140888,True,False,1,0,0,0,36.63756646721762,0,818.8496105423137,86.0982811979614,37.0,78.0
574,8127,2023-05-05,Pittsburgh Pirates,Toronto Blue Jays,0,123.0,-140.0,0.4484304932735426,0.5833333333333334,0.430161943319838,0.569838056680162,-0.018268549953704638,-0.013495276653171406,False,False,0,0,0,0,0.0,0,818.8496105423137,0.0,37.0,78.0
575,3200,2021-07-16,Philadelphia Phillies,Miami Marlins,1,104.0,-120.0,0.4901960784313725,0.5454545454545454,0.4410070605722779,0.558992939427722,-0.049189017859094575,0.013538393973176577,False,True,1,0,0,0,40.94248052711569,0,861.429790290514,42.58017974820032,38.0,78.0
576,2891,2021-06-20,New York Yankees,Oakland Athletics,1,-135.0,120.0,0.574468085106383,0.4545454545454545,0.5555451829723674,0.4444548170276325,-0.018922902134015596,-0.010090637517821965,False,False,0,0,0,0,0.0,0,861.429790290514,0.0,38.0,78.0
577,2595,2021-05-29,Boston Red Sox,Miami Marlins,1,-149.0,130.0,0.5983935742971888,0.4347826086956521,0.5725206490539512,0.4274793509460489,-0.025872925243237588,-0.00730325774960322,False,False,0,0,0,0,0.0,0,861.429790290514,0.0,38.0,78.0
578,1061,2020-09-10,Tampa Bay Rays,Boston Red Sox,0,-192.0,166.5,0.6575342465753424,0.3752345215759849,0.6203346203346203,0.3796653796653796,-0.03719962624072215,0.004430858089394696,False,False,0,0,0,0,0.0,0,861.429790290514,0.0,38.0,78.0
579,2171,2021-04-28,Arizona Diamondbacks,San Diego Padres,0,143.0,-164.0,0.411522633744856,0.6212121212121212,0.4124033860875966,0.5875966139124034,0.0008807523427405983,-0.03361550729971785,False,False,0,0,0,0,0.0,0,861.429790290514,0.0,38.0,78.0
580,1096,2020-09-12,Arizona Diamondbacks,Seattle Mariners,0,-158.5,140.0,0.6131528046421664,0.4166666666666667,0.5934508816120907,0.4065491183879093,-0.019701923030075674,-0.010117548278757382,False,False,0,0,0,0,0.0,0,861.429790290514,0.0,38.0,78.0
581,777,2020-08-22,Oakland Athletics,Los Angeles Angels,0,-141.0,125.0,0.5850622406639004,0.4444444444444444,0.555768796568074,0.4442312034319259,-0.02929344409582646,-0.0002132410125185169,False,False,0,0,0,0,0.0,0,861.429790290514,0.0,38.0,78.0
582,3908,2021-09-05,Washington Nationals,New York Mets,0,130.0,-145.0,0.4347826086956521,0.5918367346938775,0.4239806246385194,0.5760193753614806,-0.01080198405713273,-0.01581735933239692,False,False,0,0,0,0,0.0,0,861.429790290514,0.0,38.0,78.0
583,5481,2022-06-07,Atlanta Braves,Oakland Athletics,1,-238.0,204.0,0.7041420118343196,0.3289473684210526,0.7575789696841213,0.2424210303158787,0.053436957849801736,-0.0865263381051739,True,False,0,1,0,0,43.0714895145257,0,818.3583007759883,0.0,38.0,79.0
584,3069,2021-07-03,Philadelphia Phillies,San Diego Padres,1,139.0,-161.0,0.4184100418410041,0.6168582375478927,0.4124033860875966,0.5875966139124034,-0.0060066557534075304,-0.029261623635489342,False,False,0,0,0,0,0.0,0,818.3583007759883,0.0,38.0,79.0
585,6519,2022-08-24,Seattle Mariners,Washington Nationals,0,-303.0,253.0,0.7518610421836228,0.28328611898017,0.7798774259448418,0.2201225740551582,0.028016383761218955,-0.06316354492501178,True,False,1,0,0,0,40.917915038799414,0,921.8806258241508,103.52232504816251,39.0,79.0
586,5230,2022-05-20,Kansas City Royals,Minnesota Twins,0,108.0,-125.0,0.4807692307692308,0.5555555555555556,0.4410070605722779,0.558992939427722,-0.039762170196952884,0.0034373838721664107,False,False,0,0,0,0,0.0,0,921.8806258241508,0.0,39.0,79.0
587,3703,2021-08-20,San Diego Padres,Philadelphia Phillies,0,-208.0,185.0,0.6753246753246753,0.3508771929824561,0.6953671328671329,0.3046328671328671,0.020042457542457592,-0.04624432584958904,True,False,1,0,0,0,40.917915038799414,0,997.5787686459297,75.69814282177892,40.0,79.0
588,4032,2021-09-14,Washington Nationals,Miami Marlins,1,-159.0,135.0,0.6138996138996139,0.425531914893617,0.5725206490539512,0.4274793509460489,-0.041378964845662725,0.0019474360524318612,False,False,0,0,0,0,0.0,0,997.5787686459297,0.0,40.0,79.0
589,487,2020-08-02,Chicago Cubs,Pittsburgh Pirates,1,-200.0,175.0,0.6666666666666666,0.3636363636363636,0.6471153846153845,0.3528846153846154,-0.019551282051282093,-0.010751748251748183,False,False,0,0,0,0,0.0,0,997.5787686459297,0.0,40.0,79.0
590,6661,2022-09-04,Baltimore Orioles,Oakland Athletics,0,-179.0,155.0,0.6415770609318996,0.392156862745098,0.6007425482787574,0.3992574517212426,-0.040834512653142196,0.007100588976144628,False,False,0,0,0,0,0.0,0,997.5787686459297,0.0,40.0,79.0
591,3140,2021-07-07,Seattle Mariners,New York Yankees,0,104.0,-120.0,0.4901960784313725,0.5454545454545454,0.4410070605722779,0.558992939427722,-0.049189017859094575,0.013538393973176577,False,True,0,1,0,0,49.878938432296486,0,947.6998302136332,0.0,40.0,80.0
592,6566,2022-08-27,Seattle Mariners,Cleveland Guardians,0,-179.0,152.0,0.6415770609318996,0.3968253968253968,0.6007425482787574,0.3992574517212426,-0.040834512653142196,0.0024320548958458033,False,False,0,0,0,0,0.0,0,947.6998302136332,0.0,40.0,80.0
593,8848,2023-06-27,Seattle Mariners,Washington Nationals,0,-230.0,195.0,0.696969696969697,0.3389830508474576,0.7575789696841213,0.2424210303158787,0.06060927271442429,-0.09656202053157892,True,False,1,0,0,0,49.878938432296486,0,1044.9637601566112,97.26392994297815,41.0,80.0
594,1959,2021-04-13,Houston Astros,Detroit Tigers,0,-185.0,165.0,0.6491228070175439,0.3773584905660377,0.6042616924229014,0.3957383075770985,-0.04486111459464248,0.018379817011060784,False,True,0,1,0,0,49.878938432296486,0,995.0848217243147,0.0,41.0,81.0
595,3026,2021-06-30,Colorado Rockies,Pittsburgh Pirates,1,-161.0,138.0,0.6168582375478927,0.4201680672268907,0.5934508816120907,0.4065491183879093,-0.02340735593580201,-0.013618948838981404,False,False,0,0,0,0,0.0,0,995.0848217243147,0.0,41.0,81.0
596,2000,2021-04-16,Oakland Athletics,Detroit Tigers,1,-182.0,160.0,0.6453900709219859,0.3846153846153846,0.6007425482787574,0.3992574517212426,-0.044647522643228466,0.014642067105858025,False,True,1,0,0,0,49.754241086215735,0,1022.422316826631,27.33749510231634,42.0,81.0
597,6956,2022-09-25,Kansas City Royals,Seattle Mariners,1,160.0,-185.0,0.3846153846153846,0.6491228070175439,0.3870572152305899,0.6129427847694102,0.0024418306152053093,-0.03618002224813366,False,False,0,0,0,0,0.0,0,1022.422316826631,0.0,42.0,81.0
598,6570,2022-08-28,Philadelphia Phillies,Pittsburgh Pirates,0,-303.0,250.0,0.7518610421836228,0.2857142857142857,0.7798774259448418,0.2201225740551582,0.028016383761218955,-0.0655917116591275,True,False,1,0,0,0,49.754241086215735,0,1146.8079195421703,124.38560271553933,43.0,81.0
599,5476,2022-06-07,Cincinnati Reds,Arizona Diamondbacks,1,-135.0,116.0,0.574468085106383,0.4629629629629629,0.5555451829723674,0.4444548170276325,-0.018922902134015596,-0.0185081459353304,False,False,0,0,0,0,0.0,0,1146.8079195421703,0.0,43.0,81.0
600,6955,2022-09-25,Cincinnati Reds,Milwaukee Brewers,1,130.0,-150.0,0.4347826086956521,0.6,0.4239806246385194,0.5760193753614806,-0.01080198405713273,-0.023980624638519354,False,False,0,0,0,0,0.0,0,1146.8079195421703,0.0,43.0,81.0
601,6157,2022-07-29,Toronto Blue Jays,Detroit Tigers,0,-392.5,312.5,0.7969543147208121,0.2424242424242424,0.809298135739982,0.190701864260018,0.012343821019169865,-0.0517223781642244,True,False,1,0,0,0,57.34039597710852,0,1325.9966569706344,179.18873742846412,44.0,81.0
602,6632,2022-09-02,New York Mets,Washington Nationals,1,-278.0,232.0,0.7354497354497355,0.3012048192771084,0.7798774259448418,0.2201225740551582,0.04442769049510631,-0.0810822452219502,True,False,0,1,0,0,57.34039597710852,0,1268.6562609935258,0.0,44.0,82.0
603,4794,2022-04-19,Kansas City Royals,Minnesota Twins,1,-104.5,-115.0,0.511002444987775,0.5348837209302325,0.4925860862913728,0.5074139137086273,-0.018416358696402235,-0.02746980722160519,False,False,0,0,0,0,0.0,0,1268.6562609935258,0.0,44.0,82.0
604,4146,2021-09-22,Colorado Rockies,Los Angeles Dodgers,1,180.0,-217.0,0.3571428571428571,0.6845425867507886,0.2974043715846994,0.7025956284153005,-0.059738485558157695,0.018053041664511937,False,True,1,0,0,0,57.34039597710852,0,1371.8689737523212,103.21271275879533,45.0,82.0
605,2828,2021-06-15,Oakland Athletics,Los Angeles Angels,1,-127.0,110.0,0.5594713656387665,0.4761904761904761,0.5416244022605419,0.4583755977394581,-0.017846963378224667,-0.017814878451018035,False,False,0,0,0,0,0.0,0,1371.8689737523212,0.0,45.0,82.0
606,5227,2022-05-20,Cleveland Guardians,Detroit Tigers,1,102.0,-118.0,0.495049504950495,0.5412844036697247,0.4839064688563016,0.5160935311436983,-0.01114303609419337,-0.025190872526026475,False,False,0,0,0,0,0.0,0,1371.8689737523212,0.0,45.0,82.0
607,6721,2022-09-08,Milwaukee Brewers,San Francisco Giants,1,-208.0,180.0,0.6753246753246753,0.3571428571428571,0.6778846153846154,0.3221153846153846,0.0025599400599400912,-0.035027472527472514,False,False,0,0,0,0,0.0,0,1371.8689737523212,0.0,45.0,82.0
608,1296,2020-09-26,Kansas City Royals,Detroit Tigers,0,-115.0,104.0,0.5348837209302325,0.4901960784313725,0.5309510141599694,0.4690489858400307,-0.003932706770263139,-0.021147092591341787,False,False,0,0,0,0,0.0,0,1371.8689737523212,0.0,45.0,82.0
609,7094,2022-10-05,Cincinnati Reds,Chicago Cubs,0,105.5,-120.0,0.48661800486618,0.5454545454545454,0.4410070605722779,0.558992939427722,-0.04561094429390211,0.013538393973176577,False,True,0,1,0,0,68.59344868761606,0,1303.275525064705,0.0,45.0,83.0
610,6755,2022-09-10,Seattle Mariners,Atlanta Braves,1,118.0,-135.0,0.4587155963302752,0.574468085106383,0.430161943319838,0.569838056680162,-0.02855365301043722,-0.004630028426221067,False,False,0,0,0,0,0.0,0,1303.275525064705,0.0,45.0,83.0
611,8308,2023-05-18,Miami Marlins,Washington Nationals,1,-149.5,130.0,0.5991983967935872,0.4347826086956521,0.5725206490539512,0.4274793509460489,-0.02667774773963605,-0.00730325774960322,False,False,0,0,0,0,0.0,0,1303.275525064705,0.0,45.0,83.0
612,6487,2022-08-21,Baltimore Orioles,Boston Red Sox,1,-101.0,-115.0,0.5024875621890548,0.5348837209302325,0.4839064688563016,0.5160935311436983,-0.01858109333275315,-0.01879018978653424,False,False,0,0,0,0,0.0,0,1303.275525064705,0.0,45.0,83.0
613,7067,2022-10-03,Seattle Mariners,Detroit Tigers,0,-250.0,205.0,0.7142857142857143,0.3278688524590163,0.7575789696841213,0.2424210303158787,0.043293255398407005,-0.08544782214313762,True,False,1,0,0,0,65.16377625323526,0,1436.8612663838373,133.58574131913227,46.0,83.0
614,8506,2023-06-02,New York Mets,Toronto Blue Jays,0,-136.5,116.0,0.5771670190274841,0.4629629629629629,0.5555451829723674,0.4444548170276325,-0.021621836055116694,-0.0185081459353304,False,False,0,0,0,0,0.0,0,1436.8612663838373,0.0,46.0,83.0
615,6859,2022-09-18,Cleveland Guardians,Minnesota Twins,0,-106.0,-109.0,0.5145631067961165,0.5215311004784688,0.5122503698224852,0.4877496301775147,-0.002312736973631324,-0.03378147030095413,False,False,0,0,0,0,0.0,0,1436.8612663838373,0.0,46.0,83.0
616,8423,2023-05-26,Oakland Athletics,Houston Astros,0,220.0,-265.0,0.3125,0.726027397260274,0.2057377049180327,0.7942622950819672,-0.1067622950819673,0.06823489782169323,False,True,0,1,0,0,71.84306331919187,0,1365.0182030646454,0.0,46.0,84.0
617,2025,2021-04-18,New York Yankees,Tampa Bay Rays,0,-250.0,210.0,0.7142857142857143,0.3225806451612903,0.7575789696841213,0.2424210303158787,0.043293255398407005,-0.08015961484541162,True,False,1,0,0,0,71.84306331919187,0,1515.8886360349484,150.87043297030294,47.0,84.0
618,578,2020-08-08,Kansas City Royals,Minnesota Twins,1,148.0,-164.0,0.4032258064516129,0.6212121212121212,0.3870572152305899,0.6129427847694102,-0.016168591221022988,-0.008269336442710995,False,False,0,0,0,0,0.0,0,1515.8886360349484,0.0,47.0,84.0
619,7071,2022-10-04,Texas Rangers,New York Yankees,0,110.0,-125.0,0.4761904761904761,0.5555555555555556,0.4410070605722779,0.558992939427722,-0.03518341561819821,0.0034373838721664107,False,False,0,0,0,0,0.0,0,1515.8886360349484,0.0,47.0,84.0
620,6528,2022-08-25,Tampa Bay Rays,Los Angeles Angels,1,-182.0,155.0,0.6453900709219859,0.392156862745098,0.6007425482787574,0.3992574517212426,-0.044647522643228466,0.007100588976144628,False,False,0,0,0,0,0.0,0,1515.8886360349484,0.0,47.0,84.0
621,7103,2022-10-05,Milwaukee Brewers,Arizona Diamondbacks,0,-172.0,150.0,0.6323529411764706,0.4,0.5955342149454239,0.404465785054576,-0.03681872623104665,0.004465785054575955,False,False,0,0,0,0,0.0,0,1515.8886360349484,0.0,47.0,84.0
622,7987,2023-04-24,Los Angeles Angels,Oakland Athletics,0,-205.0,175.0,0.6721311475409836,0.3636363636363636,0.6471153846153845,0.3528846153846154,-0.02501576292559904,-0.010751748251748183,False,False,0,0,0,0,0.0,0,1515.8886360349484,0.0,47.0,84.0
623,3907,2021-09-04,Los Angeles Angels,Texas Rangers,1,-164.0,143.0,0.6212121212121212,0.411522633744856,0.5955342149454239,0.404465785054576,-0.025677906266697303,-0.007056848690280004,False,False,0,0,0,0,0.0,0,1515.8886360349484,0.0,47.0,84.0
624,3757,2021-08-25,Houston Astros,Kansas City Royals,1,-233.0,200.0,0.6996996996996997,0.3333333333333333,0.7575789696841213,0.2424210303158787,0.05787926998442161,-0.09091230301745462,True,False,0,1,0,0,75.79443180174742,0,1440.094204233201,0.0,47.0,85.0
625,5855,2022-07-04,Arizona Diamondbacks,San Francisco Giants,1,158.0,-182.0,0.3875968992248062,0.6453900709219859,0.3870572152305899,0.6129427847694102,-0.0005396839942163334,-0.03244728615257564,False,False,0,0,0,0,0.0,0,1440.094204233201,0.0,47.0,85.0
626,6635,2022-09-02,Tampa Bay Rays,New York Yankees,1,-125.0,110.0,0.5555555555555556,0.4761904761904761,0.5416244022605419,0.4583755977394581,-0.01393115329501371,-0.017814878451018035,False,False,0,0,0,0,0.0,0,1440.094204233201,0.0,47.0,85.0
627,8499,2023-06-01,Boston Red Sox,Cincinnati Reds,1,-162.0,140.0,0.6183206106870229,0.4166666666666667,0.5955342149454239,0.404465785054576,-0.02278639574159902,-0.012200881612090708,False,False,0,0,0,0,0.0,0,1440.094204233201,0.0,47.0,85.0
628,1988,2021-04-15,Oakland Athletics,Detroit Tigers,1,-164.0,140.0,0.6212121212121212,0.4166666666666667,0.5955342149454239,0.404465785054576,-0.025677906266697303,-0.012200881612090708,False,False,0,0,0,0,0.0,0,1440.094204233201,0.0,47.0,85.0
629,7906,2023-04-18,Colorado Rockies,Pittsburgh Pirates,0,-104.0,-112.0,0.5098039215686274,0.5283018867924528,0.5122503698224852,0.4877496301775147,0.002446448253857758,-0.04055225661493811,False,False,0,0,0,0,0.0,0,1440.094204233201,0.0,47.0,85.0
630,6475,2022-08-21,Philadelphia Phillies,New York Mets,0,-130.0,110.0,0.5652173913043478,0.4761904761904761,0.5416244022605419,0.4583755977394581,-0.023592989043805912,-0.017814878451018035,False,False,0,0,0,0,0.0,0,1440.094204233201,0.0,47.0,85.0
631,2878,2021-06-19,Texas Rangers,Minnesota Twins,0,-132.0,112.0,0.5689655172413793,0.4716981132075472,0.5416244022605419,0.4583755977394581,-0.027341114980837466,-0.013322515468089102,False,False,0,0,0,0,0.0,0,1440.094204233201,0.0,47.0,85.0
632,6438,2022-08-18,Pittsburgh Pirates,Boston Red Sox,1,135.0,-154.0,0.425531914893617,0.6062992125984252,0.4124033860875966,0.5875966139124034,-0.013128528806020445,-0.018702598686021865,False,False,0,0,0,0,0.0,0,1440.094204233201,0.0,47.0,85.0
633,2289,2021-05-07,Atlanta Braves,Philadelphia Phillies,0,-175.0,150.0,0.6363636363636364,0.4,0.6007425482787574,0.3992574517212426,-0.03562108808487896,-0.0007425482787574156,False,False,0,0,0,0,0.0,0,1440.094204233201,0.0,47.0,85.0
634,6365,2022-08-13,New York Mets,Philadelphia Phillies,1,-192.0,165.0,0.6575342465753424,0.3773584905660377,0.6203346203346203,0.3796653796653796,-0.03719962624072215,0.0023068890993419022,False,False,0,0,0,0,0.0,0,1440.094204233201,0.0,47.0,85.0
635,641,2020-08-12,Los Angeles Dodgers,San Diego Padres,1,-164.0,144.0,0.6212121212121212,0.4098360655737705,0.5955342149454239,0.404465785054576,-0.025677906266697303,-0.005370280519194526,False,False,0,0,0,0,0.0,0,1440.094204233201,0.0,47.0,85.0
636,798,2020-08-23,Los Angeles Dodgers,Colorado Rockies,1,-227.0,195.0,0.6941896024464832,0.3389830508474576,0.7575789696841213,0.2424210303158787,0.0633893672376381,-0.09656202053157892,True,False,0,1,0,0,72.00471021166005,0,1368.089494021541,0.0,47.0,86.0
637,2725,2021-06-08,Miami Marlins,Colorado Rockies,1,-179.0,160.0,0.6415770609318996,0.3846153846153846,0.6007425482787574,0.3992574517212426,-0.040834512653142196,0.014642067105858025,False,True,1,0,0,0,72.00471021166005,0,1408.3155891118538,40.226095090312874,48.0,86.0
638,2985,2021-06-27,New York Mets,Philadelphia Phillies,0,-127.0,110.0,0.5594713656387665,0.4761904761904761,0.5416244022605419,0.4583755977394581,-0.017846963378224667,-0.017814878451018035,False,False,0,0,0,0,0.0,0,1408.3155891118538,0.0,48.0,86.0
639,6253,2022-08-05,Philadelphia Phillies,Washington Nationals,1,-200.0,172.0,0.6666666666666666,0.3676470588235294,0.6471153846153845,0.3528846153846154,-0.019551282051282093,-0.014762443438913975,False,False,0,0,0,0,0.0,0,1408.3155891118538,0.0,48.0,86.0
640,5849,2022-07-04,Baltimore Orioles,Texas Rangers,1,-108.0,-110.0,0.5192307692307693,0.5238095238095238,0.5122503698224852,0.4877496301775147,-0.006980399408284099,-0.03605989363200912,False,False,0,0,0,0,0.0,0,1408.3155891118538,0.0,48.0,86.0
641,519,2020-08-04,Seattle Mariners,Los Angeles Angels,0,170.0,-192.0,0.3703703703703703,0.6575342465753424,0.3604465709728868,0.6395534290271132,-0.009923799397483501,-0.017980817548229222,False,False,0,0,0,0,0.0,0,1408.3155891118538,0.0,48.0,86.0
642,3158,2021-07-09,Miami Marlins,Atlanta Braves,0,116.0,-135.0,0.4629629629629629,0.574468085106383,0.430161943319838,0.569838056680162,-0.03280101964312493,-0.004630028426221067,False,False,0,0,0,0,0.0,0,1408.3155891118538,0.0,48.0,86.0
643,2547,2021-05-26,Tampa Bay Rays,Kansas City Royals,1,-215.0,185.0,0.6825396825396826,0.3508771929824561,0.7185232220609579,0.2814767779390421,0.03598353952127531,-0.06940041504341404,True,False,0,1,0,0,70.4157794555927,0,1337.8998096562611,0.0,48.0,87.0
644,2995,2021-06-27,San Diego Padres,Arizona Diamondbacks,1,-278.0,230.0,0.7354497354497355,0.303030303030303,0.7798774259448418,0.2201225740551582,0.04442769049510631,-0.08290772897514478,True,False,0,1,0,0,70.4157794555927,0,1267.4840302006685,0.0,48.0,88.0
645,5709,2022-06-24,New York Yankees,Houston Astros,0,-125.0,110.0,0.5555555555555556,0.4761904761904761,0.5416244022605419,0.4583755977394581,-0.01393115329501371,-0.017814878451018035,False,False,0,0,0,0,0.0,0,1267.4840302006685,0.0,48.0,88.0
646,8267,2023-05-15,Boston Red Sox,Seattle Mariners,0,104.0,-120.0,0.4901960784313725,0.5454545454545454,0.4410070605722779,0.558992939427722,-0.049189017859094575,0.013538393973176577,False,True,0,1,0,0,63.37420151003343,0,1204.1098286906351,0.0,48.0,89.0
647,1029,2020-09-08,Washington Nationals,Tampa Bay Rays,1,141.0,-159.0,0.4149377593360996,0.6138996138996139,0.4124033860875966,0.5875966139124034,-0.00253437324850303,-0.02630299998721053,False,False,0,0,0,0,0.0,0,1204.1098286906351,0.0,48.0,89.0
648,8307,2023-05-18,New York Mets,Tampa Bay Rays,1,-105.0,-110.0,0.5121951219512195,0.5238095238095238,0.5122503698224852,0.4877496301775147,5.524787126565123e-05,-0.03605989363200912,False,False,0,0,0,0,0.0,0,1204.1098286906351,0.0,48.0,89.0
649,7074,2022-10-04,New York Mets,Washington Nationals,1,-265.0,220.0,0.726027397260274,0.3125,0.7798774259448418,0.2201225740551582,0.053850028684567786,-0.0923774259448418,True,False,0,1,0,0,63.37420151003343,0,1140.7356271806018,0.0,48.0,90.0
650,7772,2023-04-09,Tampa Bay Rays,Oakland Athletics,1,-300.0,253.0,0.75,0.28328611898017,0.7798774259448418,0.2201225740551582,0.029877425944841773,-0.06316354492501178,True,False,0,1,0,0,57.036781359030094,0,1083.6988458215717,0.0,48.0,91.0
651,5755,2022-06-27,Toronto Blue Jays,Boston Red Sox,1,-185.0,160.0,0.6491228070175439,0.3846153846153846,0.6007425482787574,0.3992574517212426,-0.048380258738786486,0.014642067105858025,False,True,1,0,0,0,57.036781359030094,0,1114.5295384480744,30.830692626502756,49.0,91.0
652,3313,2021-07-23,Minnesota Twins,Los Angeles Angels,1,117.0,-133.0,0.4608294930875576,0.5708154506437768,0.430161943319838,0.569838056680162,-0.030667549767719626,-0.0009773939636148476,False,False,0,0,0,0,0.0,0,1114.5295384480744,0.0,49.0,91.0
653,8840,2023-06-27,New York Mets,Milwaukee Brewers,1,-141.0,123.0,0.5850622406639004,0.4484304932735426,0.555768796568074,0.4442312034319259,-0.02929344409582646,-0.004199289841616716,False,False,0,0,0,0,0.0,0,1114.5295384480744,0.0,49.0,91.0
654,2652,2021-06-02,Atlanta Braves,Washington Nationals,0,-159.0,139.0,0.6138996138996139,0.4184100418410041,0.5934508816120907,0.4065491183879093,-0.020448732287523197,-0.011860923453094807,False,False,0,0,0,0,0.0,0,1114.5295384480744,0.0,49.0,91.0
655,2283,2021-05-07,Baltimore Orioles,Boston Red Sox,0,142.5,-164.0,0.4123711340206185,0.6212121212121212,0.4124033860875966,0.5875966139124034,3.2252066978100125e-05,-0.03361550729971785,False,False,0,0,0,0,0.0,0,1114.5295384480744,0.0,49.0,91.0
656,807,2020-08-24,Detroit Tigers,Chicago Cubs,0,125.0,-140.0,0.4444444444444444,0.5833333333333334,0.430161943319838,0.569838056680162,-0.01428250112460644,-0.013495276653171406,False,False,0,0,0,0,0.0,0,1114.5295384480744,0.0,49.0,91.0
657,8252,2023-05-14,Toronto Blue Jays,Atlanta Braves,1,-110.0,-105.5,0.5238095238095238,0.51338199513382,0.5193632429568136,0.4806367570431865,-0.00444628085271026,-0.03274523809063351,False,False,0,0,0,0,0.0,0,1114.5295384480744,0.0,49.0,91.0
658,3264,2021-07-20,Oakland Athletics,Los Angeles Angels,1,-149.0,130.0,0.5983935742971888,0.4347826086956521,0.5725206490539512,0.4274793509460489,-0.025872925243237588,-0.00730325774960322,False,False,0,0,0,0,0.0,0,1114.5295384480744,0.0,49.0,91.0
659,6871,2022-09-19,Baltimore Orioles,Detroit Tigers,0,-192.0,165.0,0.6575342465753424,0.3773584905660377,0.6203346203346203,0.3796653796653796,-0.03719962624072215,0.0023068890993419022,False,False,0,0,0,0,0.0,0,1114.5295384480744,0.0,49.0,91.0
660,5453,2022-06-05,New York Yankees,Detroit Tigers,1,-312.0,255.0,0.7572815533980582,0.2816901408450704,0.7798774259448418,0.2201225740551582,0.022595872546783524,-0.06156756678991218,True,False,0,1,0,0,55.72647692240372,0,1058.8030615256707,0.0,49.0,92.0
661,5046,2022-05-07,San Diego Padres,Miami Marlins,0,-125.0,110.0,0.5555555555555556,0.4761904761904761,0.5416244022605419,0.4583755977394581,-0.01393115329501371,-0.017814878451018035,False,False,0,0,0,0,0.0,0,1058.8030615256707,0.0,49.0,92.0
662,3957,2021-09-08,New York Yankees,Toronto Blue Jays,0,-120.0,105.0,0.5454545454545454,0.4878048780487805,0.5309510141599694,0.4690489858400307,-0.014503531294576044,-0.01875589220874979,False,False,0,0,0,0,0.0,0,1058.8030615256707,0.0,49.0,92.0
663,6957,2022-09-25,Minnesota Twins,Los Angeles Angels,0,-111.0,-104.0,0.5260663507109005,0.5098039215686274,0.5193632429568136,0.4806367570431865,-0.00670310775408689,-0.029167164525440936,False,False,0,0,0,0,0.0,0,1058.8030615256707,0.0,49.0,92.0
664,5270,2022-05-23,Washington Nationals,Los Angeles Dodgers,0,185.0,-213.0,0.3508771929824561,0.6805111821086262,0.2974043715846994,0.7025956284153005,-0.05347282139775672,0.022084446306674388,False,True,0,1,0,0,55.72647692240372,0,1003.0765846032671,0.0,49.0,93.0
665,7948,2023-04-22,New York Yankees,Toronto Blue Jays,1,-169.0,150.0,0.6282527881040892,0.4,0.5955342149454239,0.404465785054576,-0.03271857315866533,0.004465785054575955,False,False,0,0,0,0,0.0,0,1003.0765846032671,0.0,49.0,93.0
666,5007,2022-05-04,Colorado Rockies,Washington Nationals,1,-145.0,128.0,0.5918367346938775,0.4385964912280701,0.5725206490539512,0.4274793509460489,-0.019316085639926373,-0.01111714028202121,False,False,0,0,0,0,0.0,0,1003.0765846032671,0.0,49.0,93.0
667,4110,2021-09-19,Los Angeles Angels,Oakland Athletics,0,104.0,-115.0,0.4901960784313725,0.5348837209302325,0.4839064688563016,0.5160935311436983,-0.006289609575070854,-0.01879018978653424,False,False,0,0,0,0,0.0,0,1003.0765846032671,0.0,49.0,93.0
668,3115,2021-07-06,Houston Astros,Oakland Athletics,1,-149.0,135.0,0.5983935742971888,0.425531914893617,0.5725206490539512,0.4274793509460489,-0.025872925243237588,0.0019474360524318612,False,False,0,0,0,0,0.0,0,1003.0765846032671,0.0,49.0,93.0
669,3860,2021-09-01,Detroit Tigers,Oakland Athletics,1,143.0,-164.0,0.411522633744856,0.6212121212121212,0.4124033860875966,0.5875966139124034,0.0008807523427405983,-0.03361550729971785,False,False,0,0,0,0,0.0,0,1003.0765846032671,0.0,49.0,93.0
670,3896,2021-09-04,Toronto Blue Jays,Oakland Athletics,1,-172.0,150.0,0.6323529411764706,0.4,0.5955342149454239,0.404465785054576,-0.03681872623104665,0.004465785054575955,False,False,0,0,0,0,0.0,0,1003.0765846032671,0.0,49.0,93.0
671,2434,2021-05-18,Toronto Blue Jays,Boston Red Sox,1,-135.0,120.0,0.574468085106383,0.4545454545454545,0.5555451829723674,0.4444548170276325,-0.018922902134015596,-0.010090637517821965,False,False,0,0,0,0,0.0,0,1003.0765846032671,0.0,49.0,93.0
672,2888,2021-06-20,Washington Nationals,New York Mets,1,105.0,-122.0,0.4878048780487805,0.5495495495495496,0.4410070605722779,0.558992939427722,-0.04679781747650258,0.009443389878172392,False,False,0,0,0,0,0.0,0,1003.0765846032671,0.0,49.0,93.0
673,5457,2022-06-05,Toronto Blue Jays,Minnesota Twins,0,-208.0,178.5,0.6753246753246753,0.3590664272890485,0.6778846153846154,0.3221153846153846,0.0025599400599400912,-0.03695104267366389,False,False,0,0,0,0,0.0,0,1003.0765846032671,0.0,49.0,93.0
674,8578,2023-06-07,Cincinnati Reds,Los Angeles Dodgers,1,143.0,-165.0,0.411522633744856,0.6226415094339622,0.4124033860875966,0.5875966139124034,0.0008807523427405983,-0.03504489552155887,False,False,0,0,0,0,0.0,0,1003.0765846032671,0.0,49.0,93.0
675,5123,2022-05-13,Washington Nationals,Houston Astros,0,135.0,-156.0,0.425531914893617,0.609375,0.4124033860875966,0.5875966139124034,-0.013128528806020445,-0.021778386087596635,False,False,0,0,0,0,0.0,0,1003.0765846032671,0.0,49.0,93.0
676,3014,2021-06-29,Cincinnati Reds,San Diego Padres,0,137.0,-161.0,0.4219409282700422,0.6168582375478927,0.4124033860875966,0.5875966139124034,-0.009537542182445624,-0.029261623635489342,False,False,0,0,0,0,0.0,0,1003.0765846032671,0.0,49.0,93.0
677,8449,2023-05-28,Colorado Rockies,New York Mets,1,125.0,-145.0,0.4444444444444444,0.5918367346938775,0.4239806246385194,0.5760193753614806,-0.020463819805925043,-0.01581735933239692,False,False,0,0,0,0,0.0,0,1003.0765846032671,0.0,49.0,93.0
678,3458,2021-08-03,Cincinnati Reds,Minnesota Twins,0,-133.0,116.0,0.5708154506437768,0.4629629629629629,0.5555451829723674,0.4444548170276325,-0.015270267671409377,-0.0185081459353304,False,False,0,0,0,0,0.0,0,1003.0765846032671,0.0,49.0,93.0
679,5540,2022-06-11,Detroit Tigers,Toronto Blue Jays,1,205.0,-244.0,0.3278688524590163,0.7093023255813954,0.2628805620608899,0.7371194379391101,-0.06498829039812642,0.02781711235771467,False,True,1,0,0,0,50.15382923016335,0,1105.891934525102,102.81534992183487,50.0,93.0
680,1198,2020-09-19,Baltimore Orioles,Tampa Bay Rays,0,160.0,-180.5,0.3846153846153846,0.64349376114082,0.3870572152305899,0.6129427847694102,0.0024418306152053093,-0.0305509763714098,False,False,0,0,0,0,0.0,0,1105.891934525102,0.0,50.0,93.0
681,6301,2022-08-08,Arizona Diamondbacks,Pittsburgh Pirates,1,-250.0,205.0,0.7142857142857143,0.3278688524590163,0.7575789696841213,0.2424210303158787,0.043293255398407005,-0.08544782214313762,True,False,0,1,0,0,55.2945967262551,0,1050.5973377988469,0.0,50.0,94.0
682,6008,2022-07-15,Cleveland Guardians,Detroit Tigers,1,-183.5,160.0,0.6472663139329806,0.3846153846153846,0.6007425482787574,0.3992574517212426,-0.046523765654223226,0.014642067105858025,False,True,1,0,0,0,55.2945967262551,0,1080.7306330175145,30.133295218667634,51.0,94.0
683,2479,2021-05-21,Texas Rangers,Houston Astros,1,110.0,-127.0,0.4761904761904761,0.5594713656387665,0.4410070605722779,0.558992939427722,-0.03518341561819821,-0.00047842621104454697,False,False,0,0,0,0,0.0,0,1080.7306330175145,0.0,51.0,94.0
684,5351,2022-05-29,Boston Red Sox,Baltimore Orioles,1,-189.0,163.0,0.6539792387543253,0.3802281368821292,0.6042616924229014,0.3957383075770985,-0.04971754633142389,0.015510170694969294,False,True,1,0,0,0,55.2945967262551,0,1109.9870334017764,29.256400384261955,52.0,94.0
685,6383,2022-08-14,Texas Rangers,Seattle Mariners,1,105.0,-120.0,0.4878048780487805,0.5454545454545454,0.4410070605722779,0.558992939427722,-0.04679781747650258,0.013538393973176577,False,True,1,0,0,0,55.49935167008883,0,1168.2613526553698,58.27431925359327,53.0,94.0
686,6861,2022-09-18,Milwaukee Brewers,New York Yankees,0,155.0,-175.0,0.392156862745098,0.6363636363636364,0.3870572152305899,0.6129427847694102,-0.005099647514508088,-0.023420851594226133,False,False,0,0,0,0,0.0,0,1168.2613526553698,0.0,53.0,94.0
687,3749,2021-08-24,Miami Marlins,Washington Nationals,0,-105.0,-112.0,0.5121951219512195,0.5283018867924528,0.5122503698224852,0.4877496301775147,5.524787126565123e-05,-0.04055225661493811,False,False,0,0,0,0,0.0,0,1168.2613526553698,0.0,53.0,94.0
688,2520,2021-05-24,Minnesota Twins,Baltimore Orioles,1,-110.0,-105.0,0.5238095238095238,0.5121951219512195,0.5193632429568136,0.4806367570431865,-0.00444628085271026,-0.03155836490803304,False,False,0,0,0,0,0.0,0,1168.2613526553698,0.0,53.0,94.0
689,6512,2022-08-23,Seattle Mariners,Washington Nationals,1,-270.0,225.0,0.7297297297297297,0.3076923076923077,0.7798774259448418,0.2201225740551582,0.05014769621511206,-0.08756973363714951,True,False,0,1,0,0,55.49935167008883,0,1112.762000985281,0.0,53.0,95.0
690,4805,2022-04-20,Los Angeles Dodgers,Atlanta Braves,1,-137.0,120.0,0.5780590717299579,0.4545454545454545,0.5555451829723674,0.4444548170276325,-0.022513888757590417,-0.010090637517821965,False,False,0,0,0,0,0.0,0,1112.762000985281,0.0,53.0,95.0
691,6974,2022-09-27,Boston Red Sox,Baltimore Orioles,1,-129.0,112.0,0.5633187772925764,0.4716981132075472,0.5416244022605419,0.4583755977394581,-0.02169437503203453,-0.013322515468089102,False,False,0,0,0,0,0.0,0,1112.762000985281,0.0,53.0,95.0
692,2449,2021-05-19,Philadelphia Phillies,Miami Marlins,0,-123.0,110.0,0.5515695067264574,0.4761904761904761,0.5416244022605419,0.4583755977394581,-0.009945104465915566,-0.017814878451018035,False,False,0,0,0,0,0.0,0,1112.762000985281,0.0,53.0,95.0
693,8671,2023-06-14,Boston Red Sox,Colorado Rockies,1,-240.0,200.0,0.7058823529411765,0.3333333333333333,0.7575789696841213,0.2424210303158787,0.05169661674294479,-0.09091230301745462,True,False,0,1,0,0,55.638100049264054,0,1057.123900936017,0.0,53.0,96.0
694,2023,2021-04-18,Washington Nationals,Arizona Diamondbacks,0,-200.0,173.0,0.6666666666666666,0.3663003663003663,0.6471153846153845,0.3528846153846154,-0.019551282051282093,-0.013415750915750868,False,False,0,0,0,0,0.0,0,1057.123900936017,0.0,53.0,96.0
695,4116,2021-09-20,Miami Marlins,Washington Nationals,1,-109.0,-107.5,0.5215311004784688,0.5180722891566265,0.5122503698224852,0.4877496301775147,-0.009280730655983671,-0.030322658979111794,False,False,0,0,0,0,0.0,0,1057.123900936017,0.0,53.0,96.0
696,1213,2020-09-20,Colorado Rockies,Los Angeles Dodgers,1,175.0,-204.0,0.3636363636363636,0.6710526315789473,0.3354465709728867,0.6645534290271132,-0.028189792663476876,-0.006499202551834116,False,False,0,0,0,0,0.0,0,1057.123900936017,0.0,53.0,96.0
697,3126,2021-07-07,Pittsburgh Pirates,Atlanta Braves,0,135.0,-154.0,0.425531914893617,0.6062992125984252,0.4124033860875966,0.5875966139124034,-0.013128528806020445,-0.018702598686021865,False,False,0,0,0,0,0.0,0,1057.123900936017,0.0,53.0,96.0
698,4181,2021-09-24,Oakland Athletics,Houston Astros,1,-120.0,108.0,0.5454545454545454,0.4807692307692308,0.5309510141599694,0.4690489858400307,-0.014503531294576044,-0.011720244929200097,False,False,0,0,0,0,0.0,0,1057.123900936017,0.0,53.0,96.0
699,3350,2021-07-26,Philadelphia Phillies,Washington Nationals,1,-119.0,103.5,0.54337899543379,0.4914004914004914,0.5309510141599694,0.4690489858400307,-0.01242798127382061,-0.022351505560460727,False,False,0,0,0,0,0.0,0,1057.123900936017,0.0,53.0,96.0
700,8205,2023-05-10,Los Angeles Angels,Houston Astros,0,105.0,-124.0,0.4878048780487805,0.5535714285714286,0.4410070605722779,0.558992939427722,-0.04679781747650258,0.005421510856293388,False,False,0,0,0,0,0.0,0,1057.123900936017,0.0,53.0,96.0
701,1179,2020-09-18,Boston Red Sox,New York Yankees,0,166.0,-189.0,0.3759398496240601,0.6539792387543253,0.3870572152305899,0.6129427847694102,0.011117365606529817,-0.04103645398491507,True,False,1,0,0,0,52.85619504680085,0,1085.09014170152,27.966240765503095,54.0,96.0
702,3249,2021-07-18,Arizona Diamondbacks,Chicago Cubs,1,100.0,-118.0,0.5,0.5412844036697247,0.4839064688563016,0.5160935311436983,-0.01609353114369838,-0.025190872526026475,False,False,0,0,0,0,0.0,0,1085.09014170152,0.0,54.0,96.0
703,8166,2023-05-07,Los Angeles Angels,Texas Rangers,0,-120.0,106.0,0.5454545454545454,0.4854368932038835,0.5309510141599694,0.4690489858400307,-0.014503531294576044,-0.016387907363852816,False,False,0,0,0,0,0.0,0,1085.09014170152,0.0,54.0,96.0
704,6656,2022-09-03,Los Angeles Dodgers,San Diego Padres,1,-213.0,185.0,0.6805111821086262,0.3508771929824561,0.6953671328671329,0.3046328671328671,0.014855950758506764,-0.04624432584958904,True,False,0,1,0,0,52.85619504680085,0,1032.2339466547191,0.0,54.0,97.0
705,6092,2022-07-24,Detroit Tigers,Minnesota Twins,0,153.5,-175.0,0.3944773175542406,0.6363636363636364,0.3870572152305899,0.6129427847694102,-0.007420102323650701,-0.023420851594226133,False,False,0,0,0,0,0.0,0,1032.2339466547191,0.0,54.0,97.0
706,8292,2023-05-17,Colorado Rockies,Cincinnati Reds,1,-115.0,100.0,0.5348837209302325,0.5,0.5309510141599694,0.4690489858400307,-0.003932706770263139,-0.030951014159969314,False,False,0,0,0,0,0.0,0,1032.2339466547191,0.0,54.0,97.0
707,6884,2022-09-20,Atlanta Braves,Washington Nationals,1,-325.0,275.0,0.7647058823529411,0.2666666666666666,0.7798774259448418,0.2201225740551582,0.01517154359190065,-0.04654409261150841,True,False,0,1,0,0,51.61169733273596,0,980.6222493219832,0.0,54.0,98.0
708,973,2020-09-04,New York Mets,Philadelphia Phillies,0,-125.0,114.0,0.5555555555555556,0.4672897196261682,0.5416244022605419,0.4583755977394581,-0.01393115329501371,-0.008914121886710147,False,False,0,0,0,0,0.0,0,980.6222493219832,0.0,54.0,98.0
709,8538,2023-06-04,Cincinnati Reds,Milwaukee Brewers,0,-110.0,-106.0,0.5238095238095238,0.5145631067961165,0.5193632429568136,0.4806367570431865,-0.00444628085271026,-0.03392634975293002,False,False,0,0,0,0,0.0,0,980.6222493219832,0.0,54.0,98.0
710,7898,2023-04-18,Cincinnati Reds,Tampa Bay Rays,0,100.0,-118.0,0.5,0.5412844036697247,0.4839064688563016,0.5160935311436983,-0.01609353114369838,-0.025190872526026475,False,False,0,0,0,0,0.0,0,980.6222493219832,0.0,54.0,98.0
711,1218,2020-09-20,Chicago Cubs,Minnesota Twins,0,-152.0,135.0,0.6031746031746031,0.425531914893617,0.5725206490539512,0.4274793509460489,-0.03065395412065197,0.0019474360524318612,False,False,0,0,0,0,0.0,0,980.6222493219832,0.0,54.0,98.0
712,4955,2022-05-01,Pittsburgh Pirates,San Diego Padres,0,167.0,-192.0,0.3745318352059925,0.6575342465753424,0.3870572152305899,0.6129427847694102,0.01252538002459741,-0.04459146180593221,True,False,1,0,0,0,49.03111246609916,0,1006.1592870647431,25.53703774275998,55.0,98.0
713,6819,2022-09-15,Arizona Diamondbacks,San Diego Padres,1,140.0,-175.0,0.4166666666666667,0.6363636363636364,0.3870572152305899,0.6129427847694102,-0.029609451436076795,-0.023420851594226133,False,False,0,0,0,0,0.0,0,1006.1592870647431,0.0,55.0,98.0
714,8657,2023-06-13,Texas Rangers,Los Angeles Angels,0,-132.0,110.0,0.5689655172413793,0.4761904761904761,0.5416244022605419,0.4583755977394581,-0.027341114980837466,-0.017814878451018035,False,False,0,0,0,0,0.0,0,1006.1592870647431,0.0,55.0,98.0
715,8093,2023-05-02,Texas Rangers,Arizona Diamondbacks,1,124.5,-143.0,0.44543429844098,0.588477366255144,0.430161943319838,0.569838056680162,-0.015272355121142,-0.018639309574982055,False,False,0,0,0,0,0.0,0,1006.1592870647431,0.0,55.0,98.0
716,4034,2021-09-14,Toronto Blue Jays,Tampa Bay Rays,0,-135.0,116.0,0.574468085106383,0.4629629629629629,0.5555451829723674,0.4444548170276325,-0.018922902134015596,-0.0185081459353304,False,False,0,0,0,0,0.0,0,1006.1592870647431,0.0,55.0,98.0
717,6619,2022-08-31,Arizona Diamondbacks,Philadelphia Phillies,0,120.0,-137.0,0.4545454545454545,0.5780590717299579,0.430161943319838,0.569838056680162,-0.024383511225616494,-0.008221015049795888,False,False,0,0,0,0,0.0,0,1006.1592870647431,0.0,55.0,98.0
718,4136,2021-09-21,Oakland Athletics,Seattle Mariners,0,-127.0,110.0,0.5594713656387665,0.4761904761904761,0.5416244022605419,0.4583755977394581,-0.017846963378224667,-0.017814878451018035,False,False,0,0,0,0,0.0,0,1006.1592870647431,0.0,55.0,98.0
719,781,2020-08-22,Atlanta Braves,Philadelphia Phillies,1,105.0,-119.5,0.4878048780487805,0.5444191343963554,0.4410070605722779,0.558992939427722,-0.04679781747650258,0.014573805031366627,False,True,1,0,0,0,50.30796435323716,0,1058.9826496356422,52.82336257089902,56.0,98.0
720,5582,2022-06-14,Texas Rangers,Houston Astros,0,110.0,-125.0,0.4761904761904761,0.5555555555555556,0.4410070605722779,0.558992939427722,-0.03518341561819821,0.0034373838721664107,False,False,0,0,0,0,0.0,0,1058.9826496356422,0.0,56.0,98.0
721,7876,2023-04-16,Los Angeles Dodgers,Chicago Cubs,0,-240.0,200.0,0.7058823529411765,0.3333333333333333,0.7575789696841213,0.2424210303158787,0.05169661674294479,-0.09091230301745462,True,False,1,0,0,0,52.949132481782115,0,1164.8809145992066,105.89826496356423,57.0,98.0
722,3317,2021-07-23,Seattle Mariners,Oakland Athletics,1,100.0,-115.0,0.5,0.5348837209302325,0.4839064688563016,0.5160935311436983,-0.01609353114369838,-0.01879018978653424,False,False,0,0,0,0,0.0,0,1164.8809145992066,0.0,57.0,98.0
723,3424,2021-07-31,New York Mets,Cincinnati Reds,1,-120.0,105.0,0.5454545454545454,0.4878048780487805,0.5309510141599694,0.4690489858400307,-0.014503531294576044,-0.01875589220874979,False,False,0,0,0,0,0.0,0,1164.8809145992066,0.0,57.0,98.0
724,2353,2021-05-12,Washington Nationals,Philadelphia Phillies,0,123.0,-141.0,0.4484304932735426,0.5850622406639004,0.430161943319838,0.569838056680162,-0.018268549953704638,-0.015224183983738482,False,False,0,0,0,0,0.0,0,1164.8809145992066,0.0,57.0,98.0
725,1960,2021-04-13,Kansas City Royals,Los Angeles Angels,1,116.5,-129.0,0.4618937644341801,0.5633187772925764,0.4410070605722779,0.558992939427722,-0.020886703861902223,-0.004325837864854409,False,False,0,0,0,0,0.0,0,1164.8809145992066,0.0,57.0,98.0
726,8850,2023-06-27,Oakland Athletics,New York Yankees,1,120.0,-140.0,0.4545454545454545,0.5833333333333334,0.430161943319838,0.569838056680162,-0.024383511225616494,-0.013495276653171406,False,False,0,0,0,0,0.0,0,1164.8809145992066,0.0,57.0,98.0
727,3830,2021-08-30,Tampa Bay Rays,Boston Red Sox,1,-133.0,115.0,0.5708154506437768,0.4651162790697674,0.5555451829723674,0.4444548170276325,-0.015270267671409377,-0.02066146204213487,False,False,0,0,0,0,0.0,0,1164.8809145992066,0.0,57.0,98.0
728,2545,2021-05-26,Washington Nationals,Cincinnati Reds,1,-136.0,118.0,0.576271186440678,0.4587155963302752,0.5555451829723674,0.4444548170276325,-0.02072600346831055,-0.01426077930264269,False,False,0,0,0,0,0.0,0,1164.8809145992066,0.0,57.0,98.0
729,6264,2022-08-05,Seattle Mariners,Los Angeles Angels,0,-204.0,175.0,0.6710526315789473,0.3636363636363636,0.6471153846153845,0.3528846153846154,-0.023937246963562808,-0.010751748251748183,False,False,0,0,0,0,0.0,0,1164.8809145992066,0.0,57.0,98.0
730,7901,2023-04-18,New York Yankees,Los Angeles Angels,0,-145.0,127.5,0.5918367346938775,0.4395604395604395,0.5725206490539512,0.4274793509460489,-0.019316085639926373,-0.012081088614390612,False,False,0,0,0,0,0.0,0,1164.8809145992066,0.0,57.0,98.0
731,3833,2021-08-30,Arizona Diamondbacks,San Diego Padres,0,150.0,-172.0,0.4,0.6323529411764706,0.3870572152305899,0.6129427847694102,-0.012942784769410132,-0.01941015640706034,False,False,0,0,0,0,0.0,0,1164.8809145992066,0.0,57.0,98.0
732,5926,2022-07-09,Cincinnati Reds,Tampa Bay Rays,1,135.0,-159.0,0.425531914893617,0.6138996138996139,0.4124033860875966,0.5875966139124034,-0.013128528806020445,-0.02630299998721053,False,False,0,0,0,0,0.0,0,1164.8809145992066,0.0,57.0,98.0
733,3433,2021-08-01,Detroit Tigers,Baltimore Orioles,1,-135.0,117.0,0.574468085106383,0.4608294930875576,0.5555451829723674,0.4444548170276325,-0.018922902134015596,-0.016374676059925097,False,False,0,0,0,0,0.0,0,1164.8809145992066,0.0,57.0,98.0
734,2209,2021-05-01,Milwaukee Brewers,Los Angeles Dodgers,1,113.0,-127.5,0.4694835680751174,0.5604395604395604,0.4410070605722779,0.558992939427722,-0.028476507502839477,-0.001446621011838456,False,False,0,0,0,0,0.0,0,1164.8809145992066,0.0,57.0,98.0
735,4001,2021-09-11,New York Mets,New York Yankees,0,110.0,-125.0,0.4761904761904761,0.5555555555555556,0.4410070605722779,0.558992939427722,-0.03518341561819821,0.0034373838721664107,False,False,0,0,0,0,0.0,0,1164.8809145992066,0.0,57.0,98.0
736,3104,2021-07-05,Texas Rangers,Detroit Tigers,0,-149.0,130.0,0.5983935742971888,0.4347826086956521,0.5725206490539512,0.4274793509460489,-0.025872925243237588,-0.00730325774960322,False,False,0,0,0,0,0.0,0,1164.8809145992066,0.0,57.0,98.0
737,6354,2022-08-12,Colorado Rockies,Arizona Diamondbacks,1,-118.0,100.0,0.5412844036697247,0.5,0.5309510141599694,0.4690489858400307,-0.010333389509755375,-0.030951014159969314,False,False,0,0,0,0,0.0,0,1164.8809145992066,0.0,57.0,98.0
738,992,2020-09-05,Atlanta Braves,Washington Nationals,0,-256.0,218.0,0.7191011235955056,0.3144654088050314,0.7798774259448418,0.2201225740551582,0.060776302349336175,-0.09434283474987318,True,False,1,0,0,0,58.244045729960334,0,1291.8529342905201,126.97201969131353,58.0,98.0
739,3826,2021-08-30,Detroit Tigers,Minnesota Twins,0,105.0,-122.0,0.4878048780487805,0.5495495495495496,0.4410070605722779,0.558992939427722,-0.04679781747650258,0.009443389878172392,False,False,0,0,0,0,0.0,0,1291.8529342905201,0.0,58.0,98.0
740,6131,2022-07-27,Milwaukee Brewers,Minnesota Twins,1,-200.0,170.0,0.6666666666666666,0.3703703703703703,0.6471153846153845,0.3528846153846154,-0.019551282051282093,-0.017485754985754887,False,False,0,0,0,0,0.0,0,1291.8529342905201,0.0,58.0,98.0
741,7759,2023-04-08,Detroit Tigers,Boston Red Sox,0,130.0,-150.0,0.4347826086956521,0.6,0.4239806246385194,0.5760193753614806,-0.01080198405713273,-0.023980624638519354,False,False,0,0,0,0,0.0,0,1291.8529342905201,0.0,58.0,98.0
742,8066,2023-04-30,Detroit Tigers,Baltimore Orioles,0,133.0,-155.0,0.4291845493562232,0.6078431372549019,0.4124033860875966,0.5875966139124034,-0.01678116326862661,-0.020246523342498546,False,False,0,0,0,0,0.0,0,1291.8529342905201,0.0,58.0,98.0
743,4806,2022-04-20,San Diego Padres,Cincinnati Reds,1,-192.0,166.0,0.6575342465753424,0.3759398496240601,0.6203346203346203,0.3796653796653796,-0.03719962624072215,0.003725530041319536,False,False,0,0,0,0,0.0,0,1291.8529342905201,0.0,58.0,98.0
744,708,2020-08-17,Texas Rangers,San Diego Padres,0,115.0,-133.0,0.4651162790697674,0.5708154506437768,0.4388111888111888,0.5611888111888111,-0.02630509025857858,-0.009626639454965669,False,False,0,0,0,0,0.0,0,1291.8529342905201,0.0,58.0,98.0
745,2143,2021-04-26,Los Angeles Dodgers,Cincinnati Reds,0,-175.0,155.0,0.6363636363636364,0.392156862745098,0.6007425482787574,0.3992574517212426,-0.03562108808487896,0.007100588976144628,False,False,0,0,0,0,0.0,0,1291.8529342905201,0.0,58.0,98.0
746,735,2020-08-19,New York Yankees,Tampa Bay Rays,0,-192.0,170.0,0.6575342465753424,0.3703703703703703,0.6471153846153845,0.3528846153846154,-0.010418861959957892,-0.017485754985754887,False,False,0,0,0,0,0.0,0,1291.8529342905201,0.0,58.0,98.0
747,8104,2023-05-03,San Diego Padres,Cincinnati Reds,1,-265.0,225.0,0.726027397260274,0.3076923076923077,0.7798774259448418,0.2201225740551582,0.053850028684567786,-0.08756973363714951,True,False,0,1,0,0,64.59264671452601,0,1227.2602875759942,0.0,58.0,99.0
748,8109,2023-05-03,New York Yankees,Cleveland Guardians,1,120.0,-140.0,0.4545454545454545,0.5833333333333334,0.430161943319838,0.569838056680162,-0.024383511225616494,-0.013495276653171406,False,False,0,0,0,0,0.0,0,1227.2602875759942,0.0,58.0,99.0
749,4134,2021-09-21,Colorado Rockies,Los Angeles Dodgers,0,175.0,-204.0,0.3636363636363636,0.6710526315789473,0.3354465709728867,0.6645534290271132,-0.028189792663476876,-0.006499202551834116,False,False,0,0,0,0,0.0,0,1227.2602875759942,0.0,58.0,99.0
750,6496,2022-08-22,Oakland Athletics,Miami Marlins,0,123.0,-141.0,0.4484304932735426,0.5850622406639004,0.430161943319838,0.569838056680162,-0.018268549953704638,-0.015224183983738482,False,False,0,0,0,0,0.0,0,1227.2602875759942,0.0,58.0,99.0
751,5996,2022-07-14,Cleveland Guardians,Detroit Tigers,1,-244.0,200.0,0.7093023255813954,0.3333333333333333,0.7575789696841213,0.2424210303158787,0.04827664410272592,-0.09091230301745462,True,False,0,1,0,0,61.36301437879971,0,1165.8972731971944,0.0,58.0,100.0
752,4973,2022-05-02,New York Mets,Atlanta Braves,0,-115.0,-105.0,0.5348837209302325,0.5121951219512195,0.5309510141599694,0.4690489858400307,-0.003932706770263139,-0.04314613611118884,False,False,0,0,0,0,0.0,0,1165.8972731971944,0.0,58.0,100.0
753,8385,2023-05-24,Pittsburgh Pirates,Texas Rangers,0,106.5,-124.0,0.4842615012106537,0.5535714285714286,0.4410070605722779,0.558992939427722,-0.0432544406383758,0.005421510856293388,False,False,0,0,0,0,0.0,0,1165.8972731971944,0.0,58.0,100.0
754,1902,2021-04-09,Houston Astros,Oakland Athletics,0,-172.0,150.0,0.6323529411764706,0.4,0.5955342149454239,0.404465785054576,-0.03681872623104665,0.004465785054575955,False,False,0,0,0,0,0.0,0,1165.8972731971944,0.0,58.0,100.0
755,1931,2021-04-11,Atlanta Braves,Philadelphia Phillies,0,-161.0,145.0,0.6168582375478927,0.4081632653061224,0.5955342149454239,0.404465785054576,-0.021324022602468795,-0.0036974802515464256,False,False,0,0,0,0,0.0,0,1165.8972731971944,0.0,58.0,100.0
756,4913,2022-04-28,Washington Nationals,Miami Marlins,0,135.0,-159.0,0.425531914893617,0.6138996138996139,0.4124033860875966,0.5875966139124034,-0.013128528806020445,-0.02630299998721053,False,False,0,0,0,0,0.0,0,1165.8972731971944,0.0,58.0,100.0
757,5683,2022-06-22,Houston Astros,New York Mets,1,-135.0,117.0,0.574468085106383,0.4608294930875576,0.5555451829723674,0.4444548170276325,-0.018922902134015596,-0.016374676059925097,False,False,0,0,0,0,0.0,0,1165.8972731971944,0.0,58.0,100.0
758,6490,2022-08-22,Philadelphia Phillies,Cincinnati Reds,1,-244.0,205.0,0.7093023255813954,0.3278688524590163,0.7575789696841213,0.2424210303158787,0.04827664410272592,-0.08544782214313762,True,False,0,1,0,0,58.29486365985972,0,1107.6024095373348,0.0,58.0,101.0
759,5737,2022-06-25,San Diego Padres,Philadelphia Phillies,0,-115.0,100.0,0.5348837209302325,0.5,0.5309510141599694,0.4690489858400307,-0.003932706770263139,-0.030951014159969314,False,False,0,0,0,0,0.0,0,1107.6024095373348,0.0,58.0,101.0
760,5950,2022-07-11,Kansas City Royals,Detroit Tigers,1,-145.0,128.0,0.5918367346938775,0.4385964912280701,0.5725206490539512,0.4274793509460489,-0.019316085639926373,-0.01111714028202121,False,False,0,0,0,0,0.0,0,1107.6024095373348,0.0,58.0,101.0
761,2820,2021-06-15,New York Mets,Chicago Cubs,1,-143.0,125.0,0.588477366255144,0.4444444444444444,0.555768796568074,0.4442312034319259,-0.03270856968707003,-0.0002132410125185169,False,False,0,0,0,0,0.0,0,1107.6024095373348,0.0,58.0,101.0
762,8880,2023-06-30,Philadelphia Phillies,Washington Nationals,0,-175.0,150.0,0.6363636363636364,0.4,0.6007425482787574,0.3992574517212426,-0.03562108808487896,-0.0007425482787574156,False,False,0,0,0,0,0.0,0,1107.6024095373348,0.0,58.0,101.0
763,6613,2022-08-31,New York Mets,Los Angeles Dodgers,1,-145.0,125.0,0.5918367346938775,0.4444444444444444,0.5707364341085271,0.4292635658914728,-0.021100300585350396,-0.015180878552971622,False,False,0,0,0,0,0.0,0,1107.6024095373348,0.0,58.0,101.0
764,1049,2020-09-09,Texas Rangers,Los Angeles Angels,1,110.0,-126.0,0.4761904761904761,0.5575221238938053,0.4410070605722779,0.558992939427722,-0.03518341561819821,0.0014708155339167028,False,False,0,0,0,0,0.0,0,1107.6024095373348,0.0,58.0,101.0
765,8778,2023-06-22,Washington Nationals,Arizona Diamondbacks,0,130.0,-151.0,0.4347826086956521,0.601593625498008,0.4239806246385194,0.5760193753614806,-0.01080198405713273,-0.025574250136527366,False,False,0,0,0,0,0.0,0,1107.6024095373348,0.0,58.0,101.0
766,8257,2023-05-14,Milwaukee Brewers,Kansas City Royals,1,-165.0,140.0,0.6226415094339622,0.4166666666666667,0.5955342149454239,0.404465785054576,-0.027107294488538325,-0.012200881612090708,False,False,0,0,0,0,0.0,0,1107.6024095373348,0.0,58.0,101.0
767,5151,2022-05-14,Los Angeles Dodgers,Philadelphia Phillies,0,-182.0,155.0,0.6453900709219859,0.392156862745098,0.6007425482787574,0.3992574517212426,-0.044647522643228466,0.007100588976144628,False,False,0,0,0,0,0.0,0,1107.6024095373348,0.0,58.0,101.0
768,5948,2022-07-10,Boston Red Sox,New York Yankees,1,112.0,-128.0,0.4716981132075472,0.5614035087719298,0.4410070605722779,0.558992939427722,-0.030691052635269278,-0.0024105693442078024,False,False,0,0,0,0,0.0,0,1107.6024095373348,0.0,58.0,101.0
769,6435,2022-08-18,Milwaukee Brewers,Los Angeles Dodgers,1,-104.5,-112.0,0.511002444987775,0.5283018867924528,0.5122503698224852,0.4877496301775147,0.0012479248347101457,-0.04055225661493811,False,False,0,0,0,0,0.0,0,1107.6024095373348,0.0,58.0,101.0
770,2498,2021-05-22,Toronto Blue Jays,Tampa Bay Rays,0,-115.5,100.0,0.5359628770301624,0.5,0.5309510141599694,0.4690489858400307,-0.005011862870193062,-0.030951014159969314,False,False,0,0,0,0,0.0,0,1107.6024095373348,0.0,58.0,101.0
771,8853,2023-06-28,Baltimore Orioles,Cincinnati Reds,0,-167.0,144.0,0.6254681647940075,0.4098360655737705,0.5955342149454239,0.404465785054576,-0.029933949848583552,-0.005370280519194526,False,False,0,0,0,0,0.0,0,1107.6024095373348,0.0,58.0,101.0
772,2935,2021-06-23,Tampa Bay Rays,Boston Red Sox,1,-145.0,129.0,0.5918367346938775,0.4366812227074236,0.5725206490539512,0.4274793509460489,-0.019316085639926373,-0.009201871761374714,False,False,0,0,0,0,0.0,0,1107.6024095373348,0.0,58.0,101.0
773,5334,2022-05-28,Washington Nationals,Colorado Rockies,0,-120.0,104.5,0.5454545454545454,0.4889975550122249,0.5309510141599694,0.4690489858400307,-0.014503531294576044,-0.01994856917219423,False,False,0,0,0,0,0.0,0,1107.6024095373348,0.0,58.0,101.0
774,2849,2021-06-17,Toronto Blue Jays,New York Yankees,0,108.0,-120.0,0.4807692307692308,0.5454545454545454,0.4410070605722779,0.558992939427722,-0.039762170196952884,0.013538393973176577,False,True,0,1,0,0,55.38012047686674,0,1052.222289060468,0.0,58.0,102.0
775,3851,2021-08-31,Los Angeles Dodgers,Atlanta Braves,1,-177.0,150.0,0.6389891696750902,0.4,0.6007425482787574,0.3992574517212426,-0.038246621396332836,-0.0007425482787574156,False,False,0,0,0,0,0.0,0,1052.222289060468,0.0,58.0,102.0
776,6987,2022-09-28,Washington Nationals,Atlanta Braves,1,185.0,-210.0,0.3508771929824561,0.6774193548387096,0.2974043715846994,0.7025956284153005,-0.05347282139775672,0.025176273576590913,False,True,1,0,0,0,52.611114453023404,0,1149.5528507985614,97.33056173809331,59.0,102.0
777,5655,2022-06-19,Los Angeles Dodgers,Cleveland Guardians,0,-161.0,139.0,0.6168582375478927,0.4184100418410041,0.5934508816120907,0.4065491183879093,-0.02340735593580201,-0.011860923453094807,False,False,0,0,0,0,0.0,0,1149.5528507985614,0.0,59.0,102.0
778,5226,2022-05-20,Toronto Blue Jays,Cincinnati Reds,1,-185.0,162.0,0.6491228070175439,0.3816793893129771,0.6007425482787574,0.3992574517212426,-0.048380258738786486,0.017578062408265482,False,True,1,0,0,0,52.611114453023404,0,1177.9912910434389,28.43844024487752,60.0,102.0
779,595,2020-08-09,Texas Rangers,Los Angeles Angels,1,110.0,-125.0,0.4761904761904761,0.5555555555555556,0.4410070605722779,0.558992939427722,-0.03518341561819821,0.0034373838721664107,False,False,0,0,0,0,0.0,0,1177.9912910434389,0.0,60.0,102.0
780,2363,2021-05-13,Atlanta Braves,Toronto Blue Jays,0,-154.0,135.0,0.6062992125984252,0.425531914893617,0.5725206490539512,0.4274793509460489,-0.03377856354447406,0.0019474360524318612,False,False,0,0,0,0,0.0,0,1177.9912910434389,0.0,60.0,102.0
781,5956,2022-07-11,Texas Rangers,Oakland Athletics,1,-172.0,153.0,0.6323529411764706,0.3952569169960474,0.6007425482787574,0.3992574517212426,-0.03161039289771317,0.004000534725195182,False,False,0,0,0,0,0.0,0,1177.9912910434389,0.0,60.0,102.0
782,5078,2022-05-09,Seattle Mariners,Philadelphia Phillies,0,-118.0,105.0,0.5412844036697247,0.4878048780487805,0.5309510141599694,0.4690489858400307,-0.010333389509755375,-0.01875589220874979,False,False,0,0,0,0,0.0,0,1177.9912910434389,0.0,60.0,102.0
783,7100,2022-10-05,Houston Astros,Philadelphia Phillies,1,-181.0,159.0,0.6441281138790036,0.3861003861003861,0.6007425482787574,0.3992574517212426,-0.0433855656002462,0.0131570656208565,False,True,1,0,0,0,58.899564552171945,0,1210.5324869286167,32.54119588517787,61.0,102.0
784,5302,2022-05-25,Tampa Bay Rays,Miami Marlins,1,-200.0,170.0,0.6666666666666666,0.3703703703703703,0.6471153846153845,0.3528846153846154,-0.019551282051282093,-0.017485754985754887,False,False,0,0,0,0,0.0,0,1210.5324869286167,0.0,61.0,102.0
785,8666,2023-06-14,Detroit Tigers,Atlanta Braves,0,188.0,-225.0,0.3472222222222222,0.6923076923076923,0.2974043715846994,0.7025956284153005,-0.04981785063752281,0.010287936107608253,False,True,0,1,0,0,60.526624346430836,0,1150.0058625821857,0.0,61.0,103.0
786,8248,2023-05-14,Cleveland Guardians,Los Angeles Angels,1,-105.0,-110.0,0.5121951219512195,0.5238095238095238,0.5122503698224852,0.4877496301775147,5.524787126565123e-05,-0.03605989363200912,False,False,0,0,0,0,0.0,0,1150.0058625821857,0.0,61.0,103.0
787,5134,2022-05-13,Oakland Athletics,Los Angeles Angels,0,130.0,-145.0,0.4347826086956521,0.5918367346938775,0.4239806246385194,0.5760193753614806,-0.01080198405713273,-0.01581735933239692,False,False,0,0,0,0,0.0,0,1150.0058625821857,0.0,61.0,103.0
788,5873,2022-07-05,Milwaukee Brewers,Chicago Cubs,0,-141.0,120.0,0.5850622406639004,0.4545454545454545,0.5555451829723674,0.4444548170276325,-0.02951705769153301,-0.010090637517821965,False,False,0,0,0,0,0.0,0,1150.0058625821857,0.0,61.0,103.0
789,5292,2022-05-24,Seattle Mariners,Oakland Athletics,0,-154.0,134.0,0.6062992125984252,0.4273504273504273,0.5725206490539512,0.4274793509460489,-0.03377856354447406,0.0001289235956216106,False,False,0,0,0,0,0.0,0,1150.0058625821857,0.0,61.0,103.0
790,2752,2021-06-10,Detroit Tigers,Seattle Mariners,1,-108.0,-105.0,0.5192307692307693,0.5121951219512195,0.5193632429568136,0.4806367570431865,0.00013247372604430208,-0.03155836490803304,False,False,0,0,0,0,0.0,0,1150.0058625821857,0.0,61.0,103.0
791,3027,2021-06-30,Washington Nationals,Tampa Bay Rays,1,107.0,-125.0,0.4830917874396135,0.5555555555555556,0.4410070605722779,0.558992939427722,-0.04208472686733561,0.0034373838721664107,False,False,0,0,0,0,0.0,0,1150.0058625821857,0.0,61.0,103.0
792,8719,2023-06-17,Los Angeles Dodgers,San Francisco Giants,0,-148.0,120.0,0.5967741935483871,0.4545454545454545,0.555768796568074,0.4442312034319259,-0.041005396980313136,-0.010314251113528572,False,False,0,0,0,0,0.0,0,1150.0058625821857,0.0,61.0,103.0
793,8508,2023-06-02,Houston Astros,Los Angeles Angels,1,-129.0,110.0,0.5633187772925764,0.4761904761904761,0.5416244022605419,0.4583755977394581,-0.02169437503203453,-0.017814878451018035,False,False,0,0,0,0,0.0,0,1150.0058625821857,0.0,61.0,103.0
794,6426,2022-08-17,Atlanta Braves,New York Mets,0,130.0,-149.0,0.4347826086956521,0.5983935742971888,0.4239806246385194,0.5760193753614806,-0.01080198405713273,-0.022374198935708134,False,False,0,0,0,0,0.0,0,1150.0058625821857,0.0,61.0,103.0
795,6158,2022-07-29,Tampa Bay Rays,Cleveland Guardians,0,-114.0,-105.0,0.5327102803738317,0.5121951219512195,0.5309510141599694,0.4690489858400307,-0.0017592662138623538,-0.04314613611118884,False,False,0,0,0,0,0.0,0,1150.0058625821857,0.0,61.0,103.0
796,8577,2023-06-07,Cleveland Guardians,Boston Red Sox,1,-133.0,114.0,0.5708154506437768,0.4672897196261682,0.5555451829723674,0.4444548170276325,-0.015270267671409377,-0.02283490259853571,False,False,0,0,0,0,0.0,0,1150.0058625821857,0.0,61.0,103.0
797,4119,2021-09-20,Tampa Bay Rays,Toronto Blue Jays,1,112.0,-128.0,0.4716981132075472,0.5614035087719298,0.4410070605722779,0.558992939427722,-0.030691052635269278,-0.0024105693442078024,False,False,0,0,0,0,0.0,0,1150.0058625821857,0.0,61.0,103.0
798,1155,2020-09-16,Los Angeles Angels,Arizona Diamondbacks,0,-185.0,160.0,0.6491228070175439,0.3846153846153846,0.6007425482787574,0.3992574517212426,-0.048380258738786486,0.014642067105858025,False,True,0,1,0,0,57.50029312910929,0,1092.5055694530765,0.0,61.0,104.0
799,8003,2023-04-25,Arizona Diamondbacks,Kansas City Royals,0,-137.0,120.0,0.5780590717299579,0.4545454545454545,0.5555451829723674,0.4444548170276325,-0.022513888757590417,-0.010090637517821965,False,False,0,0,0,0,0.0,0,1092.5055694530765,0.0,61.0,104.0
800,5943,2022-07-10,Oakland Athletics,Houston Astros,0,160.0,-179.0,0.3846153846153846,0.6415770609318996,0.3870572152305899,0.6129427847694102,0.0024418306152053093,-0.02863427616248937,False,False,0,0,0,0,0.0,0,1092.5055694530765,0.0,61.0,104.0
801,6833,2022-09-16,Arizona Diamondbacks,San Diego Padres,0,160.0,-179.0,0.3846153846153846,0.6415770609318996,0.3870572152305899,0.6129427847694102,0.0024418306152053093,-0.02863427616248937,False,False,0,0,0,0,0.0,0,1092.5055694530765,0.0,61.0,104.0
802,5002,2022-05-04,Baltimore Orioles,Minnesota Twins,1,120.0,-135.0,0.4545454545454545,0.574468085106383,0.430161943319838,0.569838056680162,-0.024383511225616494,-0.004630028426221067,False,False,0,0,0,0,0.0,0,1092.5055694530765,0.0,61.0,104.0
803,3937,2021-09-07,Miami Marlins,New York Mets,0,145.0,-161.0,0.4081632653061224,0.6168582375478927,0.4124033860875966,0.5875966139124034,0.004240120781474177,-0.029261623635489342,False,False,0,0,0,0,0.0,0,1092.5055694530765,0.0,61.0,104.0
804,8012,2023-04-26,Pittsburgh Pirates,Los Angeles Dodgers,1,125.0,-144.5,0.4444444444444444,0.591002044989775,0.4255249930198621,0.5744750069801379,-0.018919451424582345,-0.016527038009637174,False,False,0,0,0,0,0.0,0,1092.5055694530765,0.0,61.0,104.0
805,8324,2023-05-19,Los Angeles Angels,Minnesota Twins,1,110.0,-129.0,0.4761904761904761,0.5633187772925764,0.4410070605722779,0.558992939427722,-0.03518341561819821,-0.004325837864854409,False,False,0,0,0,0,0.0,0,1092.5055694530765,0.0,61.0,104.0
806,6623,2022-09-01,New York Mets,Los Angeles Dodgers,1,128.0,-145.0,0.4385964912280701,0.5918367346938775,0.4239806246385194,0.5760193753614806,-0.014615866589550719,-0.01581735933239692,False,False,0,0,0,0,0.0,0,1092.5055694530765,0.0,61.0,104.0
807,2338,2021-05-11,New York Mets,Baltimore Orioles,1,-154.0,134.0,0.6062992125984252,0.4273504273504273,0.5725206490539512,0.4274793509460489,-0.03377856354447406,0.0001289235956216106,False,False,0,0,0,0,0.0,0,1092.5055694530765,0.0,61.0,104.0
808,5908,2022-07-08,Atlanta Braves,Washington Nationals,1,-278.0,230.0,0.7354497354497355,0.303030303030303,0.7798774259448418,0.2201225740551582,0.04442769049510631,-0.08290772897514478,True,False,0,1,0,0,54.62527847265383,0,1037.8802909804226,0.0,61.0,105.0
809,8364,2023-05-22,Kansas City Royals,Detroit Tigers,0,-113.0,-103.0,0.5305164319248826,0.5073891625615764,0.5309510141599694,0.4690489858400307,0.00043458223508674454,-0.038340176721545716,False,False,0,0,0,0,0.0,0,1037.8802909804226,0.0,61.0,105.0
810,6040,2022-07-17,Houston Astros,Oakland Athletics,0,-286.0,240.0,0.7409326424870466,0.2941176470588235,0.7798774259448418,0.2201225740551582,0.038944783457795173,-0.07399507300366528,True,False,1,0,0,0,51.894014549021136,0,1162.4259258980733,124.54563491765072,62.0,105.0
811,8490,2023-05-31,Boston Red Sox,Cincinnati Reds,0,-175.0,155.0,0.6363636363636364,0.392156862745098,0.6007425482787574,0.3992574517212426,-0.03562108808487896,0.007100588976144628,False,False,0,0,0,0,0.0,0,1162.4259258980733,0.0,62.0,105.0
812,5143,2022-05-14,Pittsburgh Pirates,Cincinnati Reds,1,102.0,-115.0,0.495049504950495,0.5348837209302325,0.4839064688563016,0.5160935311436983,-0.01114303609419337,-0.01879018978653424,False,False,0,0,0,0,0.0,0,1162.4259258980733,0.0,62.0,105.0
813,7925,2023-04-19,Houston Astros,Toronto Blue Jays,1,-115.0,-103.0,0.5348837209302325,0.5073891625615764,0.5309510141599694,0.4690489858400307,-0.003932706770263139,-0.038340176721545716,False,False,0,0,0,0,0.0,0,1162.4259258980733,0.0,62.0,105.0
814,6639,2022-09-02,Los Angeles Angels,Houston Astros,0,135.0,-154.0,0.425531914893617,0.6062992125984252,0.4124033860875966,0.5875966139124034,-0.013128528806020445,-0.018702598686021865,False,False,0,0,0,0,0.0,0,1162.4259258980733,0.0,62.0,105.0
815,1942,2021-04-12,Arizona Diamondbacks,Oakland Athletics,0,112.0,-130.0,0.4716981132075472,0.5652173913043478,0.4410070605722779,0.558992939427722,-0.030691052635269278,-0.006224451876625792,False,False,0,0,0,0,0.0,0,1162.4259258980733,0.0,62.0,105.0
816,8177,2023-05-08,Milwaukee Brewers,Los Angeles Dodgers,1,-110.0,-105.0,0.5238095238095238,0.5121951219512195,0.5193632429568136,0.4806367570431865,-0.00444628085271026,-0.03155836490803304,False,False,0,0,0,0,0.0,0,1162.4259258980733,0.0,62.0,105.0
817,3891,2021-09-03,San Diego Padres,Houston Astros,0,126.0,-145.0,0.4424778761061947,0.5918367346938775,0.4239806246385194,0.5760193753614806,-0.018497251467675335,-0.01581735933239692,False,False,0,0,0,0,0.0,0,1162.4259258980733,0.0,62.0,105.0
818,5426,2022-06-03,Pittsburgh Pirates,Arizona Diamondbacks,0,-113.5,-105.0,0.531615925058548,0.5121951219512195,0.5202467879930504,0.4797532120069497,-0.011369137065497692,-0.03244190994426982,False,False,0,0,0,0,0.0,0,1162.4259258980733,0.0,62.0,105.0
819,4834,2022-04-22,Houston Astros,Toronto Blue Jays,0,-167.0,148.0,0.6254681647940075,0.4032258064516129,0.5955342149454239,0.404465785054576,-0.029933949848583552,0.0012399786029630988,False,False,0,0,0,0,0.0,0,1162.4259258980733,0.0,62.0,105.0
820,7967,2023-04-23,Atlanta Braves,Houston Astros,0,-139.0,120.0,0.5815899581589958,0.4545454545454545,0.5555451829723674,0.4444548170276325,-0.0260447751866284,-0.010090637517821965,False,False,0,0,0,0,0.0,0,1162.4259258980733,0.0,62.0,105.0
821,4910,2022-04-28,Cincinnati Reds,San Diego Padres,0,-112.0,-104.0,0.5283018867924528,0.5098039215686274,0.5193632429568136,0.4806367570431865,-0.008938643835639248,-0.029167164525440936,False,False,0,0,0,0,0.0,0,1162.4259258980733,0.0,62.0,105.0
822,4100,2021-09-19,Boston Red Sox,Baltimore Orioles,1,-333.0,275.0,0.76905311778291,0.2666666666666666,0.7798774259448418,0.2201225740551582,0.010824308161931806,-0.04654409261150841,True,False,0,1,0,0,58.121296294903665,0,1104.3046296031696,0.0,62.0,106.0
823,2314,2021-05-09,New York Mets,Arizona Diamondbacks,1,-312.0,265.0,0.7572815533980582,0.273972602739726,0.7798774259448418,0.2201225740551582,0.022595872546783524,-0.05385002868456781,True,False,0,1,0,0,58.121296294903665,0,1046.183333308266,0.0,62.0,107.0
824,702,2020-08-17,New York Yankees,Boston Red Sox,1,-161.0,142.0,0.6168582375478927,0.4132231404958678,0.5955342149454239,0.404465785054576,-0.021324022602468795,-0.008757355441291803,False,False,0,0,0,0,0.0,0,1046.183333308266,0.0,62.0,107.0
825,5900,2022-07-07,Arizona Diamondbacks,Colorado Rockies,0,120.0,-141.0,0.4545454545454545,0.5850622406639004,0.430161943319838,0.569838056680162,-0.024383511225616494,-0.015224183983738482,False,False,0,0,0,0,0.0,0,1046.183333308266,0.0,62.0,107.0
826,955,2020-09-03,Philadelphia Phillies,Washington Nationals,1,-161.0,144.0,0.6168582375478927,0.4098360655737705,0.5955342149454239,0.404465785054576,-0.021324022602468795,-0.005370280519194526,False,False,0,0,0,0,0.0,0,1046.183333308266,0.0,62.0,107.0
827,8746,2023-06-19,Milwaukee Brewers,Arizona Diamondbacks,0,-129.0,110.0,0.5633187772925764,0.4761904761904761,0.5416244022605419,0.4583755977394581,-0.02169437503203453,-0.017814878451018035,False,False,0,0,0,0,0.0,0,1046.183333308266,0.0,62.0,107.0
828,5598,2022-06-15,New York Mets,Milwaukee Brewers,0,105.0,-122.0,0.4878048780487805,0.5495495495495496,0.4410070605722779,0.558992939427722,-0.04679781747650258,0.009443389878172392,False,False,0,0,0,0,0.0,0,1046.183333308266,0.0,62.0,107.0
829,3178,2021-07-10,Houston Astros,New York Yankees,0,-105.0,-110.0,0.5121951219512195,0.5238095238095238,0.5122503698224852,0.4877496301775147,5.524787126565123e-05,-0.03605989363200912,False,False,0,0,0,0,0.0,0,1046.183333308266,0.0,62.0,107.0
830,1109,2020-09-13,Texas Rangers,Oakland Athletics,1,125.0,-143.0,0.4444444444444444,0.588477366255144,0.430161943319838,0.569838056680162,-0.01428250112460644,-0.018639309574982055,False,False,0,0,0,0,0.0,0,1046.183333308266,0.0,62.0,107.0
831,7851,2023-04-15,New York Yankees,Minnesota Twins,1,-135.0,118.0,0.574468085106383,0.4587155963302752,0.5555451829723674,0.4444548170276325,-0.018922902134015596,-0.01426077930264269,False,False,0,0,0,0,0.0,0,1046.183333308266,0.0,62.0,107.0
832,2940,2021-06-24,New York Yankees,Kansas City Royals,1,-189.0,160.0,0.6539792387543253,0.3846153846153846,0.6042616924229014,0.3957383075770985,-0.04971754633142389,0.01112292296171391,False,True,1,0,0,0,52.3091666654133,0,1073.8601410677438,27.676807759477935,63.0,107.0
833,8281,2023-05-16,New York Mets,Tampa Bay Rays,0,-159.5,140.0,0.6146435452793835,0.4166666666666667,0.5934508816120907,0.4065491183879093,-0.021192663667292777,-0.010117548278757382,False,False,0,0,0,0,0.0,0,1073.8601410677438,0.0,63.0,107.0
834,6328,2022-08-10,Boston Red Sox,Atlanta Braves,0,126.0,-145.0,0.4424778761061947,0.5918367346938775,0.4239806246385194,0.5760193753614806,-0.018497251467675335,-0.01581735933239692,False,False,0,0,0,0,0.0,0,1073.8601410677438,0.0,63.0,107.0
835,6451,2022-08-19,Atlanta Braves,Houston Astros,1,-125.0,110.0,0.5555555555555556,0.4761904761904761,0.5416244022605419,0.4583755977394581,-0.01393115329501371,-0.017814878451018035,False,False,0,0,0,0,0.0,0,1073.8601410677438,0.0,63.0,107.0
836,7985,2023-04-24,Minnesota Twins,New York Yankees,1,-150.0,130.0,0.6,0.4347826086956521,0.5725206490539512,0.4274793509460489,-0.02747935094604881,-0.00730325774960322,False,False,0,0,0,0,0.0,0,1073.8601410677438,0.0,63.0,107.0
837,5225,2022-05-20,Philadelphia Phillies,Los Angeles Dodgers,0,130.0,-147.0,0.4347826086956521,0.5951417004048583,0.4239806246385194,0.5760193753614806,-0.01080198405713273,-0.01912232504337763,False,False,0,0,0,0,0.0,0,1073.8601410677438,0.0,63.0,107.0
838,2482,2021-05-21,Colorado Rockies,Arizona Diamondbacks,1,-147.0,125.0,0.5951417004048583,0.4444444444444444,0.5725206490539512,0.4274793509460489,-0.022621051350907084,-0.016965093498395534,False,False,0,0,0,0,0.0,0,1073.8601410677438,0.0,63.0,107.0
839,2839,2021-06-16,Toronto Blue Jays,New York Yankees,0,145.0,-167.0,0.4081632653061224,0.6254681647940075,0.3870572152305899,0.6129427847694102,-0.021106050075532512,-0.012525380024597244,False,False,0,0,0,0,0.0,0,1073.8601410677438,0.0,63.0,107.0
840,8748,2023-06-20,Detroit Tigers,Kansas City Royals,0,-145.0,128.0,0.5918367346938775,0.4385964912280701,0.5725206490539512,0.4274793509460489,-0.019316085639926373,-0.01111714028202121,False,False,0,0,0,0,0.0,0,1073.8601410677438,0.0,63.0,107.0
841,5576,2022-06-14,New York Yankees,Tampa Bay Rays,1,-222.0,185.0,0.6894409937888198,0.3508771929824561,0.7185232220609579,0.2814767779390421,0.029082228272138022,-0.06940041504341404,True,False,0,1,0,0,53.69300705338719,0,1020.1671340143566,0.0,63.0,108.0
842,996,2020-09-05,Los Angeles Dodgers,Colorado Rockies,0,-189.0,165.5,0.6539792387543253,0.3766478342749529,0.6042616924229014,0.3957383075770985,-0.04971754633142389,0.019090473302145583,False,True,0,1,0,0,53.69300705338719,0,966.4741269609694,0.0,63.0,109.0
843,8757,2023-06-20,Minnesota Twins,Boston Red Sox,0,-139.0,120.0,0.5815899581589958,0.4545454545454545,0.5555451829723674,0.4444548170276325,-0.0260447751866284,-0.010090637517821965,False,False,0,0,0,0,0.0,0,966.4741269609694,0.0,63.0,109.0
844,8271,2023-05-15,Colorado Rockies,Cincinnati Reds,1,105.0,-121.0,0.4878048780487805,0.5475113122171946,0.4410070605722779,0.558992939427722,-0.04679781747650258,0.011481627210527368,False,True,1,0,0,0,53.69300705338719,0,1022.851784367026,56.37765740605656,64.0,109.0
845,5366,2022-05-30,Chicago Cubs,Milwaukee Brewers,0,105.0,-123.0,0.4878048780487805,0.5515695067264574,0.4410070605722779,0.558992939427722,-0.04679781747650258,0.007423432701264554,False,False,0,0,0,0,0.0,0,1022.851784367026,0.0,64.0,109.0
846,6418,2022-08-17,Washington Nationals,Chicago Cubs,0,140.0,-164.0,0.4166666666666667,0.6212121212121212,0.4124033860875966,0.5875966139124034,-0.004263280579070106,-0.03361550729971785,False,False,0,0,0,0,0.0,0,1022.851784367026,0.0,64.0,109.0
847,3532,2021-08-08,Atlanta Braves,Washington Nationals,1,-227.0,190.0,0.6941896024464832,0.3448275862068966,0.7534591194968554,0.2465408805031446,0.0592695170503722,-0.09828670570375198,True,False,0,1,0,0,51.142589218351304,0,971.7091951486747,0.0,64.0,110.0
848,5215,2022-05-19,Cleveland Guardians,Cincinnati Reds,0,-130.0,110.0,0.5652173913043478,0.4761904761904761,0.5416244022605419,0.4583755977394581,-0.023592989043805912,-0.017814878451018035,False,False,0,0,0,0,0.0,0,971.7091951486747,0.0,64.0,110.0
849,7841,2023-04-14,Toronto Blue Jays,Tampa Bay Rays,1,120.0,-136.0,0.4545454545454545,0.576271186440678,0.430161943319838,0.569838056680162,-0.024383511225616494,-0.006433129760516021,False,False,0,0,0,0,0.0,0,971.7091951486747,0.0,64.0,110.0
850,8419,2023-05-26,Milwaukee Brewers,San Francisco Giants,0,-133.0,115.0,0.5708154506437768,0.4651162790697674,0.5555451829723674,0.4444548170276325,-0.015270267671409377,-0.02066146204213487,False,False,0,0,0,0,0.0,0,971.7091951486747,0.0,64.0,110.0
851,5333,2022-05-28,Washington Nationals,Colorado Rockies,1,-120.0,104.5,0.5454545454545454,0.4889975550122249,0.5309510141599694,0.4690489858400307,-0.014503531294576044,-0.01994856917219423,False,False,0,0,0,0,0.0,0,971.7091951486747,0.0,64.0,110.0
852,2867,2021-06-18,Los Angeles Angels,Detroit Tigers,1,-208.0,180.0,0.6753246753246753,0.3571428571428571,0.6778846153846154,0.3221153846153846,0.0025599400599400912,-0.035027472527472514,False,False,0,0,0,0,0.0,0,971.7091951486747,0.0,64.0,110.0
853,6976,2022-09-27,Chicago Cubs,Philadelphia Phillies,1,145.0,-168.0,0.4081632653061224,0.6268656716417911,0.3870572152305899,0.6129427847694102,-0.021106050075532512,-0.013922886872380857,False,False,0,0,0,0,0.0,0,971.7091951486747,0.0,64.0,110.0
854,8339,2023-05-20,Los Angeles Angels,Minnesota Twins,0,-120.5,107.0,0.546485260770975,0.4830917874396135,0.5309510141599694,0.4690489858400307,-0.015534246611005664,-0.014042801599582821,False,False,0,0,0,0,0.0,0,971.7091951486747,0.0,64.0,110.0
855,6184,2022-07-31,Pittsburgh Pirates,Philadelphia Phillies,0,155.0,-182.0,0.392156862745098,0.6453900709219859,0.3870572152305899,0.6129427847694102,-0.005099647514508088,-0.03244728615257564,False,False,0,0,0,0,0.0,0,971.7091951486747,0.0,64.0,110.0
856,3829,2021-08-30,Toronto Blue Jays,Baltimore Orioles,1,-312.0,250.0,0.7572815533980582,0.2857142857142857,0.7798774259448418,0.2201225740551582,0.022595872546783524,-0.0655917116591275,True,False,0,1,0,0,48.58545975743374,0,923.1237353912409,0.0,64.0,111.0
857,2071,2021-04-21,San Diego Padres,Milwaukee Brewers,0,-204.0,177.0,0.6710526315789473,0.3610108303249097,0.6471153846153845,0.3528846153846154,-0.023937246963562808,-0.008126214940294307,False,False,0,0,0,0,0.0,0,923.1237353912409,0.0,64.0,111.0
858,1129,2020-09-15,Philadelphia Phillies,New York Mets,1,110.0,-127.0,0.4761904761904761,0.5594713656387665,0.4410070605722779,0.558992939427722,-0.03518341561819821,-0.00047842621104454697,False,False,0,0,0,0,0.0,0,923.1237353912409,0.0,64.0,111.0
859,4985,2022-05-03,Houston Astros,Seattle Mariners,1,-145.0,128.0,0.5918367346938775,0.4385964912280701,0.5725206490539512,0.4274793509460489,-0.019316085639926373,-0.01111714028202121,False,False,0,0,0,0,0.0,0,923.1237353912409,0.0,64.0,111.0
860,6585,2022-08-29,Minnesota Twins,Boston Red Sox,1,-130.0,111.0,0.5652173913043478,0.4739336492890995,0.5416244022605419,0.4583755977394581,-0.023592989043805912,-0.015558051549641405,False,False,0,0,0,0,0.0,0,923.1237353912409,0.0,64.0,111.0
861,2801,2021-06-13,Arizona Diamondbacks,Los Angeles Angels,0,115.0,-133.0,0.4651162790697674,0.5708154506437768,0.4388111888111888,0.5611888111888111,-0.02630509025857858,-0.009626639454965669,False,False,0,0,0,0,0.0,0,923.1237353912409,0.0,64.0,111.0
862,8431,2023-05-27,Seattle Mariners,Pittsburgh Pirates,1,-222.0,190.0,0.6894409937888198,0.3448275862068966,0.7534591194968554,0.2465408805031446,0.06401812570803556,-0.09828670570375198,True,False,0,1,0,0,46.15618676956205,0,876.9675486216788,0.0,64.0,112.0
863,5004,2022-05-04,Boston Red Sox,Los Angeles Angels,0,-110.0,-105.0,0.5238095238095238,0.5121951219512195,0.5193632429568136,0.4806367570431865,-0.00444628085271026,-0.03155836490803304,False,False,0,0,0,0,0.0,0,876.9675486216788,0.0,64.0,112.0
864,5142,2022-05-14,Miami Marlins,Milwaukee Brewers,1,120.0,-135.0,0.4545454545454545,0.574468085106383,0.430161943319838,0.569838056680162,-0.024383511225616494,-0.004630028426221067,False,False,0,0,0,0,0.0,0,876.9675486216788,0.0,64.0,112.0
865,3568,2021-08-11,Baltimore Orioles,Detroit Tigers,0,100.0,-115.0,0.5,0.5348837209302325,0.4839064688563016,0.5160935311436983,-0.01609353114369838,-0.01879018978653424,False,False,0,0,0,0,0.0,0,876.9675486216788,0.0,64.0,112.0
866,5256,2022-05-22,Toronto Blue Jays,Cincinnati Reds,0,-250.0,205.0,0.7142857142857143,0.3278688524590163,0.7575789696841213,0.2424210303158787,0.043293255398407005,-0.08544782214313762,True,False,1,0,0,0,43.84837743108395,0,966.856722355401,89.88917373372209,65.0,112.0
867,6893,2022-09-21,Milwaukee Brewers,New York Mets,1,112.0,-128.0,0.4716981132075472,0.5614035087719298,0.4410070605722779,0.558992939427722,-0.030691052635269278,-0.0024105693442078024,False,False,0,0,0,0,0.0,0,966.856722355401,0.0,65.0,112.0
868,2254,2021-05-04,Seattle Mariners,Baltimore Orioles,1,-139.0,120.0,0.5815899581589958,0.4545454545454545,0.5555451829723674,0.4444548170276325,-0.0260447751866284,-0.010090637517821965,False,False,0,0,0,0,0.0,0,966.856722355401,0.0,65.0,112.0
869,4787,2022-04-19,New York Mets,San Francisco Giants,1,-127.0,110.0,0.5594713656387665,0.4761904761904761,0.5416244022605419,0.4583755977394581,-0.017846963378224667,-0.017814878451018035,False,False,0,0,0,0,0.0,0,966.856722355401,0.0,65.0,112.0
870,3359,2021-07-27,Pittsburgh Pirates,Milwaukee Brewers,0,120.0,-137.0,0.4545454545454545,0.5780590717299579,0.430161943319838,0.569838056680162,-0.024383511225616494,-0.008221015049795888,False,False,0,0,0,0,0.0,0,966.856722355401,0.0,65.0,112.0
871,5535,2022-06-11,Washington Nationals,Milwaukee Brewers,1,145.0,-167.0,0.4081632653061224,0.6254681647940075,0.3870572152305899,0.6129427847694102,-0.021106050075532512,-0.012525380024597244,False,False,0,0,0,0,0.0,0,966.856722355401,0.0,65.0,112.0
872,6865,2022-09-18,Arizona Diamondbacks,San Diego Padres,0,133.0,-152.0,0.4291845493562232,0.6031746031746031,0.4239806246385194,0.5760193753614806,-0.005203924717703812,-0.027155227813122518,False,False,0,0,0,0,0.0,0,966.856722355401,0.0,65.0,112.0
873,483,2020-08-02,Baltimore Orioles,Tampa Bay Rays,1,166.0,-185.0,0.3759398496240601,0.6491228070175439,0.3870572152305899,0.6129427847694102,0.011117365606529817,-0.03618002224813366,True,False,0,1,0,0,48.34283611777005,0,918.5138862376309,0.0,65.0,113.0
874,3982,2021-09-10,Minnesota Twins,Kansas City Royals,0,-125.0,115.0,0.5555555555555556,0.4651162790697674,0.5416244022605419,0.4583755977394581,-0.01393115329501371,-0.006740681330309306,False,False,0,0,0,0,0.0,0,918.5138862376309,0.0,65.0,113.0
875,8167,2023-05-07,Arizona Diamondbacks,Washington Nationals,0,-165.0,143.5,0.6226415094339622,0.4106776180698152,0.5955342149454239,0.404465785054576,-0.027107294488538325,-0.006211833015239199,False,False,0,0,0,0,0.0,0,918.5138862376309,0.0,65.0,113.0
876,5682,2022-06-21,Oakland Athletics,Seattle Mariners,0,125.0,-145.0,0.4444444444444444,0.5918367346938775,0.4239806246385194,0.5760193753614806,-0.020463819805925043,-0.01581735933239692,False,False,0,0,0,0,0.0,0,918.5138862376309,0.0,65.0,113.0
877,3613,2021-08-14,Miami Marlins,Chicago Cubs,1,-135.0,115.0,0.574468085106383,0.4651162790697674,0.5555451829723674,0.4444548170276325,-0.018922902134015596,-0.02066146204213487,False,False,0,0,0,0,0.0,0,918.5138862376309,0.0,65.0,113.0
878,3418,2021-07-31,Detroit Tigers,Baltimore Orioles,0,-105.0,-110.0,0.5121951219512195,0.5238095238095238,0.5122503698224852,0.4877496301775147,5.524787126565123e-05,-0.03605989363200912,False,False,0,0,0,0,0.0,0,918.5138862376309,0.0,65.0,113.0
879,2076,2021-04-21,Chicago Cubs,New York Mets,1,120.0,-135.0,0.4545454545454545,0.574468085106383,0.430161943319838,0.569838056680162,-0.024383511225616494,-0.004630028426221067,False,False,0,0,0,0,0.0,0,918.5138862376309,0.0,65.0,113.0
880,1972,2021-04-14,Houston Astros,Detroit Tigers,0,-233.0,200.0,0.6996996996996997,0.3333333333333333,0.7575789696841213,0.2424210303158787,0.05787926998442161,-0.09091230301745462,True,False,1,0,0,0,45.92569431188155,0,1010.365274861394,91.8513886237631,66.0,113.0
881,3477,2021-08-04,Texas Rangers,Los Angeles Angels,0,142.0,-164.0,0.4132231404958678,0.6212121212121212,0.4124033860875966,0.5875966139124034,-0.0008197544082712005,-0.03361550729971785,False,False,0,0,0,0,0.0,0,1010.365274861394,0.0,66.0,113.0
882,5796,2022-06-30,Pittsburgh Pirates,Milwaukee Brewers,1,112.0,-130.0,0.4716981132075472,0.5652173913043478,0.4410070605722779,0.558992939427722,-0.030691052635269278,-0.006224451876625792,False,False,0,0,0,0,0.0,0,1010.365274861394,0.0,66.0,113.0
883,2511,2021-05-23,Colorado Rockies,Arizona Diamondbacks,1,-145.0,130.0,0.5918367346938775,0.4347826086956521,0.5725206490539512,0.4274793509460489,-0.019316085639926373,-0.00730325774960322,False,False,0,0,0,0,0.0,0,1010.365274861394,0.0,66.0,113.0
884,8053,2023-04-29,Boston Red Sox,Cleveland Guardians,1,-134.5,116.0,0.5735607675906184,0.4629629629629629,0.5555451829723674,0.4444548170276325,-0.018015584618250924,-0.0185081459353304,False,False,0,0,0,0,0.0,0,1010.365274861394,0.0,66.0,113.0
885,6968,2022-09-26,Boston Red Sox,Baltimore Orioles,0,-129.0,112.0,0.5633187772925764,0.4716981132075472,0.5416244022605419,0.4583755977394581,-0.02169437503203453,-0.013322515468089102,False,False,0,0,0,0,0.0,0,1010.365274861394,0.0,66.0,113.0
886,8474,2023-05-30,Houston Astros,Minnesota Twins,1,109.0,-125.0,0.4784688995215311,0.5555555555555556,0.4410070605722779,0.558992939427722,-0.0374618389492532,0.0034373838721664107,False,False,0,0,0,0,0.0,0,1010.365274861394,0.0,66.0,113.0
887,6698,2022-09-06,Oakland Athletics,Atlanta Braves,0,195.0,-227.0,0.3389830508474576,0.6941896024464832,0.2974043715846994,0.7025956284153005,-0.04157867926275821,0.008406025968817343,False,False,0,0,0,0,0.0,0,1010.365274861394,0.0,66.0,113.0
888,4162,2021-09-23,Baltimore Orioles,Texas Rangers,1,-121.0,106.5,0.5475113122171946,0.4842615012106537,0.5309510141599694,0.4690489858400307,-0.016560298057225253,-0.015212515370623014,False,False,0,0,0,0,0.0,0,1010.365274861394,0.0,66.0,113.0
889,5299,2022-05-25,Seattle Mariners,Oakland Athletics,0,-172.0,148.0,0.6323529411764706,0.4032258064516129,0.5955342149454239,0.404465785054576,-0.03681872623104665,0.0012399786029630988,False,False,0,0,0,0,0.0,0,1010.365274861394,0.0,66.0,113.0
890,3723,2021-08-22,Houston Astros,Seattle Mariners,0,-182.0,155.0,0.6453900709219859,0.392156862745098,0.6007425482787574,0.3992574517212426,-0.044647522643228466,0.007100588976144628,False,False,0,0,0,0,0.0,0,1010.365274861394,0.0,66.0,113.0
891,7806,2023-04-11,Atlanta Braves,Cincinnati Reds,1,-230.0,200.0,0.696969696969697,0.3333333333333333,0.7575789696841213,0.2424210303158787,0.06060927271442429,-0.09091230301745462,True,False,0,1,0,0,50.5182637430697,0,959.8470111183243,0.0,66.0,114.0
892,3011,2021-06-29,New York Yankees,Los Angeles Angels,1,-147.0,130.0,0.5951417004048583,0.4347826086956521,0.5725206490539512,0.4274793509460489,-0.022621051350907084,-0.00730325774960322,False,False,0,0,0,0,0.0,0,959.8470111183243,0.0,66.0,114.0
893,2860,2021-06-18,New York Yankees,Oakland Athletics,0,-133.0,119.0,0.5708154506437768,0.45662100456621,0.5555451829723674,0.4444548170276325,-0.015270267671409377,-0.012166187538577511,False,False,0,0,0,0,0.0,0,959.8470111183243,0.0,66.0,114.0
894,509,2020-08-04,Tampa Bay Rays,Boston Red Sox,1,-145.0,130.0,0.5918367346938775,0.4347826086956521,0.5725206490539512,0.4274793509460489,-0.019316085639926373,-0.00730325774960322,False,False,0,0,0,0,0.0,0,959.8470111183243,0.0,66.0,114.0
895,6732,2022-09-09,Texas Rangers,Toronto Blue Jays,0,140.0,-156.0,0.4166666666666667,0.609375,0.4124033860875966,0.5875966139124034,-0.004263280579070106,-0.021778386087596635,False,False,0,0,0,0,0.0,0,959.8470111183243,0.0,66.0,114.0
896,5066,2022-05-08,Arizona Diamondbacks,Colorado Rockies,1,-149.0,130.0,0.5983935742971888,0.4347826086956521,0.5725206490539512,0.4274793509460489,-0.025872925243237588,-0.00730325774960322,False,False,0,0,0,0,0.0,0,959.8470111183243,0.0,66.0,114.0
897,3352,2021-07-26,Chicago Cubs,Cincinnati Reds,1,-129.0,113.5,0.5633187772925764,0.468384074941452,0.5416244022605419,0.4583755977394581,-0.02169437503203453,-0.010008477201993937,False,False,0,0,0,0,0.0,0,959.8470111183243,0.0,66.0,114.0
898,6312,2022-08-09,Houston Astros,Texas Rangers,1,-175.0,155.0,0.6363636363636364,0.392156862745098,0.6007425482787574,0.3992574517212426,-0.03562108808487896,0.007100588976144628,False,False,0,0,0,0,0.0,0,959.8470111183243,0.0,66.0,114.0
899,3920,2021-09-05,San Diego Padres,Houston Astros,1,100.0,-115.0,0.5,0.5348837209302325,0.4839064688563016,0.5160935311436983,-0.01609353114369838,-0.01879018978653424,False,False,0,0,0,0,0.0,0,959.8470111183243,0.0,66.0,114.0
900,3817,2021-08-29,Detroit Tigers,Toronto Blue Jays,0,142.0,-164.0,0.4132231404958678,0.6212121212121212,0.4124033860875966,0.5875966139124034,-0.0008197544082712005,-0.03361550729971785,False,False,0,0,0,0,0.0,0,959.8470111183243,0.0,66.0,114.0
901,7982,2023-04-24,Cincinnati Reds,Texas Rangers,1,-102.5,-113.5,0.5061728395061729,0.531615925058548,0.4893506561960261,0.5106493438039739,-0.016822183310146788,-0.02096658125457418,False,False,0,0,0,0,0.0,0,959.8470111183243,0.0,66.0,114.0
902,5221,2022-05-20,Chicago Cubs,Arizona Diamondbacks,0,-141.0,123.0,0.5850622406639004,0.4484304932735426,0.555768796568074,0.4442312034319259,-0.02929344409582646,-0.004199289841616716,False,False,0,0,0,0,0.0,0,959.8470111183243,0.0,66.0,114.0
903,2859,2021-06-18,Baltimore Orioles,Toronto Blue Jays,1,141.0,-161.0,0.4149377593360996,0.6168582375478927,0.4124033860875966,0.5875966139124034,-0.00253437324850303,-0.029261623635489342,False,False,0,0,0,0,0.0,0,959.8470111183243,0.0,66.0,114.0
904,3843,2021-08-31,Texas Rangers,Colorado Rockies,1,117.0,-135.0,0.4608294930875576,0.574468085106383,0.430161943319838,0.569838056680162,-0.030667549767719626,-0.004630028426221067,False,False,0,0,0,0,0.0,0,959.8470111183243,0.0,66.0,114.0
905,5596,2022-06-15,Toronto Blue Jays,Baltimore Orioles,1,-303.0,245.0,0.7518610421836228,0.2898550724637681,0.7798774259448418,0.2201225740551582,0.028016383761218955,-0.06973249840860993,True,False,0,1,0,0,47.99235055591622,0,911.8546605624081,0.0,66.0,115.0
906,2308,2021-05-08,Houston Astros,Toronto Blue Jays,0,-145.0,128.0,0.5918367346938775,0.4385964912280701,0.5725206490539512,0.4274793509460489,-0.019316085639926373,-0.01111714028202121,False,False,0,0,0,0,0.0,0,911.8546605624081,0.0,66.0,115.0
907,8492,2023-05-31,Houston Astros,Minnesota Twins,0,-181.0,155.0,0.6441281138790036,0.392156862745098,0.6007425482787574,0.3992574517212426,-0.0433855656002462,0.007100588976144628,False,False,0,0,0,0,0.0,0,911.8546605624081,0.0,66.0,115.0
908,7031,2022-10-01,Seattle Mariners,Oakland Athletics,1,-250.0,210.0,0.7142857142857143,0.3225806451612903,0.7575789696841213,0.2424210303158787,0.043293255398407005,-0.08015961484541162,True,False,0,1,0,0,47.99235055591622,0,863.8623100064918,0.0,66.0,116.0
909,2129,2021-04-25,Chicago Cubs,Milwaukee Brewers,0,115.0,-130.0,0.4651162790697674,0.5652173913043478,0.4410070605722779,0.558992939427722,-0.024109218497489482,-0.006224451876625792,False,False,0,0,0,0,0.0,0,863.8623100064918,0.0,66.0,116.0
910,6402,2022-08-16,Cincinnati Reds,Philadelphia Phillies,0,155.0,-182.0,0.392156862745098,0.6453900709219859,0.3870572152305899,0.6129427847694102,-0.005099647514508088,-0.03244728615257564,False,False,0,0,0,0,0.0,0,863.8623100064918,0.0,66.0,116.0
911,8160,2023-05-07,Cleveland Guardians,Minnesota Twins,1,115.5,-135.0,0.4640371229698375,0.574468085106383,0.430161943319838,0.569838056680162,-0.03387517964999953,-0.004630028426221067,False,False,0,0,0,0,0.0,0,863.8623100064918,0.0,66.0,116.0
912,6254,2022-08-05,Cleveland Guardians,Houston Astros,0,170.0,-200.0,0.3703703703703703,0.6666666666666666,0.3604465709728868,0.6395534290271132,-0.009923799397483501,-0.027113237639553422,False,False,0,0,0,0,0.0,0,863.8623100064918,0.0,66.0,116.0
913,7857,2023-04-15,San Diego Padres,Milwaukee Brewers,1,-128.5,111.5,0.562363238512035,0.4728132387706856,0.5416244022605419,0.4583755977394581,-0.020738836251493087,-0.014437641031227522,False,False,0,0,0,0,0.0,0,863.8623100064918,0.0,66.0,116.0
