,id,game_date,home_team,away_team,home_is_winner,home_odds,away_odds,home_implied_prob,away_implied_prob,model_home_win_prob,model_away_win_prob,homediff,awaydiff,betaway,bethome,game_won,game_lost,win,loss,bet_amount,bet_win,bankroll,net_bet_win,total_won_games,total_lost_games
0,6033,2022-07-16,San Diego Padres,Arizona Diamondbacks,1,-179.0,164.0,0.6415770609318996,0.3787878787878788,0.6460711192665451,0.3539288807334548,0.0044940583346455565,-0.024858998054423986,False,False,0,0,0,0,0.0,0,2500.0,0.0,0.0,0.0
1,5362,2022-05-29,San Diego Padres,Pittsburgh Pirates,1,-189.0,175.0,0.6539792387543253,0.3636363636363636,0.6422724827164725,0.3577275172835274,-0.011706756037852761,-0.005908846352836172,False,False,0,0,0,0,0.0,0,2500.0,0.0,0.0,0.0
2,1319,2020-09-27,Atlanta Braves,Boston Red Sox,0,-130.0,119.0,0.5652173913043478,0.45662100456621,0.638515493978048,0.361484506021952,0.07329810267370018,-0.09513649854425804,True,False,1,0,0,0,125.0,0,2648.75,148.75,1.0,0.0
3,3233,2021-07-18,Pittsburgh Pirates,New York Mets,0,134.0,-145.0,0.4273504273504273,0.5918367346938775,0.460873650703656,0.5391263492963438,0.033523223353228715,-0.0527103853975337,True,False,1,0,0,0,125.0,0,2734.956896551724,86.20689655172414,2.0,0.0
4,5739,2022-06-26,New York Yankees,Houston Astros,1,-154.0,142.0,0.6062992125984252,0.4132231404958678,0.5094669756947259,0.490533024305274,-0.09683223690369935,0.07730988380940623,False,True,1,0,0,0,125.0,0,2816.1257277205555,81.16883116883116,3.0,0.0
5,7856,2023-04-15,Washington Nationals,Cleveland Guardians,0,151.0,-164.0,0.398406374501992,0.6212121212121212,0.4334218642605185,0.5665781357394815,0.035015489758526475,-0.05463398547263976,True,False,1,0,0,0,140.80628638602778,0,2901.9832194193527,85.85749169879742,4.0,0.0
6,6250,2022-08-04,Kansas City Royals,Boston Red Sox,1,120.0,-130.0,0.4545454545454545,0.5652173913043478,0.448739230939735,0.551260769060265,-0.005806223605719474,-0.013956622244082784,False,False,0,0,0,0,0.0,0,2901.9832194193527,0.0,4.0,0.0
7,3775,2021-08-26,New York Mets,San Francisco Giants,0,113.0,-123.0,0.4694835680751174,0.5515695067264574,0.4330074051628385,0.5669925948371615,-0.0364761629122789,0.01542308811070403,False,True,0,1,0,0,140.80628638602778,0,2761.176933033325,0.0,4.0,1.0
8,6254,2022-08-05,Cleveland Guardians,Houston Astros,0,175.0,-192.0,0.3636363636363636,0.6575342465753424,0.4211061983398732,0.5788938016601268,0.05746983470350958,-0.0786404449152156,True,False,1,0,0,0,140.80628638602778,0,2834.513540526048,73.3366074927228,5.0,1.0
9,4880,2022-04-26,Pittsburgh Pirates,Milwaukee Brewers,0,159.0,-172.0,0.3861003861003861,0.6323529411764706,0.4336972441498672,0.5663027558501328,0.047596858049481106,-0.06605018532633777,True,False,1,0,0,0,140.80628638602778,0,2916.3776605179246,81.86411999187662,6.0,1.0
10,782,2020-08-22,Baltimore Orioles,Boston Red Sox,1,103.0,-112.0,0.4926108374384236,0.5283018867924528,0.5078380365790014,0.4921619634209986,0.015227199140577796,-0.03613992337145422,True,False,0,1,0,0,145.81888302589624,0,2770.558777492028,0.0,6.0,2.0
11,5889,2022-07-06,Arizona Diamondbacks,San Francisco Giants,0,115.0,-125.0,0.4651162790697674,0.5555555555555556,0.4855765033557443,0.5144234966442556,0.020460224285976936,-0.04113205891130001,True,False,1,0,0,0,145.81888302589624,0,2887.213883912745,116.655106420717,7.0,2.0
12,6876,2022-09-20,Los Angeles Dodgers,Arizona Diamondbacks,1,-225.0,204.0,0.6923076923076923,0.3289473684210526,0.6490570029484964,0.3509429970515035,-0.04325068935919585,0.021995628630450903,False,True,1,0,0,0,145.81888302589624,0,2952.022276368699,64.80839245595388,8.0,2.0
13,5157,2022-05-15,Tampa Bay Rays,Toronto Blue Jays,1,115.0,-125.0,0.4651162790697674,0.5555555555555556,0.5239365360056505,0.4760634639943495,0.05882025693588311,-0.07949209156120607,True,False,0,1,0,0,145.81888302589624,0,2806.2033933428024,0.0,8.0,3.0
14,8252,2023-05-14,Toronto Blue Jays,Atlanta Braves,1,-107.0,-103.0,0.5169082125603864,0.5073891625615764,0.5186488397735,0.4813511602265,0.0017406272131135214,-0.026038002335076416,False,False,0,0,0,0,0.0,0,2806.2033933428024,0.0,8.0,3.0
15,4148,2021-09-22,Oakland Athletics,Seattle Mariners,0,-135.0,126.0,0.574468085106383,0.4424778761061947,0.5815075916945748,0.4184924083054252,0.007039506588191746,-0.02398546780076949,False,False,0,0,0,0,0.0,0,2806.2033933428024,0.0,8.0,3.0
16,4706,2022-04-13,Pittsburgh Pirates,Chicago Cubs,1,112.0,-122.0,0.4716981132075472,0.5495495495495496,0.4197175067405311,0.5802824932594689,-0.05198060646701608,0.030732943709919303,False,True,1,0,0,0,140.31016966714012,0,2963.3507833699996,157.14739002719693,9.0,3.0
17,8035,2023-04-28,New York Mets,Atlanta Braves,0,130.0,-141.0,0.4347826086956521,0.5850622406639004,0.463995718783835,0.5360042812161651,0.029213110088182892,-0.04905795944773539,True,False,1,0,0,0,140.31016966714012,0,3062.861541999177,99.51075862917739,10.0,3.0
18,6374,2022-08-14,Toronto Blue Jays,Cleveland Guardians,0,-133.0,124.0,0.5708154506437768,0.4464285714285714,0.5984853921964917,0.4015146078035084,0.02766994155271485,-0.044913963625063,True,False,1,0,0,0,140.31016966714012,0,3236.8461523864307,173.98461038725375,11.0,3.0
19,5295,2022-05-25,Pittsburgh Pirates,Colorado Rockies,1,-120.0,110.0,0.5454545454545454,0.4761904761904761,0.4858110044552961,0.5141889955447039,-0.05964354099924929,0.03799851935422777,False,True,1,0,0,0,140.31016966714012,0,3353.771293775714,116.92514138928344,12.0,3.0
20,693,2020-08-16,Chicago Cubs,Milwaukee Brewers,0,-132.0,121.0,0.5689655172413793,0.4524886877828054,0.6273027343221018,0.3726972656778981,0.05833721708072248,-0.07979142210490725,True,False,1,0,0,0,167.68856468878573,0,3556.674457049145,202.90316327343072,13.0,3.0
21,5990,2022-07-13,Los Angeles Angels,Houston Astros,1,-120.0,110.0,0.5454545454545454,0.4761904761904761,0.4267953646054941,0.5732046353945057,-0.1186591808490513,0.09701415920402962,False,True,1,0,0,0,167.68856468878573,0,3696.4149276231333,139.74047057398812,14.0,3.0
22,6984,2022-09-28,Pittsburgh Pirates,Cincinnati Reds,1,-114.0,104.0,0.5327102803738317,0.4901960784313725,0.5262195128814051,0.4737804871185949,-0.006490767492426608,-0.01641559131277759,False,False,0,0,0,0,0.0,0,3696.4149276231333,0.0,14.0,3.0
23,5745,2022-06-26,Milwaukee Brewers,Toronto Blue Jays,1,143.0,-154.0,0.411522633744856,0.6062992125984252,0.4924192985167835,0.5075807014832163,0.08089666477192753,-0.0987185111152089,True,False,0,1,0,0,167.68856468878573,0,3528.7263629343474,0.0,14.0,4.0
24,555,2020-08-07,Washington Nationals,Baltimore Orioles,0,-172.0,159.0,0.6323529411764706,0.3861003861003861,0.6389384962437591,0.3610615037562409,0.006585555067288529,-0.025038882344145197,False,False,0,0,0,0,0.0,0,3528.7263629343474,0.0,14.0,4.0
25,8234,2023-05-13,Detroit Tigers,Seattle Mariners,0,155.0,-168.0,0.392156862745098,0.6268656716417911,0.4276034982650105,0.5723965017349895,0.035446635519912506,-0.05446916990680162,True,False,1,0,0,0,176.43631814671738,0,3633.747980878822,105.02161794447463,15.0,4.0
26,1269,2020-09-24,Texas Rangers,Houston Astros,0,120.0,-130.0,0.4545454545454545,0.5652173913043478,0.4261918548872695,0.5738081451127306,-0.028353599658184958,0.008590753808382812,False,False,0,0,0,0,0.0,0,3633.747980878822,0.0,15.0,4.0
27,7912,2023-04-19,Detroit Tigers,Cleveland Guardians,0,130.0,-141.0,0.4347826086956521,0.5850622406639004,0.494830095368655,0.5051699046313449,0.060047486673002914,-0.07989233603255552,True,False,1,0,0,0,176.43631814671738,0,3758.8801214084087,125.1321405295868,16.0,4.0
28,6463,2022-08-20,Baltimore Orioles,Boston Red Sox,0,108.0,-118.0,0.4807692307692308,0.5412844036697247,0.5503807677533056,0.4496192322466944,0.0696115369840748,-0.09166517142303032,True,False,1,0,0,0,176.43631814671738,0,3908.402424922576,149.52230351416728,17.0,4.0
29,6735,2022-09-09,Minnesota Twins,Cleveland Guardians,0,-105.0,-105.0,0.5121951219512195,0.5121951219512195,0.5321579574347373,0.4678420425652628,0.019962835483517738,-0.04435307938595673,True,False,1,0,0,0,176.43631814671738,0,4076.437013633735,168.03458871115942,18.0,4.0
30,1080,2020-09-11,Colorado Rockies,Los Angeles Angels,1,-127.0,116.0,0.5594713656387665,0.4629629629629629,0.5302813734365184,0.4697186265634817,-0.02918999220224816,0.006755663600518769,False,False,0,0,0,0,0.0,0,4076.437013633735,0.0,18.0,4.0
31,5009,2022-05-05,Boston Red Sox,Los Angeles Angels,0,135.0,-145.0,0.425531914893617,0.5918367346938775,0.4523219770542881,0.5476780229457119,0.02679006216067109,-0.04415871174816566,True,False,1,0,0,0,203.82185068168678,0,4217.003807207312,140.56679357357712,19.0,4.0
32,715,2020-08-18,Los Angeles Angels,San Francisco Giants,0,-222.0,201.0,0.6894409937888198,0.3322259136212624,0.6431278155483353,0.3568721844516647,-0.04631317824048453,0.024646270830402273,False,True,0,1,0,0,203.82185068168678,0,4013.1819565256255,0.0,19.0,5.0
33,8464,2023-05-29,Los Angeles Dodgers,Washington Nationals,1,-228.0,206.0,0.6951219512195121,0.326797385620915,0.6474643458803235,0.3525356541196764,-0.04765760533918861,0.02573826849876143,False,True,1,0,0,0,203.82185068168678,0,4102.577505070225,89.39554854459946,20.0,5.0
34,7968,2023-04-23,New York Yankees,Toronto Blue Jays,0,120.0,-130.0,0.4545454545454545,0.5652173913043478,0.5578445115961821,0.4421554884038179,0.10329905705072762,-0.12306190290052987,True,False,1,0,0,0,203.82185068168678,0,4259.3635440561375,156.7860389859129,21.0,5.0
35,5218,2022-05-19,Boston Red Sox,Seattle Mariners,1,-122.0,112.0,0.5495495495495496,0.4716981132075472,0.5561753618986829,0.443824638101317,0.0066258123491332865,-0.027873475106230172,False,False,0,0,0,0,0.0,0,4259.3635440561375,0.0,21.0,5.0
36,4790,2022-04-19,Boston Red Sox,Toronto Blue Jays,1,-130.0,120.0,0.5652173913043478,0.4545454545454545,0.5112669594991636,0.4887330405008364,-0.05395043180518422,0.034187585955381905,False,True,1,0,0,0,212.96817720280688,0,4423.185218827527,163.82167477138992,22.0,5.0
37,1107,2020-09-13,Milwaukee Brewers,Chicago Cubs,0,-125.0,115.0,0.5555555555555556,0.4651162790697674,0.4932307561469873,0.5067692438530126,-0.06232479940856828,0.041652964783245205,False,True,0,1,0,0,212.96817720280688,0,4210.21704162472,0.0,22.0,6.0
38,2788,2021-06-12,Los Angeles Dodgers,Texas Rangers,0,-278.0,245.0,0.7354497354497355,0.2898550724637681,0.6511150989329272,0.3488849010670728,-0.08433463651680828,0.05902982860330469,False,True,0,1,0,0,212.96817720280688,0,3997.248864421913,0.0,22.0,7.0
39,7807,2023-04-11,Chicago Cubs,Seattle Mariners,1,-109.0,-101.0,0.5215311004784688,0.5024875621890548,0.5929827897829871,0.4070172102170128,0.07145168930451828,-0.09547035197204196,True,False,0,1,0,0,212.96817720280688,0,3784.280687219106,0.0,22.0,8.0
40,5644,2022-06-19,Washington Nationals,Philadelphia Phillies,1,166.0,-182.0,0.3759398496240601,0.6453900709219859,0.4218594179518949,0.578140582048105,0.04591956832783484,-0.06724948887388082,True,False,0,1,0,0,189.2140343609553,0,3595.0666528581505,0.0,22.0,9.0
41,4993,2022-05-04,Detroit Tigers,Pittsburgh Pirates,1,-143.0,132.0,0.588477366255144,0.4310344827586206,0.607250389316901,0.3927496106830989,0.018773023061756988,-0.038284872075521725,True,False,0,1,0,0,189.2140343609553,0,3405.852618497195,0.0,22.0,10.0
42,7901,2023-04-18,New York Yankees,Los Angeles Angels,0,-143.0,132.0,0.588477366255144,0.4310344827586206,0.6247005647044425,0.3752994352955575,0.036223198449298444,-0.055735047463063125,True,False,1,0,0,0,189.2140343609553,0,3655.6151438536563,249.76252535646103,23.0,10.0
43,3910,2021-09-05,Toronto Blue Jays,Oakland Athletics,1,-208.0,190.0,0.6753246753246753,0.3448275862068966,0.6275601283826489,0.3724398716173512,-0.047764546942026476,0.02761228541045463,False,True,1,0,0,0,189.2140343609553,0,3746.5834296041157,90.96828575045929,24.0,10.0
44,7067,2022-10-03,Seattle Mariners,Detroit Tigers,0,-240.0,216.0,0.7058823529411765,0.3164556962025316,0.6356988100112975,0.3643011899887025,-0.07018354292987905,0.04784549378617087,False,True,0,1,0,0,189.2140343609553,0,3557.3693952431604,0.0,24.0,11.0
45,5072,2022-05-09,Pittsburgh Pirates,Los Angeles Dodgers,1,214.0,-238.0,0.3184713375796178,0.7041420118343196,0.4182955324178865,0.5817044675821135,0.09982419483826865,-0.1224375442522061,True,False,0,1,0,0,177.86846976215804,0,3379.5009254810025,0.0,24.0,12.0
46,8502,2023-06-02,Cincinnati Reds,Milwaukee Brewers,0,164.0,-178.0,0.3787878787878788,0.6402877697841727,0.4528347459862135,0.5471652540137865,0.0740468671983347,-0.09312251577038622,True,False,1,0,0,0,177.86846976215804,0,3479.4270320889564,99.92610660795397,25.0,12.0
47,8680,2023-06-14,Seattle Mariners,Miami Marlins,0,-182.0,167.0,0.6453900709219859,0.3745318352059925,0.6344431117072729,0.3655568882927271,-0.010946959214713003,-0.008974946913265391,False,False,0,0,0,0,0.0,0,3479.4270320889564,0.0,25.0,12.0
48,6099,2022-07-24,Los Angeles Dodgers,San Francisco Giants,1,-208.0,190.0,0.6753246753246753,0.3448275862068966,0.6198505113921473,0.3801494886078526,-0.05547416393252802,0.03532190240095601,False,True,1,0,0,0,177.86846976215804,0,3564.940719474609,85.5136873856529,26.0,12.0
49,6153,2022-07-29,Miami Marlins,New York Mets,0,108.0,-118.0,0.4807692307692308,0.5412844036697247,0.4434568476649065,0.5565431523350934,-0.037312383104324276,0.015258748665368693,False,True,0,1,0,0,177.86846976215804,0,3387.072249712451,0.0,26.0,13.0
50,8670,2023-06-14,Baltimore Orioles,Toronto Blue Jays,0,-101.0,-109.0,0.5024875621890548,0.5215311004784688,0.5899097769580139,0.4100902230419861,0.08742221476895917,-0.11144087743648273,True,False,1,0,0,0,169.35361248562256,0,3542.4425363965083,155.37028668405742,27.0,13.0
51,7762,2023-04-08,Cleveland Guardians,Seattle Mariners,0,-135.0,125.0,0.574468085106383,0.4444444444444444,0.4747323617890159,0.5252676382109842,-0.09973572331736713,0.08082319376653979,False,True,0,1,0,0,169.35361248562256,0,3373.0889239108856,0.0,27.0,14.0
52,8207,2023-05-10,Cincinnati Reds,New York Mets,0,144.0,-156.0,0.4098360655737705,0.609375,0.4703384629871247,0.5296615370128753,0.06050239741335417,-0.07971346298712467,True,False,1,0,0,0,169.35361248562256,0,3481.64893191449,108.56000800360421,28.0,14.0
53,8116,2023-05-04,Washington Nationals,Chicago Cubs,1,177.0,-193.0,0.3610108303249097,0.658703071672355,0.4455614232752609,0.5544385767247391,0.08455059295035117,-0.10426449494761592,True,False,0,1,0,0,169.35361248562256,0,3312.295319428867,0.0,28.0,15.0
54,3925,2021-09-06,New York Yankees,Toronto Blue Jays,0,-125.0,115.0,0.5555555555555556,0.4651162790697674,0.5154955841786066,0.4845044158213933,-0.040059971376948944,0.01938813675162593,False,True,0,1,0,0,169.35361248562256,0,3142.9417069432443,0.0,28.0,16.0
55,3340,2021-07-25,Kansas City Royals,Detroit Tigers,1,-102.0,-108.0,0.504950495049505,0.5192307692307693,0.5642854350547959,0.4357145649452041,0.05933494000529094,-0.08351620428556517,True,False,0,1,0,0,157.14708534716223,0,2985.794621596082,0.0,28.0,17.0
56,4906,2022-04-27,Minnesota Twins,Detroit Tigers,1,-179.0,163.0,0.6415770609318996,0.3802281368821292,0.6370035198109213,0.3629964801890787,-0.004573541120978297,-0.01723165669305049,False,False,0,0,0,0,0.0,0,2985.794621596082,0.0,28.0,17.0
57,4799,2022-04-19,Los Angeles Dodgers,Atlanta Braves,0,-152.0,139.0,0.6031746031746031,0.4184100418410041,0.6402178775047944,0.3597821224952055,0.03704327433019128,-0.058627919345798585,True,False,1,0,0,0,157.14708534716223,0,3204.2290702286373,218.4344486325555,29.0,17.0
58,6247,2022-08-04,New York Mets,Atlanta Braves,1,-115.0,105.0,0.5348837209302325,0.4878048780487805,0.5177713464886845,0.4822286535113155,-0.017112374441548006,-0.00557622453746498,False,False,0,0,0,0,0.0,0,3204.2290702286373,0.0,29.0,17.0
59,5377,2022-05-30,Los Angeles Dodgers,Pittsburgh Pirates,0,-312.0,275.0,0.7572815533980582,0.2666666666666666,0.6502453695995369,0.3497546304004631,-0.10703618379852131,0.08308796373379651,False,True,0,1,0,0,157.14708534716223,0,3047.081984881475,0.0,29.0,18.0
60,8756,2023-06-20,Cleveland Guardians,Oakland Athletics,1,-215.0,196.0,0.6825396825396826,0.3378378378378378,0.6503503729089763,0.3496496270910236,-0.03218930963070621,0.011811789253185823,False,True,1,0,0,0,152.35409924407375,0,3117.9443566229047,70.86237174142966,30.0,18.0
61,7009,2022-09-30,Washington Nationals,Philadelphia Phillies,0,165.0,-179.0,0.3773584905660377,0.6415770609318996,0.4287408559061262,0.5712591440938738,0.0513823653400885,-0.0703179168380258,True,False,1,0,0,0,152.35409924407375,0,3203.058378546968,85.11402192406354,31.0,18.0
62,5766,2022-06-28,New York Yankees,Oakland Athletics,1,-192.0,175.0,0.6575342465753424,0.3636363636363636,0.649486540265606,0.3505134597343939,-0.008047706309736391,-0.013122903901969685,False,False,0,0,0,0,0.0,0,3203.058378546968,0.0,31.0,18.0
63,582,2020-08-08,San Diego Padres,Arizona Diamondbacks,0,-152.0,140.0,0.6031746031746031,0.4166666666666667,0.6310747750725569,0.3689252249274431,0.027900171897953796,-0.04774144173922357,True,False,1,0,0,0,152.35409924407375,0,3416.3541174886714,213.29573894170323,32.0,18.0
64,8695,2023-06-16,Boston Red Sox,New York Yankees,1,-116.0,106.0,0.5370370370370371,0.4854368932038835,0.4706000913566284,0.5293999086433716,-0.0664369456804087,0.04396301543948811,False,True,1,0,0,0,152.35409924407375,0,3547.693858216321,131.33974072764977,33.0,18.0
65,4146,2021-09-22,Colorado Rockies,Los Angeles Dodgers,1,178.0,-196.0,0.3597122302158273,0.6621621621621622,0.4187535409023318,0.5812464590976683,0.05904131068650448,-0.08091570306449392,True,False,0,1,0,0,177.38469291081606,0,3370.3091653055053,0.0,33.0,19.0
66,4967,2022-05-01,New York Mets,Philadelphia Phillies,1,-175.0,161.0,0.6363636363636364,0.3831417624521073,0.5729470667559563,0.4270529332440437,-0.06341656960768005,0.043911170791936405,False,True,1,0,0,0,177.38469291081606,0,3471.671846968829,101.36268166332346,34.0,19.0
67,8531,2023-06-03,San Diego Padres,Chicago Cubs,1,-163.0,150.0,0.6197718631178707,0.4,0.587912098293534,0.412087901706466,-0.03185976482433672,0.012087901706465953,False,True,1,0,0,0,177.38469291081606,0,3580.49681194479,108.82496497596077,35.0,19.0
68,4965,2022-05-01,Oakland Athletics,Cleveland Guardians,0,109.0,-119.0,0.4784688995215311,0.54337899543379,0.5102318278572332,0.4897681721427668,0.0317629283357021,-0.05361082329102318,True,False,1,0,0,0,177.38469291081606,0,3729.5595790967363,149.06276715194628,36.0,19.0
69,3418,2021-07-31,Detroit Tigers,Baltimore Orioles,0,-105.0,-105.0,0.5121951219512195,0.5121951219512195,0.6215268086773451,0.3784731913226549,0.10933168672612559,-0.13372193062856463,True,False,1,0,0,0,177.38469291081606,0,3898.4973818689423,168.93780277220577,37.0,19.0
70,630,2020-08-12,Los Angeles Angels,Oakland Athletics,0,102.0,-112.0,0.495049504950495,0.5283018867924528,0.4476066264868765,0.5523933735131236,-0.0474428784636185,0.02409148672067074,False,True,0,1,0,0,194.9248690934471,0,3703.572512775495,0.0,37.0,20.0
71,1057,2020-09-10,Oakland Athletics,Houston Astros,1,-137.0,127.0,0.5780590717299579,0.4405286343612334,0.5576923409014962,0.4423076590985038,-0.020366730828461632,0.0017790247372703738,False,False,0,0,0,0,0.0,0,3703.572512775495,0.0,37.0,20.0
72,2502,2021-05-23,Philadelphia Phillies,Boston Red Sox,1,-130.0,120.0,0.5652173913043478,0.4545454545454545,0.4629265204947872,0.5370734795052128,-0.10229087080956056,0.0825280249597583,False,True,1,0,0,0,194.9248690934471,0,3853.514719770454,149.94220699495932,38.0,20.0
73,1086,2020-09-12,Washington Nationals,Atlanta Braves,0,104.0,-114.0,0.4901960784313725,0.5327102803738317,0.4632038745077549,0.5367961254922451,-0.026992203923617564,0.004085845118413367,False,False,0,0,0,0,0.0,0,3853.514719770454,0.0,38.0,20.0
74,8126,2023-05-05,Chicago Cubs,Miami Marlins,1,-156.0,144.0,0.609375,0.4098360655737705,0.6264468072311067,0.3735531927688933,0.017071807231106684,-0.036282872804877186,True,False,0,1,0,0,194.9248690934471,0,3658.5898506770072,0.0,38.0,21.0
75,3958,2021-09-08,Boston Red Sox,Tampa Bay Rays,1,-106.0,-104.0,0.5145631067961165,0.5098039215686274,0.4267769961664605,0.5732230038335395,-0.08778611062965602,0.06341908226491211,False,True,1,0,0,0,182.92949253385038,0,3831.16484363347,172.57499295646264,39.0,21.0
76,6005,2022-07-15,Washington Nationals,Atlanta Braves,0,157.0,-172.0,0.3891050583657587,0.6323529411764706,0.4198325920887946,0.5801674079112054,0.030727533723035882,-0.052185533265265205,True,False,1,0,0,0,182.92949253385038,0,3937.5191997578013,106.35435612433162,40.0,21.0
77,5413,2022-06-02,Texas Rangers,Tampa Bay Rays,0,120.0,-130.0,0.4545454545454545,0.5652173913043478,0.4347136961547341,0.5652863038452658,-0.019831758390720378,6.891254091800914e-05,False,False,0,0,0,0,0.0,0,3937.5191997578013,0.0,40.0,21.0
78,5978,2022-07-13,Minnesota Twins,Milwaukee Brewers,1,-119.0,109.0,0.54337899543379,0.4784688995215311,0.48734368194639,0.51265631805361,-0.056035313487399985,0.034187418532078906,False,True,1,0,0,0,182.92949253385038,0,4091.241462391289,153.7222626334877,41.0,21.0
79,8244,2023-05-13,Los Angeles Dodgers,San Diego Padres,1,-142.0,131.0,0.5867768595041323,0.4329004329004329,0.6417236872808256,0.3582763127191744,0.05494682777669335,-0.07462412018125852,True,False,0,1,0,0,182.92949253385038,0,3908.3119698574387,0.0,41.0,22.0
80,7757,2023-04-08,Chicago Cubs,Texas Rangers,1,-119.0,109.0,0.54337899543379,0.4784688995215311,0.5737062079957376,0.4262937920042625,0.030327212561947592,-0.052175107517268615,True,False,0,1,0,0,195.41559849287194,0,3712.8963713645667,0.0,41.0,23.0
81,2349,2021-05-12,Pittsburgh Pirates,Cincinnati Reds,0,133.0,-145.0,0.4291845493562232,0.5918367346938775,0.460629590637192,0.539370409362808,0.03144504128096881,-0.05246632533106954,True,False,1,0,0,0,195.41559849287194,0,3847.665749635513,134.76937827094616,42.0,23.0
82,4862,2022-04-24,New York Yankees,Cleveland Guardians,1,-204.0,186.0,0.6710526315789473,0.3496503496503496,0.6099805263291593,0.3900194736708406,-0.06107210524978801,0.04036912402049103,False,True,1,0,0,0,195.41559849287194,0,3943.457709681038,95.79196004552546,43.0,23.0
83,3348,2021-07-26,New York Mets,Atlanta Braves,0,-156.0,145.0,0.609375,0.4081632653061224,0.5324126058978236,0.4675873941021764,-0.07696239410217642,0.05942412879605402,False,True,0,1,0,0,195.41559849287194,0,3748.042111188166,0.0,43.0,24.0
84,1139,2020-09-15,Los Angeles Angels,Arizona Diamondbacks,0,-135.0,125.0,0.574468085106383,0.4444444444444444,0.6020842043053534,0.3979157956946467,0.027616119198970335,-0.04652864874979773,True,False,1,0,0,0,195.41559849287194,0,3992.311609304256,244.26949811608992,44.0,24.0
85,6808,2022-09-14,Minnesota Twins,Kansas City Royals,1,-192.0,176.0,0.6575342465753424,0.3623188405797101,0.6429493892096868,0.3570506107903132,-0.014584857365655624,-0.005268229789396894,False,False,0,0,0,0,0.0,0,3992.311609304256,0.0,44.0,24.0
86,2258,2021-05-05,Seattle Mariners,Baltimore Orioles,0,-123.0,114.0,0.5515695067264574,0.4672897196261682,0.6208754824563036,0.3791245175436963,0.0693059757298462,-0.08816520208247192,True,False,1,0,0,0,199.61558046521282,0,4219.873371034599,227.5617617303426,45.0,24.0
87,3067,2021-07-03,New York Yankees,New York Mets,0,-145.0,134.0,0.5918367346938775,0.4273504273504273,0.6124640458547583,0.3875359541452416,0.02062731116088079,-0.03981447320518566,True,False,1,0,0,0,199.61558046521282,0,4487.358248857984,267.4848778233852,46.0,24.0
88,5705,2022-06-23,New York Yankees,Houston Astros,1,-130.0,120.0,0.5652173913043478,0.4545454545454545,0.5056971698236611,0.4943028301763389,-0.0595202214806867,0.03975737563088444,False,True,1,0,0,0,199.61558046521282,0,4640.908695369686,153.55044651170218,47.0,24.0
89,3672,2021-08-18,Miami Marlins,Atlanta Braves,0,181.0,-196.0,0.3558718861209964,0.6621621621621622,0.4244140711433216,0.5755859288566785,0.06854218502232517,-0.0865762333054837,True,False,1,0,0,0,199.61558046521282,0,4742.753379280509,101.84468391082287,48.0,24.0
90,6691,2022-09-06,Chicago Cubs,Cincinnati Reds,1,-159.0,147.0,0.6138996138996139,0.4048582995951417,0.5180965894255105,0.4819034105744894,-0.09580302447410338,0.07704511097934769,False,True,1,0,0,0,237.13766896402547,0,4891.8965673081975,149.14318802768898,49.0,24.0
91,8365,2023-05-22,Minnesota Twins,San Francisco Giants,0,-145.0,134.0,0.5918367346938775,0.4273504273504273,0.5719908558985464,0.4280091441014536,-0.019845878795331173,0.0006587167510263003,False,False,0,0,0,0,0.0,0,4891.8965673081975,0.0,49.0,24.0
92,7860,2023-04-15,Cincinnati Reds,Philadelphia Phillies,1,-105.0,-105.0,0.5121951219512195,0.5121951219512195,0.4817371300366045,0.5182628699633954,-0.030457991914615012,0.006067748012175911,False,False,0,0,0,0,0.0,0,4891.8965673081975,0.0,49.0,24.0
93,6229,2022-08-03,Houston Astros,Boston Red Sox,1,-189.0,174.0,0.6539792387543253,0.364963503649635,0.616514465829902,0.3834855341700979,-0.037464772924423295,0.018522030520462918,False,True,1,0,0,0,237.13766896402547,0,5017.366233426729,125.46966611853199,50.0,24.0
94,5135,2022-05-13,Los Angeles Dodgers,Philadelphia Phillies,0,-208.0,192.0,0.6753246753246753,0.3424657534246575,0.6317062720204063,0.3682937279795937,-0.04361840330426903,0.025827974554936184,False,True,0,1,0,0,237.13766896402547,0,4780.228564462704,0.0,50.0,25.0
95,615,2020-08-11,Philadelphia Phillies,Baltimore Orioles,0,-175.0,161.0,0.6363636363636364,0.3831417624521073,0.5967284491263518,0.4032715508736481,-0.03963518723728454,0.020129788421540784,False,True,0,1,0,0,239.0114282231352,0,4541.217136239568,0.0,50.0,26.0
96,7072,2022-10-04,Texas Rangers,New York Yankees,1,115.0,-125.0,0.4651162790697674,0.5555555555555556,0.4225065620071777,0.5774934379928223,-0.0426097170625897,0.021937882437266687,False,True,1,0,0,0,239.0114282231352,0,4816.080278696174,274.86314245660543,51.0,26.0
97,6075,2022-07-23,Detroit Tigers,Minnesota Twins,0,157.0,-172.0,0.3891050583657587,0.6323529411764706,0.4574187199941997,0.5425812800058003,0.06831366162844099,-0.08977166117067026,True,False,1,0,0,0,239.0114282231352,0,4955.040411384043,138.9601326878693,52.0,26.0
98,6851,2022-09-17,Los Angeles Angels,Seattle Mariners,1,-101.0,-109.0,0.5024875621890548,0.5215311004784688,0.4808084804572669,0.5191915195427331,-0.021679081731787897,-0.002339580935735719,False,False,0,0,0,0,0.0,0,4955.040411384043,0.0,52.0,26.0
99,917,2020-08-31,Philadelphia Phillies,Washington Nationals,1,-118.0,108.0,0.5412844036697247,0.4807692307692308,0.592898556996241,0.4071014430037589,0.05161415332651631,-0.07366778776547189,True,False,0,1,0,0,239.0114282231352,0,4716.028983160908,0.0,52.0,27.0
100,3046,2021-07-01,Cincinnati Reds,San Diego Padres,1,-106.0,-104.0,0.5145631067961165,0.5098039215686274,0.4356566340451391,0.5643433659548609,-0.0789064727509774,0.05453944438623348,False,True,1,0,0,0,235.80144915804541,0,4938.483180479819,222.45419731891076,53.0,27.0
101,4160,2021-09-23,San Diego Padres,San Francisco Giants,1,101.0,-111.0,0.4975124378109453,0.5260663507109005,0.4627410615698276,0.5372589384301724,-0.0347713762411177,0.011192587719271896,False,True,1,0,0,0,235.80144915804541,0,5176.642644129444,238.15946364962588,54.0,27.0
102,6803,2022-09-14,Miami Marlins,Philadelphia Phillies,0,117.0,-127.0,0.4608294930875576,0.5594713656387665,0.4379100888896658,0.5620899111103341,-0.02291940419789179,0.0026185454715675904,False,False,0,0,0,0,0.0,0,5176.642644129444,0.0,54.0,27.0
103,633,2020-08-12,Cincinnati Reds,Kansas City Royals,0,-118.0,108.0,0.5412844036697247,0.4807692307692308,0.596828254210524,0.403171745789476,0.055543850540799244,-0.07759748497975477,True,False,1,0,0,0,235.80144915804541,0,5431.308209220133,254.66556509068906,55.0,27.0
104,5659,2022-06-20,New York Mets,Miami Marlins,1,-159.0,147.0,0.6138996138996139,0.4048582995951417,0.6105468143065478,0.3894531856934522,-0.0033527995930661136,-0.015405113901689471,False,False,0,0,0,0,0.0,0,5431.308209220133,0.0,55.0,27.0
105,2094,2021-04-23,Atlanta Braves,Arizona Diamondbacks,1,-169.0,156.0,0.6282527881040892,0.390625,0.6100449575946223,0.3899550424053777,-0.01820783050946695,-0.0006699575946222946,False,False,0,0,0,0,0.0,0,5431.308209220133,0.0,55.0,27.0
106,5484,2022-06-07,Kansas City Royals,Toronto Blue Jays,0,192.0,-208.0,0.3424657534246575,0.6753246753246753,0.4193554851128926,0.5806445148871073,0.0768897316882351,-0.094680160437568,True,False,1,0,0,0,271.56541046100665,0,5561.868502711001,130.5602934908686,56.0,27.0
107,5829,2022-07-02,Cincinnati Reds,Atlanta Braves,0,157.0,-172.0,0.3891050583657587,0.6323529411764706,0.4205251928593927,0.5794748071406073,0.03142013449363401,-0.05287813403586328,True,False,1,0,0,0,271.56541046100665,0,5719.755369258099,157.8868665470969,57.0,27.0
108,8556,2023-06-06,Tampa Bay Rays,Minnesota Twins,1,-168.0,155.0,0.6268656716417911,0.392156862745098,0.6119167417618727,0.3880832582381273,-0.01494892987991836,-0.004073604506970696,False,False,0,0,0,0,0.0,0,5719.755369258099,0.0,57.0,27.0
109,6932,2022-09-23,Oakland Athletics,New York Mets,0,198.0,-218.0,0.3355704697986577,0.6855345911949685,0.4227507831576567,0.5772492168423433,0.087180313358999,-0.1082853743526252,True,False,1,0,0,0,271.56541046100665,0,5844.326658460395,124.57128920229664,58.0,27.0
110,8255,2023-05-14,Minnesota Twins,Chicago Cubs,1,-113.0,103.0,0.5305164319248826,0.4926108374384236,0.6097294541788043,0.3902705458211956,0.07921302225392168,-0.10234029161722802,True,False,0,1,0,0,292.21633292301976,0,5552.1103255373755,0.0,58.0,28.0
111,6619,2022-08-31,Arizona Diamondbacks,Philadelphia Phillies,0,123.0,-133.0,0.4484304932735426,0.5708154506437768,0.5511901225918083,0.4488098774081916,0.10275962931826571,-0.1220055732355852,True,False,1,0,0,0,292.21633292301976,0,5771.821854050924,219.71152851354867,59.0,28.0
112,8793,2023-06-23,Toronto Blue Jays,Oakland Athletics,0,-288.0,256.0,0.7422680412371134,0.2808988764044944,0.6509456588322116,0.3490543411677884,-0.09132238240490187,0.06815546476329398,False,True,0,1,0,0,292.21633292301976,0,5479.6055211279045,0.0,59.0,29.0
113,8557,2023-06-06,Philadelphia Phillies,Detroit Tigers,1,-198.0,182.0,0.6644295302013423,0.3546099290780142,0.6437910721013015,0.3562089278986985,-0.020638458100040835,0.0015989988206843164,False,False,0,0,0,0,0.0,0,5479.6055211279045,0.0,59.0,29.0
114,505,2020-08-03,San Diego Padres,Los Angeles Dodgers,1,124.0,-133.0,0.4464285714285714,0.5708154506437768,0.4230886266192881,0.576911373380712,-0.02333994480928331,0.006095922736935155,False,False,0,0,0,0,0.0,0,5479.6055211279045,0.0,59.0,29.0
115,590,2020-08-09,Tampa Bay Rays,New York Yankees,1,-106.0,-103.0,0.5145631067961165,0.5073891625615764,0.4651055394455278,0.5348944605544722,-0.049457567350588705,0.027505297992895805,False,True,1,0,0,0,273.9802760563952,0,5738.077479671673,258.47195854376906,60.0,29.0
116,5765,2022-06-28,Philadelphia Phillies,Atlanta Braves,0,-114.0,104.0,0.5327102803738317,0.4901960784313725,0.5258736191052833,0.4741263808947167,-0.006836661268548427,-0.01606969753665577,False,False,0,0,0,0,0.0,0,5738.077479671673,0.0,60.0,29.0
117,7802,2023-04-11,Tampa Bay Rays,Boston Red Sox,1,-175.0,161.0,0.6363636363636364,0.3831417624521073,0.6268522058464675,0.3731477941535325,-0.00951143051716885,-0.009993968298574796,False,False,0,0,0,0,0.0,0,5738.077479671673,0.0,60.0,29.0
118,3924,2021-09-06,Washington Nationals,New York Mets,1,113.0,-123.0,0.4694835680751174,0.5515695067264574,0.4492288160140605,0.5507711839859395,-0.02025475206105687,-0.0007983227405179427,False,False,0,0,0,0,0.0,0,5738.077479671673,0.0,60.0,29.0
119,5773,2022-06-28,Colorado Rockies,Los Angeles Dodgers,1,188.0,-204.0,0.3472222222222222,0.6710526315789473,0.4199363328661082,0.5800636671338918,0.072714110643886,-0.09098896444505555,True,False,0,1,0,0,273.9802760563952,0,5464.097203615278,0.0,60.0,30.0
120,3472,2021-08-04,Washington Nationals,Philadelphia Phillies,0,-111.0,101.0,0.5260663507109005,0.4975124378109453,0.4963827870468562,0.5036172129531438,-0.029683563664044288,0.006104775142198482,False,False,0,0,0,0,0.0,0,5464.097203615278,0.0,60.0,30.0
121,4132,2021-09-21,Chicago Cubs,Minnesota Twins,0,-115.0,105.0,0.5348837209302325,0.4878048780487805,0.5589711961520675,0.4410288038479325,0.024087475221834964,-0.04677607420084795,True,False,1,0,0,0,273.2048601807639,0,5750.9623068050805,286.8651031898021,61.0,30.0
122,6354,2022-08-12,Colorado Rockies,Arizona Diamondbacks,1,-114.0,104.0,0.5327102803738317,0.4901960784313725,0.5170741345444759,0.4829258654555241,-0.015636145829355796,-0.0072702129758484,False,False,0,0,0,0,0.0,0,5750.9623068050805,0.0,61.0,30.0
123,6714,2022-09-07,Chicago Cubs,Cincinnati Reds,0,-141.0,130.0,0.5850622406639004,0.4347826086956521,0.6053147653759015,0.3946852346240985,0.020252524712001008,-0.040097374071553615,True,False,1,0,0,0,273.2048601807639,0,6106.1286250400735,355.16631823499307,62.0,30.0
124,7985,2023-04-24,Minnesota Twins,New York Yankees,1,-149.0,138.0,0.5983935742971888,0.4201680672268907,0.5139225334745385,0.4860774665254614,-0.08447104082265022,0.0659093992985707,False,True,1,0,0,0,273.2048601807639,0,6289.487591604345,183.35896656427107,63.0,30.0
125,5890,2022-07-06,Los Angeles Dodgers,Colorado Rockies,1,-312.0,279.0,0.7572815533980582,0.2638522427440633,0.6491678785682875,0.3508321214317125,-0.10811367482977075,0.08697987868764917,False,True,1,0,0,0,314.47437958021726,0,6390.28066198262,100.79307037827478,64.0,30.0
126,8172,2023-05-08,Pittsburgh Pirates,Colorado Rockies,1,-172.0,158.0,0.6323529411764706,0.3875968992248062,0.5968379404964479,0.4031620595035521,-0.03551500068002267,0.015565160278745882,False,True,1,0,0,0,314.47437958021726,0,6573.114603599025,182.83394161640538,65.0,30.0
127,3015,2021-06-29,Atlanta Braves,New York Mets,0,-154.0,143.0,0.6062992125984252,0.411522633744856,0.6099203481775717,0.3900796518224282,0.0036211355791464506,-0.021442981922427773,False,False,0,0,0,0,0.0,0,6573.114603599025,0.0,65.0,30.0
128,5970,2022-07-12,Kansas City Royals,Detroit Tigers,0,-115.0,105.0,0.5348837209302325,0.4878048780487805,0.5715582702093651,0.4284417297906349,0.03667454927913261,-0.05936314825814559,True,False,1,0,0,0,314.47437958021726,0,6903.312702158253,330.19809855922813,66.0,30.0
129,2733,2021-06-08,San Diego Padres,Chicago Cubs,0,-172.0,159.0,0.6323529411764706,0.3861003861003861,0.6104395097207427,0.3895604902792572,-0.021913431455727883,0.003460104178871104,False,False,0,0,0,0,0.0,0,6903.312702158253,0.0,66.0,30.0
130,2647,2021-06-02,Chicago Cubs,San Diego Padres,1,-102.0,-108.0,0.504950495049505,0.5192307692307693,0.4908846247128939,0.509115375287106,-0.014065870336611053,-0.010115393943663231,False,False,0,0,0,0,0.0,0,6903.312702158253,0.0,66.0,30.0
131,1111,2020-09-13,Colorado Rockies,Los Angeles Angels,0,144.0,-156.0,0.4098360655737705,0.609375,0.4707943675799908,0.5292056324200092,0.06095830200622032,-0.08016936757999082,True,False,1,0,0,0,345.1656351079127,0,7124.572724663325,221.26002250507227,67.0,30.0
132,573,2020-08-08,Pittsburgh Pirates,Detroit Tigers,0,-118.0,108.0,0.5412844036697247,0.4807692307692308,0.4638848271215018,0.5361151728784982,-0.07739957654822294,0.05534594210926741,False,True,0,1,0,0,345.1656351079127,0,6779.407089555412,0.0,67.0,31.0
133,3960,2021-09-08,Chicago Cubs,Cincinnati Reds,1,116.0,-127.0,0.4629629629629629,0.5594713656387665,0.484042572163303,0.515957427836697,0.021079609200340077,-0.04351393780206958,True,False,0,1,0,0,345.1656351079127,0,6434.2414544475,0.0,67.0,32.0
134,6227,2022-08-03,Minnesota Twins,Detroit Tigers,1,-204.0,188.0,0.6710526315789473,0.3472222222222222,0.6321823152234121,0.367817684776588,-0.038870316355535284,0.020595462554365784,False,True,1,0,0,0,345.1656351079127,0,6603.440295186672,169.19884073917288,68.0,32.0
135,6001,2022-07-14,Texas Rangers,Seattle Mariners,0,-118.0,108.0,0.5412844036697247,0.4807692307692308,0.4850938239121182,0.5149061760878819,-0.05619057975760655,0.034136945318651135,False,True,0,1,0,0,330.17201475933365,0,6273.268280427339,0.0,68.0,33.0
136,2770,2021-06-11,Arizona Diamondbacks,Los Angeles Angels,0,114.0,-123.0,0.4672897196261682,0.5515695067264574,0.4371703918724954,0.5628296081275046,-0.03011932775367282,0.011260101401047162,False,True,0,1,0,0,330.17201475933365,0,5943.096265668006,0.0,68.0,34.0
137,5943,2022-07-10,Oakland Athletics,Houston Astros,0,161.0,-175.0,0.3831417624521073,0.6363636363636364,0.4200801364228342,0.5799198635771657,0.03693837397072691,-0.056443772786470614,True,False,1,0,0,0,330.17201475933365,0,6131.765988387625,188.66972271961922,69.0,34.0
138,6559,2022-08-27,New York Mets,Colorado Rockies,1,-238.0,216.0,0.7041420118343196,0.3164556962025316,0.6478693368989463,0.3521306631010537,-0.056272674935373246,0.035674966898522065,False,True,1,0,0,0,330.17201475933365,0,6270.493725681463,138.72773729383766,70.0,34.0
139,5301,2022-05-25,Cincinnati Reds,Chicago Cubs,1,-122.0,112.0,0.5495495495495496,0.4716981132075472,0.4462744856620193,0.5537255143379807,-0.10327506388753027,0.0820274011304335,False,True,1,0,0,0,330.17201475933365,0,6541.1265246645235,270.63279898306035,71.0,34.0
140,6726,2022-09-09,Chicago Cubs,San Francisco Giants,1,139.0,-152.0,0.4184100418410041,0.6031746031746031,0.4353715664225105,0.5646284335774895,0.016961524581506404,-0.038546169597113655,True,False,0,1,0,0,327.0563262332262,0,6214.070198431297,0.0,71.0,35.0
141,7758,2023-04-08,Philadelphia Phillies,Cincinnati Reds,1,-131.0,121.0,0.5670995670995671,0.4524886877828054,0.5803949011810638,0.4196050988189362,0.013295334081496746,-0.03288358896386917,True,False,0,1,0,0,327.0563262332262,0,5887.013872198071,0.0,71.0,36.0
142,1267,2020-09-24,Boston Red Sox,Baltimore Orioles,0,-145.0,135.0,0.5918367346938775,0.425531914893617,0.6275488660609048,0.3724511339390952,0.03571213136702722,-0.053080780954521845,True,False,1,0,0,0,327.0563262332262,0,6328.539912612927,441.52604041485534,72.0,36.0
143,3978,2021-09-10,New York Mets,New York Yankees,1,108.0,-118.0,0.4807692307692308,0.5412844036697247,0.4754036457720946,0.5245963542279053,-0.005365584997136186,-0.016688049441819452,False,False,0,0,0,0,0.0,0,6328.539912612927,0.0,72.0,36.0
144,8741,2023-06-19,Pittsburgh Pirates,Chicago Cubs,0,108.0,-118.0,0.4807692307692308,0.5412844036697247,0.4883487356432258,0.5116512643567743,0.007579504873995002,-0.02963313931295042,False,False,0,0,0,0,0.0,0,6328.539912612927,0.0,72.0,36.0
145,8205,2023-05-10,Los Angeles Angels,Houston Astros,0,115.0,-125.0,0.4651162790697674,0.5555555555555556,0.4459499078256343,0.5540500921743656,-0.019166371244133062,-0.0015054633811899532,False,False,0,0,0,0,0.0,0,6328.539912612927,0.0,72.0,36.0
146,5854,2022-07-04,Milwaukee Brewers,Chicago Cubs,1,-147.0,137.0,0.5951417004048583,0.4219409282700422,0.6447233287031315,0.3552766712968685,0.049581628298273284,-0.06666425697317369,True,False,0,1,0,0,316.4269956306464,0,6012.112916982281,0.0,72.0,37.0
147,893,2020-08-29,Boston Red Sox,Washington Nationals,1,-101.0,-109.0,0.5024875621890548,0.5215311004784688,0.4384690067728132,0.5615309932271868,-0.06401855541624157,0.03999989274871796,False,True,1,0,0,0,316.4269956306464,0,6325.406972062128,313.2940550798479,73.0,37.0
148,8771,2023-06-21,New York Yankees,Seattle Mariners,1,150.0,-163.0,0.4,0.6197718631178707,0.5363993887401133,0.4636006112598866,0.13639938874011326,-0.15617125185798408,True,False,0,1,0,0,316.4269956306464,0,6008.979976431482,0.0,73.0,38.0
149,5777,2022-06-28,Seattle Mariners,Baltimore Orioles,1,-169.0,155.0,0.6282527881040892,0.392156862745098,0.5611922637663014,0.4388077362336985,-0.06706052433778786,0.04665087348860053,False,True,1,0,0,0,316.4269956306464,0,6196.21488508867,187.23490865718722,74.0,38.0
150,8200,2023-05-10,Milwaukee Brewers,Los Angeles Dodgers,0,148.0,-161.0,0.4032258064516129,0.6168582375478927,0.4261416522215487,0.5738583477784512,0.022915845769935828,-0.04299988976944147,True,False,1,0,0,0,309.81074425443353,0,6388.643918787076,192.4290336984059,75.0,38.0
151,8499,2023-06-01,Boston Red Sox,Cincinnati Reds,1,-157.0,145.0,0.6108949416342413,0.4081632653061224,0.59541581855449,0.4045841814455099,-0.0154791230797513,-0.0035790838606125086,False,False,0,0,0,0,0.0,0,6388.643918787076,0.0,75.0,38.0
152,6544,2022-08-26,Houston Astros,Baltimore Orioles,0,-204.0,188.0,0.6710526315789473,0.3472222222222222,0.6343118377883363,0.3656881622116636,-0.036740793790611015,0.018465939989441404,False,True,0,1,0,0,309.81074425443353,0,6078.833174532642,0.0,75.0,39.0
153,6493,2022-08-22,Tampa Bay Rays,Los Angeles Angels,1,-204.0,188.0,0.6710526315789473,0.3472222222222222,0.644733217960787,0.3552667820392129,-0.02631941361816037,0.008044559816990704,False,False,0,0,0,0,0.0,0,6078.833174532642,0.0,75.0,39.0
154,6481,2022-08-21,Chicago Cubs,Milwaukee Brewers,0,136.0,-147.0,0.423728813559322,0.5951417004048583,0.4479677688398056,0.5520322311601944,0.024238955280483587,-0.043109469244663856,True,False,1,0,0,0,309.81074425443353,0,6289.588782868992,210.75560833634933,76.0,39.0
155,5790,2022-06-29,Chicago Cubs,Cincinnati Reds,1,-133.0,124.0,0.5708154506437768,0.4464285714285714,0.5441916301615637,0.4558083698384362,-0.026623820482213123,0.009379798409864804,False,False,0,0,0,0,0.0,0,6289.588782868992,0.0,76.0,39.0
156,6985,2022-09-28,Cleveland Guardians,Tampa Bay Rays,1,-120.0,110.0,0.5454545454545454,0.4761904761904761,0.4850009134348789,0.5149990865651211,-0.060453632019666526,0.03880861037464495,False,True,1,0,0,0,314.4794391434496,0,6551.6549821552,262.066199286208,77.0,39.0
157,6572,2022-08-28,New York Mets,Colorado Rockies,0,-333.0,290.0,0.76905311778291,0.2564102564102564,0.6470122091535555,0.3529877908464445,-0.12204090862935446,0.0965775344361881,False,True,0,1,0,0,314.4794391434496,0,6237.17554301175,0.0,77.0,40.0
158,5901,2022-07-07,San Diego Padres,San Francisco Giants,1,-130.0,120.0,0.5652173913043478,0.4545454545454545,0.5206804830126401,0.4793195169873598,-0.044536908291707644,0.02477406244190533,False,True,1,0,0,0,314.4794391434496,0,6479.082803891327,241.90726087957663,78.0,40.0
159,3952,2021-09-08,Arizona Diamondbacks,Texas Rangers,0,-156.0,145.0,0.609375,0.4081632653061224,0.5335608777578602,0.4664391222421397,-0.07581412224213979,0.05827585693601728,False,True,0,1,0,0,314.4794391434496,0,6164.603364747877,0.0,78.0,41.0
160,8300,2023-05-17,Boston Red Sox,Seattle Mariners,1,-120.0,110.0,0.5454545454545454,0.4761904761904761,0.5526159723127826,0.4473840276872174,0.007161426858237174,-0.028806448503258697,False,False,0,0,0,0,0.0,0,6164.603364747877,0.0,78.0,41.0
161,2102,2021-04-24,Detroit Tigers,Kansas City Royals,0,101.0,-111.0,0.4975124378109453,0.5260663507109005,0.4544613598216562,0.5455386401783437,-0.04305107798928909,0.019472289467443282,False,True,0,1,0,0,308.23016823739385,0,5856.3731965104835,0.0,78.0,42.0
162,5922,2022-07-09,Texas Rangers,Minnesota Twins,1,-118.0,107.0,0.5412844036697247,0.4830917874396135,0.5115512400488059,0.488448759951194,-0.029733163620918823,0.005356972511580516,False,False,0,0,0,0,0.0,0,5856.3731965104835,0.0,78.0,42.0
163,2045,2021-04-19,San Diego Padres,Milwaukee Brewers,0,-152.0,139.0,0.6031746031746031,0.4184100418410041,0.6225146104607193,0.3774853895392806,0.01934000728611618,-0.040924652301723485,True,False,1,0,0,0,308.23016823739385,0,6284.8131303604605,428.4399338499774,79.0,42.0
164,8566,2023-06-06,Milwaukee Brewers,Baltimore Orioles,1,-124.0,114.0,0.5535714285714286,0.4672897196261682,0.4944630972434387,0.5055369027565613,-0.05910833132798993,0.03824718313039305,False,True,1,0,0,0,308.23016823739385,0,6533.38584668094,248.5727163204789,80.0,42.0
165,5156,2022-05-15,New York Mets,Seattle Mariners,0,-125.0,115.0,0.5555555555555556,0.4651162790697674,0.6079873868524579,0.392012613147542,0.05243183129690232,-0.07310366592222539,True,False,1,0,0,0,326.669292334047,0,6909.0555328650935,375.669686184154,81.0,42.0
166,697,2020-08-16,Arizona Diamondbacks,San Diego Padres,1,118.0,-128.0,0.4587155963302752,0.5614035087719298,0.5616796083244666,0.4383203916755334,0.10296401199419142,-0.12308311709639641,True,False,0,1,0,0,326.669292334047,0,6582.3862405310465,0.0,81.0,43.0
167,5687,2022-06-22,Cincinnati Reds,Los Angeles Dodgers,0,152.0,-164.0,0.3968253968253968,0.6212121212121212,0.4186449386007708,0.5813550613992292,0.021819541775373985,-0.039857059812892004,True,False,1,0,0,0,326.669292334047,0,6781.574833417661,199.188592886614,82.0,43.0
168,2860,2021-06-18,New York Yankees,Oakland Athletics,0,-130.0,120.0,0.5652173913043478,0.4545454545454545,0.4987948115046431,0.5012051884953568,-0.06642257979970467,0.046659733949902304,False,True,0,1,0,0,326.669292334047,0,6454.905541083614,0.0,82.0,44.0
169,6783,2022-09-13,Toronto Blue Jays,Tampa Bay Rays,1,-154.0,141.0,0.6062992125984252,0.4149377593360996,0.5952442997478661,0.4047557002521339,-0.011054912850559151,-0.010182059083965689,False,False,0,0,0,0,0.0,0,6454.905541083614,0.0,82.0,44.0
170,5195,2022-05-17,Texas Rangers,Los Angeles Angels,1,115.0,-125.0,0.4651162790697674,0.5555555555555556,0.4458633364171886,0.5541366635828113,-0.019252942652578764,-0.0014188919727442517,False,False,0,0,0,0,0.0,0,6454.905541083614,0.0,82.0,44.0
171,3513,2021-08-07,Toronto Blue Jays,Boston Red Sox,0,-161.0,148.0,0.6168582375478927,0.4032258064516129,0.6273593296085689,0.372640670391431,0.010501092060676176,-0.030585136060181872,True,False,1,0,0,0,322.7452770541807,0,6932.568551123801,477.66301004018743,83.0,44.0
172,3968,2021-09-09,Miami Marlins,New York Mets,1,158.0,-172.0,0.3875968992248062,0.6323529411764706,0.4777171455014011,0.5222828544985989,0.09012024627659487,-0.11007008667787166,True,False,0,1,0,0,322.7452770541807,0,6609.82327406962,0.0,83.0,45.0
173,6040,2022-07-17,Houston Astros,Oakland Athletics,0,-263.0,237.0,0.7245179063360881,0.2967359050445103,0.6495404276327427,0.3504595723672573,-0.07497747870334548,0.05372366732274697,False,True,0,1,0,0,322.7452770541807,0,6287.07799701544,0.0,83.0,46.0
174,6031,2022-07-16,New York Yankees,Boston Red Sox,1,-154.0,143.0,0.6062992125984252,0.411522633744856,0.5878973256856687,0.4121026743143313,-0.01840188691275657,0.0005800405694753041,False,False,0,0,0,0,0.0,0,6287.07799701544,0.0,83.0,46.0
175,8630,2023-06-11,Baltimore Orioles,Kansas City Royals,1,-174.0,160.0,0.635036496350365,0.3846153846153846,0.6495430571584582,0.3504569428415418,0.014506560808093205,-0.03415844177384281,True,False,0,1,0,0,314.353899850772,0,5972.724097164668,0.0,83.0,47.0
176,8320,2023-05-19,Texas Rangers,Colorado Rockies,1,-225.0,204.0,0.6923076923076923,0.3289473684210526,0.6345260278512106,0.3654739721487894,-0.057781664456481696,0.036526603727736806,False,True,1,0,0,0,314.353899850772,0,6112.436941542789,139.71284437812088,84.0,47.0
177,6653,2022-09-03,Atlanta Braves,Miami Marlins,1,-179.0,165.0,0.6415770609318996,0.3773584905660377,0.6480345724711709,0.3519654275288291,0.006457511539271321,-0.02539306303720862,False,False,0,0,0,0,0.0,0,6112.436941542789,0.0,84.0,47.0
178,5682,2022-06-21,Oakland Athletics,Seattle Mariners,0,129.0,-139.0,0.4366812227074236,0.5815899581589958,0.4743357863329624,0.5256642136670376,0.03765456362553882,-0.055925744491958196,True,False,1,0,0,0,314.353899850772,0,6338.590826327517,226.15388478472804,85.0,47.0
179,5254,2022-05-22,Baltimore Orioles,Tampa Bay Rays,1,153.0,-167.0,0.3952569169960474,0.6254681647940075,0.4229405622920903,0.5770594377079097,0.02768364529604289,-0.04840872708609778,True,False,0,1,0,0,314.353899850772,0,6024.236926476745,0.0,85.0,48.0
180,2041,2021-04-19,Philadelphia Phillies,San Francisco Giants,0,-101.0,-109.0,0.5024875621890548,0.5215311004784688,0.5033079477205018,0.4966920522794982,0.0008203855314470321,-0.024839048198970648,False,False,0,0,0,0,0.0,0,6024.236926476745,0.0,85.0,48.0
181,4767,2022-04-17,Texas Rangers,Los Angeles Angels,0,112.0,-122.0,0.4716981132075472,0.5495495495495496,0.4338896819983823,0.5661103180016178,-0.03780843120916488,0.01656076845206822,False,True,0,1,0,0,301.2118463238373,0,5723.025080152907,0.0,85.0,49.0
182,6126,2022-07-26,Los Angeles Dodgers,Washington Nationals,0,-244.0,217.0,0.7093023255813954,0.3154574132492113,0.6501520082087779,0.349847991791222,-0.059150317372617445,0.03439057854201072,False,True,0,1,0,0,301.2118463238373,0,5421.81323382907,0.0,85.0,50.0
183,4992,2022-05-04,Miami Marlins,Arizona Diamondbacks,0,-143.0,132.0,0.588477366255144,0.4310344827586206,0.5951464464429272,0.4048535535570728,0.006669080187783227,-0.026180929201547798,False,False,0,0,0,0,0.0,0,5421.81323382907,0.0,85.0,50.0
184,6557,2022-08-27,Texas Rangers,Detroit Tigers,0,-110.0,100.0,0.5238095238095238,0.5,0.5934622862929875,0.4065377137070124,0.06965276248346364,-0.09346228629298758,True,False,1,0,0,0,301.2118463238373,0,5723.025080152907,301.2118463238373,86.0,50.0
185,3790,2021-08-27,Texas Rangers,Houston Astros,0,175.0,-189.0,0.3636363636363636,0.6539792387543253,0.4206186857614581,0.5793813142385418,0.05698232212509452,-0.07459792451578351,True,False,1,0,0,0,286.1512540076454,0,5874.4278600511325,151.40277989822505,87.0,50.0
186,4755,2022-04-16,Colorado Rockies,Chicago Cubs,1,-130.0,120.0,0.5652173913043478,0.4545454545454545,0.6028827298404489,0.3971172701595511,0.0376653385361011,-0.05742818438590336,True,False,0,1,0,0,286.1512540076454,0,5588.276606043487,0.0,87.0,51.0
187,3013,2021-06-29,Boston Red Sox,Kansas City Royals,1,-182.0,167.0,0.6453900709219859,0.3745318352059925,0.6433118342291226,0.3566881657708773,-0.0020782366928632223,-0.017843669435115173,False,False,0,0,0,0,0.0,0,5588.276606043487,0.0,87.0,51.0
188,5897,2022-07-07,Boston Red Sox,New York Yankees,0,148.0,-161.0,0.4032258064516129,0.6168582375478927,0.4252992346871035,0.5747007653128964,0.022073428235490633,-0.04215747223499633,True,False,1,0,0,0,286.1512540076454,0,5766.0103041848815,177.73369814139463,88.0,51.0
189,2820,2021-06-15,New York Mets,Chicago Cubs,1,-139.0,129.0,0.5815899581589958,0.4366812227074236,0.5160608918659519,0.483939108134048,-0.06552906629304389,0.0472578854266244,False,True,1,0,0,0,286.1512540076454,0,5971.874515701174,205.86421151629162,89.0,51.0
190,1010,2020-09-06,Oakland Athletics,San Diego Padres,0,106.0,-116.0,0.4854368932038835,0.5370370370370371,0.5704634985314601,0.4295365014685399,0.08502660532757655,-0.1075005355684972,True,False,1,0,0,0,298.59372578505867,0,6229.282899998638,257.40838429746435,90.0,51.0
191,4897,2022-04-27,Arizona Diamondbacks,Los Angeles Dodgers,1,177.0,-192.0,0.3610108303249097,0.6575342465753424,0.4189681712039373,0.5810318287960626,0.0579573408790276,-0.0765024177792798,True,False,0,1,0,0,298.59372578505867,0,5930.6891742135795,0.0,90.0,52.0
192,6736,2022-09-09,Milwaukee Brewers,Cincinnati Reds,0,-141.0,130.0,0.5850622406639004,0.4347826086956521,0.6294488547666746,0.3705511452333255,0.04438661410277411,-0.06423146346232661,True,False,1,0,0,0,298.59372578505867,0,6318.861017734156,388.17184352057626,91.0,52.0
193,8073,2023-04-30,Oakland Athletics,Cincinnati Reds,1,136.0,-147.0,0.423728813559322,0.5951417004048583,0.4249558625780855,0.5750441374219145,0.0012270490187634708,-0.02009756298294374,False,False,0,0,0,0,0.0,0,6318.861017734156,0.0,91.0,52.0
194,5001,2022-05-04,Philadelphia Phillies,Texas Rangers,0,-164.0,152.0,0.6212121212121212,0.3968253968253968,0.6129060335293295,0.3870939664706704,-0.00830608768279173,-0.0097314303547264,False,False,0,0,0,0,0.0,0,6318.861017734156,0.0,91.0,52.0
195,2132,2021-04-25,Los Angeles Dodgers,San Diego Padres,0,-120.0,111.0,0.5454545454545454,0.4739336492890995,0.6137776618858901,0.3862223381141099,0.0683231164313447,-0.08771131117498959,True,False,1,0,0,0,315.94305088670785,0,6669.5578042184015,350.69678648424576,92.0,52.0
196,5470,2022-06-06,Kansas City Royals,Toronto Blue Jays,0,150.0,-164.0,0.4,0.6212121212121212,0.4243486382015934,0.5756513617984066,0.024348638201593387,-0.045560759413714624,True,False,1,0,0,0,315.94305088670785,0,6862.206005978589,192.6482017601877,93.0,52.0
197,2694,2021-06-05,Milwaukee Brewers,Arizona Diamondbacks,1,-227.0,204.0,0.6941896024464832,0.3289473684210526,0.6474913691112599,0.35250863088874,-0.04669823333522327,0.023561262467687416,False,True,1,0,0,0,315.94305088670785,0,7001.387966721632,139.1819607430431,94.0,52.0
198,5095,2022-05-10,Arizona Diamondbacks,Miami Marlins,1,123.0,-133.0,0.4484304932735426,0.5708154506437768,0.5236463117352748,0.4763536882647252,0.07521581846173214,-0.09446176237905163,True,False,0,1,0,0,315.94305088670785,0,6685.444915834924,0.0,94.0,53.0
199,8369,2023-05-22,Seattle Mariners,Oakland Athletics,1,-300.0,266.0,0.75,0.273224043715847,0.6506590971546715,0.3493409028453284,-0.09934090284532848,0.0761168591294814,False,True,1,0,0,0,315.94305088670785,0,6790.759266130493,105.31435029556928,95.0,53.0
200,3468,2021-08-04,Cincinnati Reds,Minnesota Twins,1,-204.0,188.0,0.6710526315789473,0.3472222222222222,0.5923636969085923,0.4076363030914077,-0.07868893467035509,0.06041408086918548,False,True,1,0,0,0,339.5379633065247,0,6957.1994442219275,166.44017809143367,96.0,53.0
201,5187,2022-05-17,Tampa Bay Rays,Detroit Tigers,1,-263.0,237.0,0.7245179063360881,0.2967359050445103,0.6428578049726835,0.3571421950273165,-0.08166010136340462,0.06040628998280617,False,True,1,0,0,0,339.5379633065247,0,7086.30133141072,129.10188718879266,97.0,53.0
202,2061,2021-04-20,San Diego Padres,Milwaukee Brewers,0,-118.0,108.0,0.5412844036697247,0.4807692307692308,0.5625558709831355,0.4374441290168644,0.021271467313410786,-0.04332510175236637,True,False,1,0,0,0,339.5379633065247,0,7453.002331781767,366.70100037104675,98.0,53.0
203,518,2020-08-04,Oakland Athletics,Texas Rangers,1,-143.0,131.0,0.588477366255144,0.4329004329004329,0.6441105688657052,0.3558894311342949,0.05563320261056115,-0.07701100176613801,True,False,0,1,0,0,339.5379633065247,0,7113.464368475242,0.0,98.0,54.0
204,8768,2023-06-21,Houston Astros,New York Mets,1,-151.0,139.0,0.601593625498008,0.4184100418410041,0.6097232308308783,0.3902767691691217,0.008129605332870327,-0.028133272671882426,False,False,0,0,0,0,0.0,0,7113.464368475242,0.0,98.0,54.0
205,8204,2023-05-10,Philadelphia Phillies,Toronto Blue Jays,1,-105.0,-105.0,0.5121951219512195,0.5121951219512195,0.4989546173277018,0.5010453826722981,-0.013240504623517724,-0.011149739278921378,False,False,0,0,0,0,0.0,0,7113.464368475242,0.0,98.0,54.0
206,3095,2021-07-04,Oakland Athletics,Boston Red Sox,0,-112.0,102.0,0.5283018867924528,0.495049504950495,0.5369207450380274,0.4630792549619725,0.008618858245574623,-0.03197024998852249,False,False,0,0,0,0,0.0,0,7113.464368475242,0.0,98.0,54.0
207,5729,2022-06-25,Miami Marlins,New York Mets,0,137.0,-147.0,0.4219409282700422,0.5951417004048583,0.4382437792356641,0.5617562207643358,0.016302850965621896,-0.03338547964052241,True,False,1,0,0,0,355.67321842376214,0,7355.418938831543,241.95457035630076,99.0,54.0
208,6687,2022-09-06,Pittsburgh Pirates,New York Mets,1,195.0,-213.0,0.3389830508474576,0.6805111821086262,0.4214744353682541,0.5785255646317458,0.08249138452079646,-0.1019856174768804,True,False,0,1,0,0,355.67321842376214,0,6999.74572040778,0.0,99.0,55.0
209,6233,2022-08-03,Pittsburgh Pirates,Milwaukee Brewers,1,188.0,-204.0,0.3472222222222222,0.6710526315789473,0.4250481402313525,0.5749518597686474,0.0778259180091303,-0.09610077181029997,True,False,0,1,0,0,355.67321842376214,0,6644.072501984017,0.0,99.0,56.0
210,5601,2022-06-15,Colorado Rockies,Cleveland Guardians,0,-102.0,-108.0,0.504950495049505,0.5192307692307693,0.4427385587738917,0.5572614412261083,-0.06221193627561328,0.03803067199533905,False,True,0,1,0,0,332.2036250992009,0,6311.868876884817,0.0,99.0,57.0
211,3796,2021-08-27,Seattle Mariners,Kansas City Royals,0,-161.0,148.0,0.6168582375478927,0.4032258064516129,0.6024849663932699,0.3975150336067301,-0.014373271154622835,-0.0057107728448828055,False,False,0,0,0,0,0.0,0,6311.868876884817,0.0,99.0,57.0
212,5040,2022-05-07,Minnesota Twins,Oakland Athletics,1,-192.0,175.0,0.6575342465753424,0.3636363636363636,0.6360788323499853,0.3639211676500146,-0.021455414225357128,0.0002848040136509966,False,False,0,0,0,0,0.0,0,6311.868876884817,0.0,99.0,57.0
213,6841,2022-09-17,Washington Nationals,Miami Marlins,1,115.0,-125.0,0.4651162790697674,0.5555555555555556,0.4987929480900493,0.5012070519099506,0.033676669020281935,-0.05434850364560495,True,False,0,1,0,0,332.2036250992009,0,5979.665251785616,0.0,99.0,58.0
214,8451,2023-05-28,Los Angeles Angels,Miami Marlins,0,-127.0,117.0,0.5594713656387665,0.4608294930875576,0.5432808772984341,0.4567191227015658,-0.016190488340332432,-0.004110370385991824,False,False,0,0,0,0,0.0,0,5979.665251785616,0.0,99.0,58.0
215,6830,2022-09-16,Milwaukee Brewers,New York Yankees,1,109.0,-119.0,0.4784688995215311,0.54337899543379,0.4544042156078031,0.5455957843921969,-0.024064683913728013,0.0022167889584069345,False,False,0,0,0,0,0.0,0,5979.665251785616,0.0,99.0,58.0
216,781,2020-08-22,Atlanta Braves,Philadelphia Phillies,1,107.0,-118.0,0.4830917874396135,0.5412844036697247,0.6405511743036267,0.3594488256963732,0.15745938686401323,-0.18183557797335154,True,False,0,1,0,0,298.98326258928086,0,5680.681989196336,0.0,99.0,59.0
217,6475,2022-08-21,Philadelphia Phillies,New York Mets,0,-128.0,118.0,0.5614035087719298,0.4587155963302752,0.5066077909652323,0.4933922090347677,-0.05479571780669745,0.034676612704492515,False,True,0,1,0,0,298.98326258928086,0,5381.6987266070555,0.0,99.0,60.0
218,5188,2022-05-17,Miami Marlins,Washington Nationals,1,-164.0,150.0,0.6212121212121212,0.4,0.64764928745199,0.35235071254801,0.026437166239868803,-0.04764928745199004,True,False,0,1,0,0,298.98326258928086,0,5082.715464017775,0.0,99.0,61.0
219,6504,2022-08-23,Detroit Tigers,San Francisco Giants,0,193.0,-213.0,0.3412969283276451,0.6805111821086262,0.425432954672969,0.5745670453270308,0.08413602634532391,-0.10594413678159531,True,False,1,0,0,0,298.98326258928086,0,5223.083192932931,140.36772891515534,100.0,61.0
220,6879,2022-09-20,Tampa Bay Rays,Houston Astros,0,-130.0,120.0,0.5652173913043478,0.4545454545454545,0.4747755804369225,0.5252244195630775,-0.09044181086742531,0.07067896501762305,False,True,0,1,0,0,261.1541596466465,0,4961.929033286284,0.0,100.0,62.0
221,5010,2022-05-05,Milwaukee Brewers,Cincinnati Reds,1,-233.0,209.0,0.6996996996996997,0.3236245954692556,0.6512186654003622,0.3487813345996378,-0.04848103429933748,0.02515673913038219,False,True,1,0,0,0,261.1541596466465,0,5074.012363606733,112.08333032044915,101.0,62.0
222,6975,2022-09-27,New York Mets,Miami Marlins,0,-201.0,184.0,0.6677740863787376,0.352112676056338,0.6462135943421057,0.3537864056578943,-0.021560492036631906,0.0016737296015563174,False,False,0,0,0,0,0.0,0,5074.012363606733,0.0,101.0,62.0
223,813,2020-08-24,Arizona Diamondbacks,Colorado Rockies,0,-154.0,142.0,0.6062992125984252,0.4132231404958678,0.6227544957378048,0.3772455042621951,0.016455283139379606,-0.03597763623367267,True,False,1,0,0,0,261.1541596466465,0,5444.851270304971,370.838906698238,102.0,62.0
224,5092,2022-05-10,Los Angeles Angels,Tampa Bay Rays,1,104.0,-114.0,0.4901960784313725,0.5327102803738317,0.5382013473523547,0.4617986526476453,0.048005268920982225,-0.07091162772618642,True,False,0,1,0,0,261.1541596466465,0,5183.697110658324,0.0,102.0,63.0
225,735,2020-08-19,New York Yankees,Tampa Bay Rays,0,-182.0,167.0,0.6453900709219859,0.3745318352059925,0.547127138259041,0.452872861740959,-0.09826293266294484,0.0783410265349665,False,True,0,1,0,0,259.18485553291623,0,4924.512255125408,0.0,102.0,64.0
226,4762,2022-04-17,New York Mets,Arizona Diamondbacks,1,-182.0,168.0,0.6453900709219859,0.373134328358209,0.6437335252680352,0.3562664747319647,-0.0016565456539506807,-0.016867853626244267,False,False,0,0,0,0,0.0,0,4924.512255125408,0.0,102.0,64.0
227,5464,2022-06-05,Colorado Rockies,Atlanta Braves,0,136.0,-147.0,0.423728813559322,0.5951417004048583,0.4270861402057264,0.5729138597942736,0.0033573266464043683,-0.022227840610584693,False,False,0,0,0,0,0.0,0,4924.512255125408,0.0,102.0,64.0
228,787,2020-08-22,Seattle Mariners,Texas Rangers,1,-133.0,123.0,0.5708154506437768,0.4484304932735426,0.5668626927042145,0.4331373072957855,-0.00395275793956229,-0.01529318597775714,False,False,0,0,0,0,0.0,0,4924.512255125408,0.0,102.0,64.0
229,7060,2022-10-03,Baltimore Orioles,Toronto Blue Jays,0,118.0,-128.0,0.4587155963302752,0.5614035087719298,0.4371508437768947,0.5628491562231053,-0.021564752553380473,0.0014456474511754802,False,False,0,0,0,0,0.0,0,4924.512255125408,0.0,102.0,64.0
230,3053,2021-07-02,Washington Nationals,Los Angeles Dodgers,0,-105.0,-105.0,0.5121951219512195,0.5121951219512195,0.4232564056760866,0.5767435943239134,-0.08893871627513295,0.0645484723726939,False,True,0,1,0,0,246.2256127562704,0,4678.286642369138,0.0,102.0,65.0
231,4844,2022-04-23,Detroit Tigers,Colorado Rockies,1,-137.0,127.0,0.5780590717299579,0.4405286343612334,0.4752865722971785,0.5247134277028214,-0.10277249943277933,0.08418479334158796,False,True,1,0,0,0,246.2256127562704,0,4858.013367008751,179.72672463961342,103.0,65.0
232,8903,2023-07-01,Atlanta Braves,Miami Marlins,1,-157.0,145.0,0.6108949416342413,0.4081632653061224,0.6405537759729233,0.3594462240270767,0.029658834338681994,-0.04871704127904569,True,False,0,1,0,0,246.2256127562704,0,4611.78775425248,0.0,103.0,66.0
233,2220,2021-05-02,Minnesota Twins,Kansas City Royals,1,-182.0,166.0,0.6453900709219859,0.3759398496240601,0.5306044142285522,0.4693955857714477,-0.11478565669343366,0.09345573614738761,False,True,1,0,0,0,246.2256127562704,0,4747.076552470211,135.288798217731,104.0,66.0
234,6957,2022-09-25,Minnesota Twins,Los Angeles Angels,0,-105.0,-105.0,0.5121951219512195,0.5121951219512195,0.5962699370811722,0.4037300629188278,0.08407481512995263,-0.10846505903239173,True,False,1,0,0,0,246.2256127562704,0,4981.577136047611,234.50058357740036,105.0,66.0
235,6396,2022-08-15,Minnesota Twins,Kansas City Royals,1,-182.0,168.0,0.6453900709219859,0.373134328358209,0.6380325102601306,0.3619674897398693,-0.0073575606618552225,-0.01116683861833967,False,False,0,0,0,0,0.0,0,4981.577136047611,0.0,105.0,66.0
236,944,2020-09-02,New York Yankees,Tampa Bay Rays,0,-112.0,102.0,0.5283018867924528,0.495049504950495,0.5146447554074848,0.4853552445925152,-0.013657131384968046,-0.009694260357979767,False,False,0,0,0,0,0.0,0,4981.577136047611,0.0,105.0,66.0
237,8743,2023-06-19,Minnesota Twins,Boston Red Sox,0,-134.0,124.0,0.5726495726495726,0.4464285714285714,0.5293083397500848,0.4706916602499151,-0.04334123289948777,0.024263088821343703,False,True,0,1,0,0,249.07885680238056,0,4732.49827924523,0.0,105.0,67.0
238,4883,2022-04-26,Philadelphia Phillies,Colorado Rockies,1,-161.0,148.0,0.6168582375478927,0.4032258064516129,0.5709003767616143,0.4290996232383857,-0.04595786078627839,0.025873816786772807,False,True,1,0,0,0,249.07885680238056,0,4887.205643718758,154.7073644735283,106.0,67.0
239,6763,2022-09-11,Minnesota Twins,Cleveland Guardians,0,140.0,-152.0,0.4166666666666667,0.6031746031746031,0.4695842015637848,0.5304157984362152,0.05291753489711809,-0.07275880473838792,True,False,1,0,0,0,249.07885680238056,0,5051.073312667693,163.86766894893458,107.0,67.0
240,2055,2021-04-20,Philadelphia Phillies,San Francisco Giants,0,-147.0,137.0,0.5951417004048583,0.4219409282700422,0.4981641463292561,0.5018358536707439,-0.09697755407560216,0.0798949254007017,False,True,0,1,0,0,252.55366563338467,0,4798.519647034309,0.0,107.0,68.0
241,3674,2021-08-18,Texas Rangers,Seattle Mariners,0,144.0,-156.0,0.4098360655737705,0.609375,0.4406731830181609,0.5593268169818391,0.030837117444390383,-0.05004818301816094,True,False,1,0,0,0,252.55366563338467,0,4960.413022440325,161.89337540601582,108.0,68.0
242,4959,2022-05-01,Kansas City Royals,New York Yankees,0,171.0,-185.0,0.3690036900369003,0.6491228070175439,0.4198247432487106,0.5801752567512892,0.050821053211810296,-0.06894755026625465,True,False,1,0,0,0,252.55366563338467,0,5096.92851737729,136.5154949369647,109.0,68.0
243,5946,2022-07-10,San Diego Padres,San Francisco Giants,0,-116.0,106.0,0.5370370370370371,0.4854368932038835,0.5098726348779649,0.4901273651220351,-0.027164402159072232,0.004690471918151584,False,False,0,0,0,0,0.0,0,5096.92851737729,0.0,109.0,68.0
244,3522,2021-08-07,Atlanta Braves,Washington Nationals,0,-217.0,199.0,0.6845425867507886,0.334448160535117,0.6464323402623788,0.3535676597376212,-0.03811024648840977,0.01911949920250422,False,True,0,1,0,0,252.55366563338467,0,4844.374851743905,0.0,109.0,69.0
245,8375,2023-05-23,Washington Nationals,San Diego Padres,0,131.0,-142.0,0.4329004329004329,0.5867768595041323,0.4662955924499998,0.5337044075500001,0.0333951595495669,-0.05307245195413213,True,False,1,0,0,0,242.21874258719527,0,5014.951431030662,170.5765792867572,110.0,69.0
246,5594,2022-06-15,Washington Nationals,Atlanta Braves,0,161.0,-175.0,0.3831417624521073,0.6363636363636364,0.4196274706992067,0.5803725293007933,0.0364857082470994,-0.05599110706284305,True,False,1,0,0,0,242.21874258719527,0,5153.362141080488,138.41071004982587,111.0,69.0
247,3356,2021-07-26,Seattle Mariners,Houston Astros,1,157.0,-172.0,0.3891050583657587,0.6323529411764706,0.4291629670832863,0.5708370329167136,0.04005790871752757,-0.061515908259756946,True,False,0,1,0,0,242.21874258719527,0,4911.143398493293,0.0,111.0,70.0
248,4970,2022-05-02,Miami Marlins,Arizona Diamondbacks,0,-154.0,141.0,0.6062992125984252,0.4149377593360996,0.6222640379485309,0.3777359620514691,0.015964825350105682,-0.03720179728463052,True,False,1,0,0,0,242.21874258719527,0,5252.671825541238,341.5284270479453,112.0,70.0
249,1927,2021-04-11,Texas Rangers,San Diego Padres,0,143.0,-154.0,0.411522633744856,0.6062992125984252,0.4204134821984574,0.5795865178015426,0.008890848453601441,-0.026712694796882652,False,False,0,0,0,0,0.0,0,5252.671825541238,0.0,112.0,70.0
250,6299,2022-08-08,Chicago Cubs,Washington Nationals,1,-185.0,170.0,0.6491228070175439,0.3703703703703703,0.6470687916148445,0.3529312083851554,-0.0020540154026993385,-0.01743916198521489,False,False,0,0,0,0,0.0,0,5252.671825541238,0.0,112.0,70.0
251,8778,2023-06-22,Washington Nationals,Arizona Diamondbacks,0,137.0,-148.0,0.4219409282700422,0.5967741935483871,0.4331713413944509,0.566828658605549,0.0112304131244087,-0.029945534942838137,True,False,1,0,0,0,262.6335912770619,0,5430.126954782496,177.45512924125802,113.0,70.0
252,1007,2020-09-06,Minnesota Twins,Detroit Tigers,0,-179.0,165.0,0.6415770609318996,0.3773584905660377,0.6417846031827275,0.3582153968172725,0.00020754225082786348,-0.019143093748765216,False,False,0,0,0,0,0.0,0,5430.126954782496,0.0,113.0,70.0
253,8748,2023-06-20,Detroit Tigers,Kansas City Royals,0,-138.0,128.0,0.5798319327731093,0.4385964912280701,0.6377618581126757,0.3622381418873243,0.057929925339566424,-0.07635834934074581,True,False,1,0,0,0,262.6335912770619,0,5766.297951617135,336.17099683463925,114.0,70.0
254,3996,2021-09-11,Houston Astros,Los Angeles Angels,0,-233.0,212.0,0.6996996996996997,0.3205128205128205,0.6460832528570349,0.353916747142965,-0.053616446842664756,0.03340392663014452,False,True,0,1,0,0,262.6335912770619,0,5503.6643603400735,0.0,114.0,71.0
255,4763,2022-04-17,Cleveland Guardians,San Francisco Giants,0,110.0,-120.0,0.4761904761904761,0.5454545454545454,0.4193925136695346,0.5806074863304654,-0.05679796252094149,0.035152940875920025,False,True,0,1,0,0,275.1832180170037,0,5228.481142323069,0.0,114.0,72.0
256,6027,2022-07-16,Cleveland Guardians,Detroit Tigers,1,-161.0,148.0,0.6168582375478927,0.4032258064516129,0.6355133401530522,0.3644866598469479,0.018655102605159457,-0.03873914660466499,True,False,0,1,0,0,275.1832180170037,0,4953.297924306065,0.0,114.0,73.0
257,2079,2021-04-22,Cincinnati Reds,Arizona Diamondbacks,0,-135.0,126.0,0.574468085106383,0.4424778761061947,0.5946283112956826,0.4053716887043174,0.02016022618929958,-0.03710618740187732,True,False,1,0,0,0,275.1832180170037,0,5300.02877900749,346.7308547014247,115.0,73.0
258,7750,2023-04-07,Atlanta Braves,San Diego Padres,0,-120.0,110.0,0.5454545454545454,0.4761904761904761,0.6286722249126602,0.3713277750873399,0.08321767945811476,-0.10486270110313622,True,False,1,0,0,0,275.1832180170037,0,5602.730318826194,302.7015398187041,116.0,73.0
259,3675,2021-08-18,Kansas City Royals,Houston Astros,1,148.0,-161.0,0.4032258064516129,0.6168582375478927,0.4345521294042137,0.5654478705957863,0.03132632295260085,-0.051410366952106434,True,False,0,1,0,0,275.1832180170037,0,5327.54710080919,0.0,116.0,74.0
260,7961,2023-04-22,Arizona Diamondbacks,San Diego Padres,0,132.0,-143.0,0.4310344827586206,0.588477366255144,0.5634071156083373,0.4365928843916626,0.13237263284971673,-0.1518844818634814,True,False,1,0,0,0,266.3773550404595,0,5513.824971466854,186.27787065766398,117.0,74.0
261,5340,2022-05-28,Detroit Tigers,Cleveland Guardians,0,134.0,-145.0,0.4273504273504273,0.5918367346938775,0.4900909728518846,0.5099090271481155,0.0627405455014573,-0.08192770754576206,True,False,1,0,0,0,266.3773550404595,0,5697.533492184412,183.70852071755832,118.0,74.0
262,8604,2023-06-09,Toronto Blue Jays,Minnesota Twins,0,-122.0,112.0,0.5495495495495496,0.4716981132075472,0.6027770850749052,0.3972229149250947,0.05322753552535564,-0.07447519828245247,True,False,1,0,0,0,266.3773550404595,0,5995.876129829727,298.3426376453147,119.0,74.0
263,8000,2023-04-25,Minnesota Twins,New York Yankees,1,-123.0,113.0,0.5515695067264574,0.4694835680751174,0.5238022726284499,0.4761977273715501,-0.02776723409800752,0.006714159296432709,False,False,0,0,0,0,0.0,0,5995.876129829727,0.0,119.0,74.0
264,8686,2023-06-15,Atlanta Braves,Colorado Rockies,1,-240.0,216.0,0.7058823529411765,0.3164556962025316,0.6483887938122934,0.3516112061877066,-0.0574935591288831,0.03515550998517497,False,True,1,0,0,0,266.3773550404595,0,6106.866694429918,110.99056460019148,120.0,74.0
265,2171,2021-04-28,Arizona Diamondbacks,San Diego Padres,0,144.0,-156.0,0.4098360655737705,0.609375,0.5160413110650812,0.4839586889349188,0.10620524549131072,-0.12541631106508122,True,False,1,0,0,0,305.3433347214959,0,6302.599601302672,195.7329068727538,121.0,74.0
266,8124,2023-05-04,Miami Marlins,Atlanta Braves,0,-102.0,-108.0,0.504950495049505,0.5192307692307693,0.4243740093659055,0.5756259906340945,-0.08057648568359943,0.0563952214033252,False,True,0,1,0,0,305.3433347214959,0,5997.2562665811765,0.0,121.0,75.0
267,4942,2022-04-30,Oakland Athletics,Cleveland Guardians,0,138.0,-149.0,0.4201680672268907,0.5983935742971888,0.5231845491025111,0.4768154508974888,0.1030164818756204,-0.12157812339969998,True,False,1,0,0,0,305.3433347214959,0,6202.184679145939,204.92841256476237,122.0,75.0
268,6684,2022-09-05,Los Angeles Angels,Detroit Tigers,1,-175.0,161.0,0.6363636363636364,0.3831417624521073,0.6234732748707517,0.3765267251292483,-0.012890361492884694,-0.006615037322859008,False,False,0,0,0,0,0.0,0,6202.184679145939,0.0,122.0,75.0
269,8373,2023-05-23,Tampa Bay Rays,Toronto Blue Jays,0,-126.0,116.0,0.5575221238938053,0.4629629629629629,0.5969515950739104,0.4030484049260895,0.03942947118010509,-0.0599145580368734,True,False,1,0,0,0,305.3433347214959,0,6556.382947422874,354.19826827693527,123.0,75.0
270,6685,2022-09-05,Los Angeles Dodgers,San Francisco Giants,0,-200.0,185.0,0.6666666666666666,0.3508771929824561,0.6191484335079592,0.3808515664920407,-0.0475182331587074,0.029974373509584595,False,True,0,1,0,0,327.81914737114374,0,6228.56380005173,0.0,123.0,76.0
271,5928,2022-07-09,New York Mets,Miami Marlins,1,-169.0,155.0,0.6282527881040892,0.392156862745098,0.6189125293220297,0.3810874706779703,-0.009340258782059574,-0.011069392067127704,False,False,0,0,0,0,0.0,0,6228.56380005173,0.0,123.0,76.0
272,5094,2022-05-10,Seattle Mariners,Philadelphia Phillies,1,111.0,-120.0,0.4739336492890995,0.5454545454545454,0.4621784588342265,0.5378215411657736,-0.011755190454872999,-0.007633004288771783,False,False,0,0,0,0,0.0,0,6228.56380005173,0.0,123.0,76.0
273,785,2020-08-22,Los Angeles Dodgers,Colorado Rockies,1,-208.0,189.0,0.6753246753246753,0.3460207612456747,0.6481665205770482,0.3518334794229519,-0.027158154747627172,0.005812718177277187,False,False,0,0,0,0,0.0,0,6228.56380005173,0.0,123.0,76.0
274,5399,2022-06-01,Oakland Athletics,Houston Astros,0,196.0,-213.0,0.3378378378378378,0.6805111821086262,0.419704837741822,0.580295162258178,0.08186699990398422,-0.10021601985044815,True,False,1,0,0,0,327.81914737114374,0,6382.4695030428775,153.9057029911473,124.0,76.0
275,6814,2022-09-15,Miami Marlins,Philadelphia Phillies,1,122.0,-132.0,0.4504504504504504,0.5689655172413793,0.4305226955103401,0.5694773044896598,-0.019927754940110287,0.000511787248280493,False,False,0,0,0,0,0.0,0,6382.4695030428775,0.0,124.0,76.0
276,5098,2022-05-11,New York Yankees,Toronto Blue Jays,1,-139.0,129.0,0.5815899581589958,0.4366812227074236,0.6048356563263615,0.3951643436736384,0.023245698167365658,-0.0415168790337852,True,False,0,1,0,0,319.1234751521439,0,6063.346027890733,0.0,124.0,77.0
277,6293,2022-08-07,Arizona Diamondbacks,Colorado Rockies,1,-152.0,139.0,0.6031746031746031,0.4184100418410041,0.5803827245289614,0.4196172754710385,-0.022791878645641694,0.0012072336300343878,False,False,0,0,0,0,0.0,0,6063.346027890733,0.0,124.0,77.0
278,2508,2021-05-23,Atlanta Braves,Pittsburgh Pirates,1,-182.0,167.0,0.6453900709219859,0.3745318352059925,0.6496644641564037,0.3503355358435963,0.004274393234417806,-0.0241962993623962,False,False,0,0,0,0,0.0,0,6063.346027890733,0.0,124.0,77.0
279,5433,2022-06-03,Milwaukee Brewers,San Diego Padres,0,-147.0,137.0,0.5951417004048583,0.4219409282700422,0.6113126473501189,0.3886873526498811,0.016170946945260667,-0.033253575620161124,True,False,1,0,0,0,319.1234751521439,0,6500.545188849171,437.1991609584372,125.0,77.0
280,6061,2022-07-22,Boston Red Sox,Toronto Blue Jays,0,107.0,-118.0,0.4830917874396135,0.5412844036697247,0.45123240391208,0.5487675960879199,-0.03185938352753348,0.0074831924181951726,False,False,0,0,0,0,0.0,0,6500.545188849171,0.0,125.0,77.0
281,7831,2023-04-13,Cincinnati Reds,Philadelphia Phillies,1,-115.0,105.0,0.5348837209302325,0.4878048780487805,0.5129995258000163,0.4870004741999837,-0.021884195130216222,-0.0008044038487967642,False,False,0,0,0,0,0.0,0,6500.545188849171,0.0,125.0,77.0
282,2353,2021-05-12,Washington Nationals,Philadelphia Phillies,0,123.0,-133.0,0.4484304932735426,0.5708154506437768,0.4544657874052177,0.5455342125947823,0.006035294131675084,-0.025281238048994514,False,False,0,0,0,0,0.0,0,6500.545188849171,0.0,125.0,77.0
283,6016,2022-07-15,San Diego Padres,Arizona Diamondbacks,1,-182.0,166.0,0.6453900709219859,0.3759398496240601,0.640567860654123,0.359432139345877,-0.004822210267862892,-0.016507710278183096,False,False,0,0,0,0,0.0,0,6500.545188849171,0.0,125.0,77.0
284,2154,2021-04-27,Houston Astros,Seattle Mariners,1,-175.0,161.0,0.6363636363636364,0.3831417624521073,0.6266680789252304,0.3733319210747696,-0.009695557438406,-0.009809841377337702,False,False,0,0,0,0,0.0,0,6500.545188849171,0.0,125.0,77.0
285,6894,2022-09-21,Cincinnati Reds,Boston Red Sox,1,147.0,-159.0,0.4048582995951417,0.6138996138996139,0.442424369683533,0.557575630316467,0.0375660700883913,-0.05632398358314694,True,False,0,1,0,0,325.02725944245856,0,6175.517929406712,0.0,125.0,78.0
286,5259,2022-05-22,Houston Astros,Texas Rangers,1,-185.0,170.0,0.6491228070175439,0.3703703703703703,0.6433866329944531,0.3566133670055469,-0.00573617402309079,-0.013757003364823384,False,False,0,0,0,0,0.0,0,6175.517929406712,0.0,125.0,78.0
287,5600,2022-06-15,Chicago Cubs,San Diego Padres,0,-115.0,105.0,0.5348837209302325,0.4878048780487805,0.4261297100664632,0.5738702899335368,-0.10875401086376929,0.08606541188475636,False,True,0,1,0,0,325.02725944245856,0,5850.490669964253,0.0,125.0,79.0
288,8368,2023-05-22,Los Angeles Angels,Boston Red Sox,1,-109.0,-101.0,0.5215311004784688,0.5024875621890548,0.5298781374421417,0.4701218625578583,0.008347036963672894,-0.032365699631196454,False,False,0,0,0,0,0.0,0,5850.490669964253,0.0,125.0,79.0
289,3929,2021-09-06,Chicago Cubs,Cincinnati Reds,1,138.0,-149.0,0.4201680672268907,0.5983935742971888,0.5118310842763747,0.4881689157236253,0.09166301704948399,-0.11022465857356345,True,False,0,1,0,0,325.02725944245856,0,5525.463410521795,0.0,125.0,80.0
290,6342,2022-08-11,Cincinnati Reds,Chicago Cubs,0,-110.0,100.0,0.5238095238095238,0.5,0.5187476845485103,0.4812523154514897,-0.0050618392610135565,-0.01874768454851028,False,False,0,0,0,0,0.0,0,5525.463410521795,0.0,125.0,80.0
291,6948,2022-09-24,Arizona Diamondbacks,San Francisco Giants,1,-116.0,106.0,0.5370370370370371,0.4854368932038835,0.4407134614824368,0.5592865385175632,-0.0963235755546003,0.07384964531367966,False,True,1,0,0,0,276.27317052608976,0,5763.629936837389,238.1665263155946,126.0,80.0
292,6386,2022-08-14,Los Angeles Angels,Minnesota Twins,1,125.0,-135.0,0.4444444444444444,0.574468085106383,0.5053638154560044,0.4946361845439955,0.060919371011559975,-0.07983190056238754,True,False,0,1,0,0,276.27317052608976,0,5487.3567663113,0.0,126.0,81.0
293,5007,2022-05-04,Colorado Rockies,Washington Nationals,1,-137.0,128.0,0.5780590717299579,0.4385964912280701,0.6131959284023818,0.3868040715976181,0.035136856672423944,-0.051792419630452,True,False,0,1,0,0,276.27317052608976,0,5211.0835957852105,0.0,126.0,82.0
294,8889,2023-06-30,Los Angeles Angels,Arizona Diamondbacks,0,-147.0,136.0,0.5951417004048583,0.423728813559322,0.5471622646650529,0.452837735334947,-0.04797943573980534,0.029108921775624963,False,True,0,1,0,0,276.27317052608976,0,4934.810425259121,0.0,126.0,83.0
295,7820,2023-04-12,Arizona Diamondbacks,Milwaukee Brewers,1,-107.0,-103.0,0.5169082125603864,0.5073891625615764,0.4512346493929273,0.5487653506070728,-0.06567356316745915,0.041376188045496365,False,True,1,0,0,0,246.74052126295607,0,5165.409043261884,230.59861800276266,127.0,83.0
296,5778,2022-06-29,Tampa Bay Rays,Milwaukee Brewers,0,-122.0,112.0,0.5495495495495496,0.4716981132075472,0.5238943913681511,0.4761056086318489,-0.02565515818139852,0.004407495424301744,False,False,0,0,0,0,0.0,0,5165.409043261884,0.0,127.0,83.0
297,2017,2021-04-17,Miami Marlins,San Francisco Giants,1,-123.0,113.0,0.5515695067264574,0.4694835680751174,0.5047089008882079,0.4952910991117921,-0.04686060583824958,0.025807531036674713,False,True,1,0,0,0,246.74052126295607,0,5366.011093069165,200.60204980728136,128.0,83.0
298,8258,2023-05-14,Colorado Rockies,Philadelphia Phillies,1,148.0,-161.0,0.4032258064516129,0.6168582375478927,0.4282578631077519,0.571742136892248,0.025032056656139,-0.04511610065564475,True,False,0,1,0,0,246.74052126295607,0,5119.270571806209,0.0,128.0,84.0
299,8622,2023-06-10,Atlanta Braves,Washington Nationals,1,-175.0,161.0,0.6363636363636364,0.3831417624521073,0.6483146244607028,0.3516853755392972,0.011950988097066406,-0.03145638691281011,True,False,0,1,0,0,246.74052126295607,0,4872.530050543252,0.0,128.0,85.0
300,6511,2022-08-23,Oakland Athletics,Miami Marlins,0,126.0,-135.0,0.4424778761061947,0.574468085106383,0.4946233723420041,0.5053766276579958,0.052145496235809385,-0.06909145744838718,True,False,1,0,0,0,243.62650252716264,0,5052.994126489299,180.4640759460464,129.0,85.0
301,8627,2023-06-10,Los Angeles Angels,Seattle Mariners,0,-142.0,131.0,0.5867768595041323,0.4329004329004329,0.5740023400490992,0.4259976599509007,-0.012774519455033051,-0.006902772949532177,False,False,0,0,0,0,0.0,0,5052.994126489299,0.0,129.0,85.0
302,2940,2021-06-24,New York Yankees,Kansas City Royals,1,-179.0,166.0,0.6415770609318996,0.3759398496240601,0.6366152439299559,0.363384756070044,-0.004961817001943647,-0.012555093554016072,False,False,0,0,0,0,0.0,0,5052.994126489299,0.0,129.0,85.0
303,2113,2021-04-24,Colorado Rockies,Philadelphia Phillies,0,162.0,-175.0,0.3816793893129771,0.6363636363636364,0.4744356439783184,0.5255643560216816,0.09275625466534126,-0.11079928034195474,True,False,1,0,0,0,243.62650252716264,0,5192.209270790534,139.2151443012358,130.0,85.0
304,8046,2023-04-29,Detroit Tigers,Baltimore Orioles,0,151.0,-164.0,0.398406374501992,0.6212121212121212,0.4248125008301396,0.5751874991698603,0.026406126328147594,-0.046024622042260876,True,False,1,0,0,0,243.62650252716264,0,5340.762016233926,148.55274544339184,131.0,85.0
305,4973,2022-05-02,New York Mets,Atlanta Braves,0,-105.0,-105.0,0.5121951219512195,0.5121951219512195,0.6016166833835874,0.3983833166164126,0.0894215614323679,-0.11381180533480695,True,False,1,0,0,0,267.0381008116963,0,5595.0840170069705,254.3220007730441,132.0,85.0
306,4834,2022-04-22,Houston Astros,Toronto Blue Jays,0,-164.0,150.0,0.6212121212121212,0.4,0.4889449356002189,0.5110550643997811,-0.13226718561190232,0.11105506439978108,False,True,0,1,0,0,267.0381008116963,0,5328.045916195274,0.0,132.0,86.0
307,6375,2022-08-14,Cincinnati Reds,Chicago Cubs,1,132.0,-143.0,0.4310344827586206,0.588477366255144,0.4672351387769642,0.5327648612230358,0.0362006560183436,-0.05571250503210823,True,False,0,1,0,0,267.0381008116963,0,5061.0078153835775,0.0,132.0,87.0
308,8377,2023-05-23,Atlanta Braves,Los Angeles Dodgers,0,-195.0,179.0,0.6610169491525424,0.3584229390681003,0.5077751286482052,0.4922248713517949,-0.1532418205043372,0.13380193228369458,False,True,0,1,0,0,267.0381008116963,0,4793.969714571881,0.0,132.0,88.0
309,6846,2022-09-17,New York Mets,Pittsburgh Pirates,1,-303.0,266.0,0.7518610421836228,0.273224043715847,0.6500745692145578,0.3499254307854422,-0.10178647296906507,0.07670138706959517,False,True,1,0,0,0,267.0381008116963,0,4882.1011009783815,88.13138640650044,133.0,88.0
310,8394,2023-05-24,Atlanta Braves,Los Angeles Dodgers,1,-114.0,104.0,0.5327102803738317,0.4901960784313725,0.4524164909827888,0.5475835090172112,-0.08029378939104292,0.05738743058583873,False,True,1,0,0,0,244.1050550489191,0,5096.228342249363,214.12724127098164,134.0,88.0
311,8435,2023-05-27,Arizona Diamondbacks,Boston Red Sox,0,116.0,-126.0,0.4629629629629629,0.5575221238938053,0.5037534834693276,0.4962465165306723,0.04079052050636467,-0.06127560736313298,True,False,1,0,0,0,244.1050550489191,0,5289.962512923108,193.7341706737453,135.0,88.0
312,4848,2022-04-23,Philadelphia Phillies,Milwaukee Brewers,0,-141.0,130.0,0.5850622406639004,0.4347826086956521,0.525332970835517,0.474667029164483,-0.05972926982838345,0.039884420468830895,False,True,0,1,0,0,244.1050550489191,0,5045.857457874189,0.0,135.0,89.0
313,1924,2021-04-11,Minnesota Twins,Seattle Mariners,0,-172.0,157.0,0.6323529411764706,0.3891050583657587,0.6439230820821423,0.3560769179178576,0.011570140905671766,-0.03302814044790109,True,False,1,0,0,0,244.1050550489191,0,5429.102394300992,383.244936426803,136.0,89.0
314,4740,2022-04-15,San Diego Padres,Atlanta Braves,0,-114.0,104.0,0.5327102803738317,0.4901960784313725,0.6299490419117465,0.3700509580882535,0.09723876153791478,-0.12014512034311897,True,False,1,0,0,0,244.1050550489191,0,5682.9716515518685,253.86925725087588,137.0,89.0
315,2262,2021-05-05,Washington Nationals,Atlanta Braves,0,111.0,-120.0,0.4739336492890995,0.5454545454545454,0.4773586774400226,0.5226413225599773,0.003425028150923104,-0.022813222894568108,False,False,0,0,0,0,0.0,0,5682.9716515518685,0.0,137.0,89.0
316,8465,2023-05-29,Seattle Mariners,New York Yankees,0,-134.0,124.0,0.5726495726495726,0.4464285714285714,0.4892468842187712,0.5107531157812288,-0.0834026884308014,0.06432454435265744,False,True,0,1,0,0,284.14858257759346,0,5398.823068974275,0.0,137.0,90.0
317,6832,2022-09-16,Los Angeles Angels,Seattle Mariners,1,141.0,-154.0,0.4149377593360996,0.6062992125984252,0.4355775163428436,0.5644224836571564,0.020639757006743975,-0.041876728941268815,True,False,0,1,0,0,284.14858257759346,0,5114.6744863966815,0.0,137.0,91.0
318,8487,2023-05-31,Los Angeles Dodgers,Washington Nationals,0,-233.0,210.0,0.6996996996996997,0.3225806451612903,0.6505399019057032,0.3494600980942968,-0.049159797793996485,0.026879452933006476,False,True,0,1,0,0,284.14858257759346,0,4830.525903819088,0.0,137.0,92.0
319,8685,2023-06-15,Minnesota Twins,Detroit Tigers,0,-203.0,186.0,0.66996699669967,0.3496503496503496,0.6444564734848457,0.3555435265151543,-0.025510523214824277,0.005893176864804728,False,False,0,0,0,0,0.0,0,4830.525903819088,0.0,137.0,92.0
320,3367,2021-07-27,Los Angeles Angels,Colorado Rockies,0,-132.0,121.0,0.5689655172413793,0.4524886877828054,0.6205035203316311,0.3794964796683688,0.051538003090251805,-0.07299220811443657,True,False,1,0,0,0,241.52629519095441,0,5122.772721000143,292.24681718105484,138.0,92.0
321,2547,2021-05-26,Tampa Bay Rays,Kansas City Royals,1,-200.0,185.0,0.6666666666666666,0.3508771929824561,0.6403550121349284,0.3596449878650715,-0.026311654531738227,0.008767794882615365,False,False,0,0,0,0,0.0,0,5122.772721000143,0.0,138.0,92.0
322,8290,2023-05-16,Los Angeles Dodgers,Minnesota Twins,0,-193.0,177.0,0.658703071672355,0.3610108303249097,0.6298825415989141,0.3701174584010859,-0.028820530073440875,0.009106628076176182,False,False,0,0,0,0,0.0,0,5122.772721000143,0.0,138.0,92.0
323,6136,2022-07-27,Seattle Mariners,Texas Rangers,1,113.0,-123.0,0.4694835680751174,0.5515695067264574,0.612952165091742,0.387047834908258,0.14346859701662462,-0.16452167181819943,True,False,0,1,0,0,241.52629519095441,0,4881.246425809189,0.0,138.0,93.0
324,5935,2022-07-10,Atlanta Braves,Washington Nationals,1,-208.0,192.0,0.6753246753246753,0.3424657534246575,0.650482937258979,0.349517062741021,-0.02484173806569634,0.0070513093163634966,False,False,0,0,0,0,0.0,0,4881.246425809189,0.0,138.0,93.0
325,5066,2022-05-08,Arizona Diamondbacks,Colorado Rockies,1,-145.0,134.0,0.5918367346938775,0.4273504273504273,0.5037125792755799,0.4962874207244201,-0.08812415541829766,0.06893699337399284,False,True,1,0,0,0,244.06232129045944,0,5049.565268078471,168.31884226928238,139.0,93.0
326,3416,2021-07-31,Los Angeles Angels,Oakland Athletics,1,119.0,-130.0,0.45662100456621,0.5652173913043478,0.4392476345875232,0.5607523654124767,-0.017373369978686826,-0.004465025891871033,False,False,0,0,0,0,0.0,0,5049.565268078471,0.0,139.0,93.0
327,5730,2022-06-25,Milwaukee Brewers,Toronto Blue Jays,1,-161.0,148.0,0.6168582375478927,0.4032258064516129,0.50604614416346,0.4939538558365399,-0.11081209338443265,0.09072804938492701,False,True,1,0,0,0,244.06232129045944,0,5201.156771985588,151.59150390711764,140.0,93.0
328,2490,2021-05-22,Kansas City Royals,Detroit Tigers,1,-145.0,134.0,0.5918367346938775,0.4273504273504273,0.5946916493871582,0.4053083506128417,0.002854914693280697,-0.02204207673758557,False,False,0,0,0,0,0.0,0,5201.156771985588,0.0,140.0,93.0
329,2013,2021-04-17,Oakland Athletics,Detroit Tigers,1,-137.0,127.0,0.5780590717299579,0.4405286343612334,0.6316126052115192,0.3683873947884808,0.05355353348156133,-0.07214123957275259,True,False,0,1,0,0,244.06232129045944,0,4957.094450695129,0.0,140.0,94.0
330,8283,2023-05-16,Texas Rangers,Atlanta Braves,1,100.0,-110.0,0.5,0.5238095238095238,0.4505206763184139,0.5494793236815861,-0.049479323681586085,0.025669799872062304,False,True,1,0,0,0,247.85472253475646,0,5204.949173229886,247.85472253475646,141.0,94.0
331,6705,2022-09-07,New York Yankees,Minnesota Twins,1,-192.0,175.0,0.6575342465753424,0.3636363636363636,0.6387273290650319,0.3612726709349681,-0.018806917510310495,-0.00236369270139547,False,False,0,0,0,0,0.0,0,5204.949173229886,0.0,141.0,94.0
332,5380,2022-05-31,Cleveland Guardians,Kansas City Royals,1,-139.0,129.0,0.5815899581589958,0.4366812227074236,0.6452983357066235,0.3547016642933764,0.0637083775476277,-0.0819795584140472,True,False,0,1,0,0,247.85472253475646,0,4957.094450695129,0.0,141.0,95.0
333,638,2020-08-12,Milwaukee Brewers,Minnesota Twins,0,128.0,-137.0,0.4385964912280701,0.5780590717299579,0.4418084133882254,0.5581915866117746,0.0032119221601553116,-0.01986748511818326,False,False,0,0,0,0,0.0,0,4957.094450695129,0.0,141.0,95.0
334,8552,2023-06-05,Toronto Blue Jays,Houston Astros,0,-120.0,110.0,0.5454545454545454,0.4761904761904761,0.4881477296287647,0.5118522703712353,-0.05730681582578073,0.035661794180759154,False,True,0,1,0,0,247.85472253475646,0,4709.239728160373,0.0,141.0,96.0
335,3069,2021-07-03,Philadelphia Phillies,San Diego Padres,1,138.0,-149.0,0.4201680672268907,0.5983935742971888,0.4402695523468498,0.5597304476531502,0.020101485119959073,-0.03866312664403859,True,False,0,1,0,0,235.46198640801865,0,4473.777741752354,0.0,141.0,97.0
336,8271,2023-05-15,Colorado Rockies,Cincinnati Reds,1,110.0,-120.0,0.4761904761904761,0.5454545454545454,0.5230378265852298,0.4769621734147702,0.046847350394753684,-0.0684923720397752,True,False,0,1,0,0,235.46198640801865,0,4238.315755344335,0.0,141.0,98.0
337,7900,2023-04-18,Washington Nationals,Baltimore Orioles,0,130.0,-141.0,0.4347826086956521,0.5850622406639004,0.4341126479462141,0.5658873520537858,-0.0006699607494379811,-0.019174888610114627,False,False,0,0,0,0,0.0,0,4238.315755344335,0.0,141.0,98.0
338,5196,2022-05-17,Colorado Rockies,San Francisco Giants,0,146.0,-159.0,0.4065040650406504,0.6138996138996139,0.4297133702721079,0.5702866297278921,0.023209305231457478,-0.04361298417172177,True,False,1,0,0,0,235.46198640801865,0,4386.40505497202,148.08929962768468,142.0,98.0
339,8623,2023-06-10,Milwaukee Brewers,Oakland Athletics,0,-174.0,160.0,0.635036496350365,0.3846153846153846,0.64868271508179,0.35131728491821,0.01364621873142502,-0.033298099697174566,True,False,1,0,0,0,235.46198640801865,0,4763.14423322485,376.73917825282984,143.0,98.0
340,7865,2023-04-15,Seattle Mariners,Colorado Rockies,1,-244.0,219.0,0.7093023255813954,0.3134796238244514,0.6445065168686626,0.3554934831313374,-0.06479580871273283,0.042013859306886,False,True,1,0,0,0,238.1572116612425,0,4860.7496478401135,97.60541461526333,144.0,98.0
341,5446,2022-06-04,Cincinnati Reds,Washington Nationals,0,-132.0,121.0,0.5689655172413793,0.4524886877828054,0.6031411801391275,0.3968588198608724,0.034175662897748205,-0.055629867921932974,True,False,1,0,0,0,238.1572116612425,0,5148.919873950217,288.17022611010344,145.0,98.0
342,5401,2022-06-01,Philadelphia Phillies,San Francisco Giants,1,-118.0,107.0,0.5412844036697247,0.4830917874396135,0.4381685100532362,0.5618314899467638,-0.10311589361648854,0.07873970250715029,False,True,1,0,0,0,238.1572116612425,0,5350.748019425846,201.82814547562924,146.0,98.0
343,7791,2023-04-10,New York Mets,San Diego Padres,1,-130.0,120.0,0.5652173913043478,0.4545454545454545,0.5054158046211148,0.4945841953788852,-0.05980158668323299,0.04003874083343073,False,True,1,0,0,0,238.1572116612425,0,5533.945874549879,183.1978551240327,147.0,98.0
344,5608,2022-06-16,New York Yankees,Tampa Bay Rays,1,-244.0,220.0,0.7093023255813954,0.3125,0.5971133731744656,0.4028866268255345,-0.11218895240692983,0.0903866268255345,False,True,1,0,0,0,238.1572116612425,0,5631.551289165142,97.60541461526333,148.0,98.0
345,6300,2022-08-08,Oakland Athletics,Los Angeles Angels,0,-118.0,108.0,0.5412844036697247,0.4807692307692308,0.5308359385903559,0.469164061409644,-0.010448465079368807,-0.011605169359586776,False,False,0,0,0,0,0.0,0,5631.551289165142,0.0,148.0,98.0
346,8652,2023-06-13,Boston Red Sox,Colorado Rockies,0,-225.0,204.0,0.6923076923076923,0.3289473684210526,0.6336319700067329,0.3663680299932671,-0.05867572230095941,0.03742066157221452,False,True,0,1,0,0,281.57756445825714,0,5349.973724706885,0.0,148.0,99.0
347,5203,2022-05-18,Boston Red Sox,Houston Astros,1,126.0,-135.0,0.4424778761061947,0.574468085106383,0.4209422911365929,0.579057708863407,-0.021535584969601784,0.004589623757023986,False,False,0,0,0,0,0.0,0,5349.973724706885,0.0,148.0,99.0
348,5645,2022-06-19,Pittsburgh Pirates,San Francisco Giants,1,166.0,-182.0,0.3759398496240601,0.6453900709219859,0.4200061298283433,0.5799938701716567,0.044066280204283215,-0.06539620075032915,True,False,0,1,0,0,281.57756445825714,0,5068.396160248628,0.0,148.0,100.0
349,5073,2022-05-09,Cincinnati Reds,Milwaukee Brewers,1,163.0,-179.0,0.3802281368821292,0.6415770609318996,0.4219162935264811,0.5780837064735189,0.04168815664435188,-0.06349335445838067,True,False,0,1,0,0,281.57756445825714,0,4786.818595790371,0.0,148.0,101.0
350,3740,2021-08-23,Oakland Athletics,Seattle Mariners,0,-123.0,114.0,0.5515695067264574,0.4672897196261682,0.6179285751747177,0.3820714248252824,0.06635906844826023,-0.08521829480088583,True,False,1,0,0,0,239.34092978951855,0,5059.667255750422,272.8486599600511,149.0,101.0
351,3804,2021-08-28,Baltimore Orioles,Tampa Bay Rays,0,174.0,-189.0,0.364963503649635,0.6539792387543253,0.4185911976253954,0.5814088023746045,0.05362769397576039,-0.07257043637972083,True,False,1,0,0,0,239.34092978951855,0,5186.302668337468,126.63541258704684,150.0,101.0
352,6132,2022-07-27,Los Angeles Dodgers,Washington Nationals,1,-278.0,249.0,0.7354497354497355,0.2865329512893982,0.6494258256507861,0.3505741743492139,-0.08602390979894936,0.06404122305981569,False,True,1,0,0,0,239.34092978951855,0,5272.396527973986,86.09385963651746,151.0,101.0
353,6964,2022-09-25,New York Yankees,Boston Red Sox,1,-172.0,158.0,0.6323529411764706,0.3875968992248062,0.6359556212054163,0.3640443787945838,0.003602680028945704,-0.023552520430222434,False,False,0,0,0,0,0.0,0,5272.396527973986,0.0,151.0,101.0
354,7029,2022-10-01,Toronto Blue Jays,Boston Red Sox,1,-145.0,134.0,0.5918367346938775,0.4273504273504273,0.6320210455067401,0.3679789544932599,0.040184310812862556,-0.05937147285716737,True,False,0,1,0,0,239.34092978951855,0,5033.055598184467,0.0,151.0,102.0
355,3327,2021-07-24,New York Mets,Toronto Blue Jays,0,106.0,-116.0,0.4854368932038835,0.5370370370370371,0.5622325552035621,0.4377674447964378,0.07679566199967858,-0.09926959224059928,True,False,1,0,0,0,251.65277990922337,0,5249.9976498303495,216.9420516458822,152.0,102.0
356,6694,2022-09-06,Houston Astros,Texas Rangers,0,-256.0,230.0,0.7191011235955056,0.303030303030303,0.6479087989139132,0.3520912010860868,-0.07119232468159242,0.04906089805578384,False,True,0,1,0,0,251.65277990922337,0,4998.344869921126,0.0,152.0,103.0
357,6086,2022-07-24,Philadelphia Phillies,Chicago Cubs,0,-128.0,118.0,0.5614035087719298,0.4587155963302752,0.607788405452707,0.392211594547293,0.046384896680777166,-0.06650400178298221,True,False,1,0,0,0,251.65277990922337,0,5295.2951502140095,296.9502802928836,153.0,103.0
358,5128,2022-05-13,Texas Rangers,Boston Red Sox,0,-106.0,-103.0,0.5145631067961165,0.5073891625615764,0.5443075493936931,0.4556924506063068,0.02974444259757658,-0.05169671195526959,True,False,1,0,0,0,251.65277990922337,0,5539.618237504517,244.32308729050814,154.0,103.0
359,8009,2023-04-26,Minnesota Twins,New York Yankees,0,-115.0,105.0,0.5348837209302325,0.4878048780487805,0.5562762968604578,0.4437237031395422,0.021392575930225255,-0.044081174909238297,True,False,1,0,0,0,251.65277990922337,0,5803.853656409202,264.23541890468454,155.0,103.0
360,4011,2021-09-12,Minnesota Twins,Kansas City Royals,0,-156.0,145.0,0.609375,0.4081632653061224,0.6240654421358904,0.3759345578641096,0.014690442135890436,-0.03222870744201278,True,False,1,0,0,0,290.1926828204601,0,6224.633046498869,420.7793900896671,156.0,103.0
361,5505,2022-06-09,Cincinnati Reds,Arizona Diamondbacks,0,-130.0,119.0,0.5652173913043478,0.45662100456621,0.5597809708574089,0.4402190291425912,-0.005436420446938928,-0.01640197542361882,False,False,0,0,0,0,0.0,0,6224.633046498869,0.0,156.0,103.0
362,1002,2020-09-06,Tampa Bay Rays,Miami Marlins,1,-217.0,200.0,0.6845425867507886,0.3333333333333333,0.640887270736324,0.359112729263676,-0.043655316014464596,0.025779395930342675,False,True,1,0,0,0,290.1926828204601,0,6358.36239342074,133.729346921871,157.0,103.0
363,7817,2023-04-12,Cleveland Guardians,New York Yankees,0,107.0,-117.0,0.4830917874396135,0.5391705069124424,0.4322657892371969,0.5677342107628031,-0.05082599820241662,0.028563703850360667,False,True,0,1,0,0,290.1926828204601,0,6068.169710600279,0.0,157.0,104.0
364,6635,2022-09-02,Tampa Bay Rays,New York Yankees,1,-120.0,110.0,0.5454545454545454,0.4761904761904761,0.5503933073076119,0.449606692692388,0.00493876185306652,-0.026583783498088098,False,False,0,0,0,0,0.0,0,6068.169710600279,0.0,157.0,104.0
365,8233,2023-05-13,New York Yankees,Tampa Bay Rays,1,121.0,-131.0,0.4524886877828054,0.5670995670995671,0.4768545800955974,0.5231454199044026,0.024365892312792015,-0.04395414719516455,True,False,0,1,0,0,303.408485530014,0,5764.761225070265,0.0,157.0,105.0
366,1109,2020-09-13,Texas Rangers,Oakland Athletics,1,130.0,-141.0,0.4347826086956521,0.5850622406639004,0.4207690020305317,0.5792309979694683,-0.014013606665120415,-0.005831242694432137,False,False,0,0,0,0,0.0,0,5764.761225070265,0.0,157.0,105.0
367,5171,2022-05-16,Boston Red Sox,Houston Astros,1,-112.0,102.0,0.5283018867924528,0.495049504950495,0.4298482463554967,0.5701517536445033,-0.09845364043695615,0.07510224869400833,False,True,1,0,0,0,303.408485530014,0,6035.661658579206,270.9004335089411,158.0,105.0
368,3250,2021-07-18,New York Yankees,Boston Red Sox,1,-120.0,111.0,0.5454545454545454,0.4739336492890995,0.5551540288194576,0.4448459711805423,0.00969948336491222,-0.02908767810855717,False,False,0,0,0,0,0.0,0,6035.661658579206,0.0,158.0,105.0
369,8442,2023-05-28,New York Yankees,San Diego Padres,1,-136.0,126.0,0.576271186440678,0.4424778761061947,0.6154228095372771,0.3845771904627228,0.03915162309659914,-0.057900685643471894,True,False,0,1,0,0,303.408485530014,0,5732.253173049192,0.0,158.0,106.0
370,469,2020-08-01,Atlanta Braves,New York Mets,1,-120.0,110.0,0.5454545454545454,0.4761904761904761,0.6345555756618648,0.3654444243381352,0.08910103020731941,-0.11074605185234093,True,False,0,1,0,0,286.61265865245963,0,5445.640514396732,0.0,158.0,107.0
371,2859,2021-06-18,Baltimore Orioles,Toronto Blue Jays,1,148.0,-161.0,0.4032258064516129,0.6168582375478927,0.4347449272169902,0.5652550727830097,0.03151912076537733,-0.051603164764883025,True,False,0,1,0,0,286.61265865245963,0,5159.0278557442725,0.0,158.0,108.0
372,5580,2022-06-14,New York Mets,Milwaukee Brewers,1,-145.0,135.0,0.5918367346938775,0.425531914893617,0.5776054092624783,0.4223945907375216,-0.014231325431399267,-0.0031373241560954113,False,False,0,0,0,0,0.0,0,5159.0278557442725,0.0,158.0,108.0
373,8839,2023-06-27,Boston Red Sox,Miami Marlins,0,-116.0,106.0,0.5370370370370371,0.4854368932038835,0.5265692672377609,0.473430732762239,-0.010467769799276216,-0.012006160441644487,False,False,0,0,0,0,0.0,0,5159.0278557442725,0.0,158.0,108.0
374,8763,2023-06-21,Tampa Bay Rays,Baltimore Orioles,1,-138.0,128.0,0.5798319327731093,0.4385964912280701,0.5167503606081258,0.4832496393918741,-0.06308157216498345,0.044653148163804,False,True,1,0,0,0,286.61265865245963,0,5366.718188101127,207.6903323568548,159.0,108.0
375,6426,2022-08-17,Atlanta Braves,New York Mets,0,136.0,-147.0,0.423728813559322,0.5951417004048583,0.5676734673891471,0.4323265326108528,0.14394465382982513,-0.16281516779400546,True,False,1,0,0,0,268.3359094050564,0,5549.259623070554,182.5414349694261,160.0,108.0
376,5535,2022-06-11,Washington Nationals,Milwaukee Brewers,1,147.0,-159.0,0.4048582995951417,0.6138996138996139,0.4532612178897255,0.5467387821102745,0.04840291829458382,-0.0671608317893394,True,False,0,1,0,0,268.3359094050564,0,5280.923713665497,0.0,160.0,109.0
377,8243,2023-05-13,Milwaukee Brewers,Kansas City Royals,1,-152.0,140.0,0.6031746031746031,0.4166666666666667,0.6454015365248145,0.3545984634751855,0.042226933350211326,-0.06206820319148121,True,False,0,1,0,0,268.3359094050564,0,5012.587804260441,0.0,160.0,110.0
378,6820,2022-09-16,Chicago Cubs,Colorado Rockies,1,-133.0,124.0,0.5708154506437768,0.4464285714285714,0.601598570420129,0.398401429579871,0.030783119776352175,-0.04802714184870038,True,False,0,1,0,0,268.3359094050564,0,4744.251894855384,0.0,160.0,111.0
379,7987,2023-04-24,Los Angeles Angels,Oakland Athletics,0,-194.0,178.0,0.6598639455782312,0.3597122302158273,0.6507548113259574,0.3492451886740426,-0.009109134252273887,-0.010467041541784738,False,False,0,0,0,0,0.0,0,4744.251894855384,0.0,160.0,111.0
380,5734,2022-06-25,Atlanta Braves,Los Angeles Dodgers,1,-147.0,137.0,0.5951417004048583,0.4219409282700422,0.4524748613150297,0.5475251386849704,-0.14266683908982858,0.12558421041492823,False,True,1,0,0,0,237.21259474276923,0,4905.621006925296,161.36911206991104,161.0,111.0
381,2435,2021-05-18,Chicago Cubs,Washington Nationals,1,-102.0,-108.0,0.504950495049505,0.5192307692307693,0.6261894424161324,0.3738105575838676,0.12123894736662744,-0.14542021164690166,True,False,0,1,0,0,237.21259474276923,0,4668.408412182526,0.0,161.0,112.0
382,5690,2022-06-22,Pittsburgh Pirates,Chicago Cubs,0,-103.0,-106.0,0.5073891625615764,0.5145631067961165,0.6315047341837196,0.3684952658162804,0.12411557162214315,-0.1460678409798361,True,False,1,0,0,0,237.21259474276923,0,4892.193878920988,223.78546673846154,162.0,112.0
383,3323,2021-07-24,Kansas City Royals,Detroit Tigers,1,-116.0,106.0,0.5370370370370371,0.4854368932038835,0.558390167697612,0.4416098323023881,0.02135313066057487,-0.04382706090149541,True,False,0,1,0,0,237.21259474276923,0,4654.981284178219,0.0,162.0,113.0
384,7972,2023-04-23,Milwaukee Brewers,Boston Red Sox,0,-175.0,161.0,0.6363636363636364,0.3831417624521073,0.6215520789767722,0.3784479210232278,-0.014811557386864127,-0.004693841428879519,False,False,0,0,0,0,0.0,0,4654.981284178219,0.0,162.0,113.0
385,1137,2020-09-15,Colorado Rockies,Oakland Athletics,1,143.0,-154.0,0.411522633744856,0.6062992125984252,0.4217920335361628,0.5782079664638372,0.01026939979130681,-0.02809124613458802,True,False,0,1,0,0,232.74906420891094,0,4422.232219969308,0.0,162.0,114.0
386,5611,2022-06-16,Seattle Mariners,Los Angeles Angels,0,105.0,-115.0,0.4878048780487805,0.5348837209302325,0.5465871896921678,0.4534128103078322,0.05878231164338732,-0.0814709106224003,True,False,1,0,0,0,232.74906420891094,0,4624.622710585752,202.39049061644428,163.0,114.0
387,6937,2022-09-24,Oakland Athletics,New York Mets,1,319.0,-360.0,0.2386634844868735,0.782608695652174,0.4190592459791855,0.5809407540208146,0.18039576149231198,-0.20166794163135937,True,False,0,1,0,0,232.74906420891094,0,4391.873646376842,0.0,163.0,115.0
388,5651,2022-06-19,Cincinnati Reds,Milwaukee Brewers,0,141.0,-154.0,0.4149377593360996,0.6062992125984252,0.423939114717265,0.5760608852827351,0.009001355381165366,-0.030238327315690094,False,False,0,0,0,0,0.0,0,4391.873646376842,0.0,163.0,115.0
389,3709,2021-08-21,Milwaukee Brewers,Washington Nationals,1,-217.0,200.0,0.6845425867507886,0.3333333333333333,0.6207333121769548,0.3792666878230452,-0.06380927457383379,0.045933354489711864,False,True,1,0,0,0,232.74906420891094,0,4499.131279652837,107.25763327599583,164.0,115.0
390,5190,2022-05-17,Baltimore Orioles,New York Yankees,0,196.0,-213.0,0.3378378378378378,0.6805111821086262,0.419662070049828,0.5803379299501721,0.0818242322119902,-0.10017325215845407,True,False,1,0,0,0,224.95656398264188,0,4604.744689973327,105.61341032048915,165.0,115.0
391,8064,2023-04-30,Washington Nationals,Pittsburgh Pirates,1,129.0,-139.0,0.4366812227074236,0.5815899581589958,0.4209611029035474,0.5790388970964526,-0.01572011980387622,-0.002551061062543214,False,False,0,0,0,0,0.0,0,4604.744689973327,0.0,165.0,115.0
392,8265,2023-05-15,Baltimore Orioles,Los Angeles Angels,0,116.0,-126.0,0.4629629629629629,0.5575221238938053,0.5674143186205978,0.4325856813794023,0.10445135565763486,-0.124936442514403,True,False,1,0,0,0,224.95656398264188,0,4783.281645515106,178.53695554177926,166.0,115.0
393,6090,2022-07-24,Baltimore Orioles,New York Yankees,0,164.0,-179.0,0.3787878787878788,0.6415770609318996,0.4260501027580776,0.5739498972419224,0.0472622239701988,-0.06762716368997723,True,False,1,0,0,0,224.95656398264188,0,4908.955703605968,125.67405809086138,167.0,115.0
394,3567,2021-08-11,San Diego Padres,Miami Marlins,0,-161.0,148.0,0.6168582375478927,0.4032258064516129,0.6438207266900173,0.3561792733099827,0.026962489142124624,-0.047046533141630154,True,False,1,0,0,0,224.95656398264188,0,5241.891418300278,332.93571469431,168.0,115.0
395,5752,2022-06-26,Atlanta Braves,Los Angeles Dodgers,0,105.0,-115.0,0.4878048780487805,0.5348837209302325,0.4545077964486302,0.5454922035513697,-0.03329708160015027,0.010608482621137227,False,True,0,1,0,0,262.0945709150139,0,4979.796847385264,0.0,168.0,116.0
396,5813,2022-07-01,Seattle Mariners,Oakland Athletics,0,-196.0,179.0,0.6621621621621622,0.3584229390681003,0.6474046200299954,0.3525953799700045,-0.014757542132166734,-0.005827559098095791,False,False,0,0,0,0,0.0,0,4979.796847385264,0.0,168.0,116.0
397,8851,2023-06-28,Atlanta Braves,Minnesota Twins,1,-157.0,145.0,0.6108949416342413,0.4081632653061224,0.634664699375,0.365335300625,0.023769757740758735,-0.04282796468112238,True,False,0,1,0,0,262.0945709150139,0,4717.702276470251,0.0,168.0,117.0
398,2343,2021-05-11,Houston Astros,Los Angeles Angels,1,-149.0,139.0,0.5983935742971888,0.4184100418410041,0.6307175616310121,0.3692824383689879,0.032323987333823356,-0.049127603472016224,True,False,0,1,0,0,262.0945709150139,0,4455.607705555237,0.0,168.0,118.0
399,4748,2022-04-16,Boston Red Sox,Minnesota Twins,1,-123.0,113.0,0.5515695067264574,0.4694835680751174,0.4754574790765028,0.5245425209234973,-0.07611202764995462,0.055058952848379916,False,True,1,0,0,0,262.0945709150139,0,4668.692722559314,213.08501700407632,169.0,118.0
400,7010,2022-09-30,Chicago Cubs,Cincinnati Reds,1,-142.0,131.0,0.5867768595041323,0.4329004329004329,0.6202547170907673,0.3797452829092327,0.03347785758663502,-0.05315514999120019,True,False,0,1,0,0,233.4346361279657,0,4435.258086431348,0.0,169.0,119.0
401,8413,2023-05-26,Baltimore Orioles,Texas Rangers,0,-133.0,123.0,0.5708154506437768,0.4484304932735426,0.5270855237332452,0.4729144762667547,-0.04372992691053157,0.024483982993212083,False,True,0,1,0,0,233.4346361279657,0,4201.823450303382,0.0,169.0,120.0
402,8021,2023-04-27,Pittsburgh Pirates,Los Angeles Dodgers,1,141.0,-153.0,0.4149377593360996,0.6047430830039525,0.4466084921709314,0.5533915078290685,0.031670732834831794,-0.05135157517488398,True,False,0,1,0,0,233.4346361279657,0,3968.388814175416,0.0,169.0,121.0
403,8734,2023-06-18,Arizona Diamondbacks,Cleveland Guardians,0,104.0,-114.0,0.4901960784313725,0.5327102803738317,0.5839127137564407,0.4160872862435593,0.09371663532506824,-0.11662299413027244,True,False,1,0,0,0,233.4346361279657,0,4173.15603884907,204.7672246736541,170.0,121.0
404,820,2020-08-25,Tampa Bay Rays,Baltimore Orioles,1,-213.0,195.0,0.6805111821086262,0.3389830508474576,0.6434860390592323,0.3565139609407676,-0.03702514304939386,0.01753091009330998,False,True,1,0,0,0,233.4346361279657,0,4282.749764730744,109.59372588167403,171.0,121.0
405,4987,2022-05-03,Colorado Rockies,Washington Nationals,0,-147.0,136.0,0.5951417004048583,0.423728813559322,0.6404964371183759,0.359503562881624,0.04535473671351764,-0.06422525067769802,True,False,1,0,0,0,214.1374882365372,0,4573.976748732434,291.2269840016906,172.0,121.0
406,8286,2023-05-16,Colorado Rockies,Cincinnati Reds,0,-125.0,115.0,0.5555555555555556,0.4651162790697674,0.5711486194508507,0.4288513805491493,0.015593063895295134,-0.036264898520618094,True,False,1,0,0,0,214.1374882365372,0,4820.234860204452,246.25811147201776,173.0,121.0
407,6662,2022-09-04,Boston Red Sox,Texas Rangers,1,-118.0,108.0,0.5412844036697247,0.4807692307692308,0.6396428108341854,0.3603571891658145,0.09835840716446065,-0.12041204160341629,True,False,0,1,0,0,214.1374882365372,0,4606.097371967915,0.0,173.0,122.0
408,4980,2022-05-03,Baltimore Orioles,Minnesota Twins,0,145.0,-156.0,0.4081632653061224,0.609375,0.4302554472296395,0.5697445527703605,0.022092181923517085,-0.03963044722963949,True,False,1,0,0,0,214.1374882365372,0,4743.364992632362,137.26762066444692,174.0,122.0
409,2347,2021-05-11,Los Angeles Dodgers,Seattle Mariners,1,-217.0,197.0,0.6845425867507886,0.3367003367003367,0.6490766413783462,0.3509233586216538,-0.03546594537244241,0.01422302192131708,False,True,1,0,0,0,214.1374882365372,0,4842.045862787449,98.68087015508627,175.0,122.0
410,8518,2023-06-03,Boston Red Sox,Tampa Bay Rays,0,-114.0,104.0,0.5327102803738317,0.4901960784313725,0.4634257516091639,0.536574248390836,-0.06928452876466784,0.04637816995946353,False,True,0,1,0,0,242.10229313937245,0,4599.943569648076,0.0,175.0,123.0
411,8260,2023-05-14,Los Angeles Dodgers,San Diego Padres,1,-166.0,153.0,0.6240601503759399,0.3952569169960474,0.6434281785378577,0.3565718214621423,0.01936802816191785,-0.038685095533905145,True,False,0,1,0,0,242.10229313937245,0,4357.841276508703,0.0,175.0,124.0
412,5316,2022-05-26,Los Angeles Angels,Toronto Blue Jays,0,-152.0,139.0,0.6031746031746031,0.4184100418410041,0.5170286473705554,0.4829713526294446,-0.08614595580404771,0.06456131078844046,False,True,0,1,0,0,242.10229313937245,0,4115.7389833693305,0.0,175.0,125.0
413,6654,2022-09-03,Arizona Diamondbacks,Milwaukee Brewers,0,161.0,-175.0,0.3831417624521073,0.6363636363636364,0.4415623183910332,0.5584376816089668,0.05842055593892592,-0.07792595475466957,True,False,1,0,0,0,242.10229313937245,0,4254.083150877544,138.34416750821282,176.0,125.0
414,7960,2023-04-22,Atlanta Braves,Houston Astros,0,-109.0,-101.0,0.5215311004784688,0.5024875621890548,0.5055865445119068,0.4944134554880933,-0.01594455596656208,-0.00807410670096148,False,False,0,0,0,0,0.0,0,4254.083150877544,0.0,176.0,125.0
415,1919,2021-04-11,Baltimore Orioles,Boston Red Sox,0,123.0,-133.0,0.4484304932735426,0.5708154506437768,0.4264002026330031,0.5735997973669968,-0.022030290640539518,0.0027843467232200325,False,False,0,0,0,0,0.0,0,4254.083150877544,0.0,176.0,125.0
416,2443,2021-05-18,San Diego Padres,Colorado Rockies,1,-222.0,203.0,0.6894409937888198,0.33003300330033,0.6497857466123755,0.3502142533876245,-0.03965524717644431,0.020181250087294544,False,True,1,0,0,0,212.7041575438772,0,4349.895834455867,95.81268357832306,177.0,125.0
417,8127,2023-05-05,Pittsburgh Pirates,Toronto Blue Jays,0,128.0,-138.0,0.4385964912280701,0.5798319327731093,0.4771670895460104,0.5228329104539896,0.0385705983179403,-0.056999022319119685,True,False,1,0,0,0,212.7041575438772,0,4504.02928195143,154.1334474955632,178.0,125.0
418,5894,2022-07-07,Philadelphia Phillies,Washington Nationals,1,-182.0,166.0,0.6453900709219859,0.3759398496240601,0.6473966535061104,0.3526033464938896,0.002006582584124561,-0.023336503130170494,False,False,0,0,0,0,0.0,0,4504.02928195143,0.0,178.0,125.0
419,3913,2021-09-05,Tampa Bay Rays,Minnesota Twins,0,-200.0,185.0,0.6666666666666666,0.3508771929824561,0.6468277824222624,0.3531722175777377,-0.019838884244404276,0.0022950245952815806,False,False,0,0,0,0,0.0,0,4504.02928195143,0.0,178.0,125.0
420,3989,2021-09-11,Oakland Athletics,Texas Rangers,0,-182.0,166.0,0.6453900709219859,0.3759398496240601,0.6481278442774796,0.3518721557225204,0.0027377733554937445,-0.024067693901539677,False,False,0,0,0,0,0.0,0,4504.02928195143,0.0,178.0,125.0
421,2359,2021-05-12,Houston Astros,Los Angeles Angels,1,-119.0,109.0,0.54337899543379,0.4784688995215311,0.6326167895903214,0.3673832104096786,0.08923779415653144,-0.11108568911185251,True,False,0,1,0,0,225.2014640975715,0,4278.8278178538585,0.0,178.0,126.0
422,5832,2022-07-02,Colorado Rockies,Arizona Diamondbacks,1,-143.0,131.0,0.588477366255144,0.4329004329004329,0.5370682332898238,0.4629317667101762,-0.05140913296532024,0.03003133380974332,False,True,1,0,0,0,225.2014640975715,0,4436.3113591808315,157.48354132697307,179.0,126.0
423,607,2020-08-10,Colorado Rockies,Arizona Diamondbacks,0,-130.0,120.0,0.5652173913043478,0.4545454545454545,0.635199905586677,0.3648000944133229,0.06998251428232927,-0.08974536013213158,True,False,1,0,0,0,225.2014640975715,0,4706.553116097917,270.24175691708575,180.0,126.0
424,1256,2020-09-23,Boston Red Sox,Baltimore Orioles,1,-161.0,148.0,0.6168582375478927,0.4032258064516129,0.610141942766879,0.3898580572331209,-0.006716294781013654,-0.013367749218491987,False,False,0,0,0,0,0.0,0,4706.553116097917,0.0,180.0,126.0
425,7849,2023-04-14,Los Angeles Dodgers,Chicago Cubs,0,-161.0,148.0,0.6168582375478927,0.4032258064516129,0.6388034605755726,0.3611965394244273,0.021945223027679872,-0.04202926702718557,True,False,1,0,0,0,235.32765580489587,0,5054.838046689163,348.2849305912459,181.0,126.0
426,3770,2021-08-26,Baltimore Orioles,Los Angeles Angels,1,113.0,-123.0,0.4694835680751174,0.5515695067264574,0.4631435808463799,0.53685641915362,-0.006339987228737465,-0.014713087572837402,False,False,0,0,0,0,0.0,0,5054.838046689163,0.0,181.0,126.0
427,4856,2022-04-23,Los Angeles Angels,Baltimore Orioles,0,-244.0,217.0,0.7093023255813954,0.3154574132492113,0.6320803711712846,0.3679196288287154,-0.07722195441011082,0.05246221557950409,False,True,0,1,0,0,235.32765580489587,0,4819.5103908842675,0.0,181.0,127.0
428,6085,2022-07-23,Oakland Athletics,Texas Rangers,1,112.0,-122.0,0.4716981132075472,0.5495495495495496,0.5134405207268977,0.4865594792731023,0.041742407519350544,-0.06299007027644732,True,False,0,1,0,0,235.32765580489587,0,4584.182735079372,0.0,181.0,128.0
429,3986,2021-09-10,Los Angeles Dodgers,San Diego Padres,1,-152.0,140.0,0.6031746031746031,0.4166666666666667,0.5790835677062054,0.4209164322937946,-0.024091035468397748,0.004249765627127922,False,False,0,0,0,0,0.0,0,4584.182735079372,0.0,181.0,128.0
430,6558,2022-08-27,Houston Astros,Baltimore Orioles,0,-169.0,156.0,0.6282527881040892,0.390625,0.6248683842377838,0.3751316157622162,-0.003384403866305452,-0.015493384237783792,False,False,0,0,0,0,0.0,0,4584.182735079372,0.0,181.0,128.0
431,8788,2023-06-23,Cincinnati Reds,Atlanta Braves,1,140.0,-152.0,0.4166666666666667,0.6031746031746031,0.4248869612951756,0.5751130387048243,0.008220294628508928,-0.02806156446977881,False,False,0,0,0,0,0.0,0,4584.182735079372,0.0,181.0,128.0
432,5727,2022-06-25,Texas Rangers,Washington Nationals,1,-118.0,107.0,0.5412844036697247,0.4830917874396135,0.6195142379568894,0.3804857620431106,0.07822983428716468,-0.10260602539650293,True,False,0,1,0,0,229.2091367539686,0,4354.973598325403,0.0,181.0,129.0
433,6213,2022-08-02,Cleveland Guardians,Arizona Diamondbacks,0,-130.0,120.0,0.5652173913043478,0.4545454545454545,0.6288892149458004,0.3711107850541996,0.06367182364145263,-0.08343466949125489,True,False,1,0,0,0,229.2091367539686,0,4630.024562430165,275.05096410476233,182.0,129.0
434,5186,2022-05-17,Cleveland Guardians,Cincinnati Reds,0,-159.0,146.0,0.6138996138996139,0.4065040650406504,0.6388425303633114,0.3611574696366885,0.024942916463697506,-0.04534659540396191,True,False,1,0,0,0,229.2091367539686,0,4964.669902090959,334.64533966079415,183.0,129.0
435,5642,2022-06-18,Colorado Rockies,San Diego Padres,1,123.0,-133.0,0.4484304932735426,0.5708154506437768,0.4422486747967169,0.5577513252032831,-0.006181818476825696,-0.013064125440493735,False,False,0,0,0,0,0.0,0,4964.669902090959,0.0,183.0,129.0
436,6065,2022-07-22,Milwaukee Brewers,Colorado Rockies,1,-263.0,234.0,0.7245179063360881,0.2994011976047904,0.6402915487873221,0.3597084512126779,-0.08422635754876606,0.06030725360788752,False,True,1,0,0,0,248.23349510454796,0,5059.0552614463,94.38535935534142,184.0,129.0
437,4030,2021-09-14,Detroit Tigers,Milwaukee Brewers,1,187.0,-204.0,0.3484320557491289,0.6710526315789473,0.4288337515906585,0.5711662484093414,0.08040169584152962,-0.09988638316960596,True,False,0,1,0,0,248.23349510454796,0,4810.821766341753,0.0,184.0,130.0
438,5937,2022-07-10,New York Mets,Miami Marlins,0,-118.0,107.0,0.5412844036697247,0.4830917874396135,0.6198459001514587,0.3801540998485413,0.07856149648173394,-0.10293768759107219,True,False,1,0,0,0,248.23349510454796,0,5076.431606103619,265.60983976186634,185.0,130.0
439,6676,2022-09-05,New York Yankees,Minnesota Twins,1,-164.0,150.0,0.6212121212121212,0.4,0.6245233549897821,0.3754766450102179,0.003311233777660849,-0.024523354989782142,False,False,0,0,0,0,0.0,0,5076.431606103619,0.0,185.0,130.0
440,8820,2023-06-25,Toronto Blue Jays,Oakland Athletics,1,-281.0,250.0,0.7375328083989501,0.2857142857142857,0.6506765297901509,0.349323470209849,-0.08685627860879919,0.0636091844955633,False,True,1,0,0,0,253.82158030518096,0,5166.759570625036,90.32796452141672,186.0,130.0
441,825,2020-08-25,Milwaukee Brewers,Cincinnati Reds,1,-112.0,102.0,0.5283018867924528,0.495049504950495,0.5734019975315249,0.4265980024684751,0.04510011073907205,-0.06845150248201987,True,False,0,1,0,0,253.82158030518096,0,4912.937990319855,0.0,186.0,131.0
442,2842,2021-06-16,Atlanta Braves,Boston Red Sox,0,-152.0,139.0,0.6031746031746031,0.4184100418410041,0.5552612409051331,0.4447387590948669,-0.04791336226947007,0.026328717253862766,False,True,0,1,0,0,253.82158030518096,0,4659.116410014674,0.0,186.0,132.0
443,7775,2023-04-09,Cleveland Guardians,Seattle Mariners,1,115.0,-125.0,0.4651162790697674,0.5555555555555556,0.4488384264652556,0.5511615735347444,-0.016277852604511756,-0.004393982020811205,False,False,0,0,0,0,0.0,0,4659.116410014674,0.0,186.0,132.0
444,3234,2021-07-18,Washington Nationals,San Diego Padres,0,-104.0,-106.0,0.5098039215686274,0.5145631067961165,0.4270282103442059,0.5729717896557941,-0.08277571122442151,0.058408682859677596,False,True,0,1,0,0,253.82158030518096,0,4405.294829709494,0.0,186.0,133.0
445,5812,2022-07-01,Los Angeles Dodgers,San Diego Padres,1,-182.0,168.0,0.6453900709219859,0.373134328358209,0.6271776515777074,0.3728223484222926,-0.01821241934427842,-0.0003119799359163622,False,False,0,0,0,0,0.0,0,4405.294829709494,0.0,186.0,133.0
446,7964,2023-04-23,Philadelphia Phillies,Colorado Rockies,1,-290.0,258.0,0.7435897435897436,0.2793296089385474,0.648736866923364,0.3512631330766361,-0.09485287666637965,0.07193352413808868,False,True,1,0,0,0,220.2647414854747,0,4481.248188842416,75.95335913292232,187.0,133.0
447,5667,2022-06-20,San Diego Padres,Arizona Diamondbacks,1,-172.0,157.0,0.6323529411764706,0.3891050583657587,0.6202661674626346,0.3797338325373653,-0.01208677371383593,-0.009371225828393392,False,False,0,0,0,0,0.0,0,4481.248188842416,0.0,187.0,133.0
448,4054,2021-09-15,Kansas City Royals,Oakland Athletics,0,126.0,-135.0,0.4424778761061947,0.574468085106383,0.4725342462674536,0.5274657537325464,0.030056370161258894,-0.04700233137383658,True,False,1,0,0,0,220.2647414854747,0,4644.407256609435,163.15906776701829,188.0,133.0
449,4954,2022-05-01,Tampa Bay Rays,Minnesota Twins,0,-152.0,139.0,0.6031746031746031,0.4184100418410041,0.5315217990194021,0.4684782009805978,-0.07165280415520103,0.05006815913959367,False,True,0,1,0,0,220.2647414854747,0,4424.14251512396,0.0,188.0,134.0
450,1191,2020-09-19,Miami Marlins,Washington Nationals,1,-105.0,-105.0,0.5121951219512195,0.5121951219512195,0.5757631815615387,0.4242368184384613,0.0635680596103192,-0.08795830351275824,True,False,0,1,0,0,221.20712575619802,0,4202.935389367762,0.0,188.0,135.0
451,5950,2022-07-11,Kansas City Royals,Detroit Tigers,1,-139.0,129.0,0.5815899581589958,0.4366812227074236,0.559913623054199,0.440086376945801,-0.02167633510479683,0.0034051542383773947,False,False,0,0,0,0,0.0,0,4202.935389367762,0.0,188.0,135.0
452,5374,2022-05-30,New York Mets,Washington Nationals,1,-179.0,166.0,0.6415770609318996,0.3759398496240601,0.6471029392176694,0.3528970607823306,0.005525878285769781,-0.0230427888417295,False,False,0,0,0,0,0.0,0,4202.935389367762,0.0,188.0,135.0
453,2120,2021-04-25,Boston Red Sox,Seattle Mariners,1,-185.0,169.0,0.6491228070175439,0.3717472118959107,0.5614767532374357,0.4385232467625642,-0.08764605378010815,0.06677603486665351,False,True,1,0,0,0,221.20712575619802,0,4322.506808695436,119.57141932767462,189.0,135.0
454,7100,2022-10-05,Houston Astros,Philadelphia Phillies,1,-173.0,159.0,0.6336996336996337,0.3861003861003861,0.6360267110942053,0.3639732889057948,0.0023270773945716083,-0.022127097194591328,False,False,0,0,0,0,0.0,0,4322.506808695436,0.0,189.0,135.0
455,997,2020-09-05,Seattle Mariners,Texas Rangers,1,-123.0,114.0,0.5515695067264574,0.4672897196261682,0.6152228722455209,0.3847771277544792,0.06365336551906342,-0.08251259187168902,True,False,0,1,0,0,216.12534043477183,0,4106.381468260664,0.0,189.0,136.0
456,6658,2022-09-04,Pittsburgh Pirates,Toronto Blue Jays,0,186.0,-204.0,0.3496503496503496,0.6710526315789473,0.4200714977072266,0.5799285022927734,0.07042114805687705,-0.09112412928617397,True,False,1,0,0,0,216.12534043477183,0,4212.325262591435,105.9437943307705,190.0,136.0
457,2150,2021-04-27,Atlanta Braves,Chicago Cubs,1,-164.0,152.0,0.6212121212121212,0.3968253968253968,0.5970339654327586,0.4029660345672414,-0.024178155779362664,0.00614063774184459,False,False,0,0,0,0,0.0,0,4212.325262591435,0.0,190.0,136.0
458,6565,2022-08-27,Oakland Athletics,New York Yankees,1,209.0,-233.0,0.3236245954692556,0.6996996996996997,0.4198780681699995,0.5801219318300005,0.09625347270074391,-0.1195777678696992,True,False,0,1,0,0,216.12534043477183,0,3996.199922156663,0.0,190.0,137.0
459,5707,2022-06-23,San Diego Padres,Philadelphia Phillies,0,-141.0,130.0,0.5850622406639004,0.4347826086956521,0.6290509850223616,0.3709490149776384,0.04398874435846112,-0.06383359371801373,True,False,1,0,0,0,216.12534043477183,0,4277.162864721867,280.9629425652034,191.0,137.0
460,519,2020-08-04,Seattle Mariners,Los Angeles Angels,0,173.0,-189.0,0.3663003663003663,0.6539792387543253,0.4689037813207484,0.5310962186792516,0.10260341502038212,-0.12288302007507368,True,False,1,0,0,0,213.85814323609335,0,4390.315321460541,113.15245673867372,192.0,137.0
461,6551,2022-08-26,Seattle Mariners,Cleveland Guardians,1,101.0,-111.0,0.4975124378109453,0.5260663507109005,0.5432956119881243,0.4567043880118757,0.045783174177178976,-0.06936196269902478,True,False,0,1,0,0,213.85814323609335,0,4176.4571782244475,0.0,192.0,138.0
462,5390,2022-05-31,Oakland Athletics,Houston Astros,0,115.0,-125.0,0.4651162790697674,0.5555555555555556,0.4222715974796712,0.5777284025203286,-0.04284468159009619,0.022172846964773063,False,True,0,1,0,0,213.85814323609335,0,3962.599034988354,0.0,192.0,139.0
463,4914,2022-04-28,New York Yankees,Baltimore Orioles,1,-213.0,195.0,0.6805111821086262,0.3389830508474576,0.649132038228821,0.3508679617711789,-0.031379143879805116,0.011884910923721292,False,True,1,0,0,0,213.85814323609335,0,4063.0019191367546,100.40288414840063,193.0,139.0
464,6632,2022-09-02,New York Mets,Washington Nationals,1,-256.0,233.0,0.7191011235955056,0.3003003003003003,0.6489959519930555,0.3510040480069444,-0.07010517160245011,0.0507037477066441,False,True,1,0,0,0,213.85814323609335,0,4146.540256338353,83.53833720159896,194.0,139.0
465,6970,2022-09-27,Pittsburgh Pirates,Cincinnati Reds,1,-110.0,100.0,0.5238095238095238,0.5,0.5378269909746922,0.4621730090253077,0.014017467165168385,-0.037826990974692276,True,False,0,1,0,0,207.32701281691766,0,3939.2132435214353,0.0,194.0,140.0
466,472,2020-08-01,Colorado Rockies,San Diego Padres,1,108.0,-118.0,0.4807692307692308,0.5412844036697247,0.4280150959814874,0.5719849040185125,-0.05275413478774338,0.030700500348787796,False,True,1,0,0,0,207.32701281691766,0,4163.126417363706,223.91317384227108,195.0,140.0
467,3475,2021-08-04,Detroit Tigers,Boston Red Sox,0,136.0,-147.0,0.423728813559322,0.5951417004048583,0.4743008854744724,0.5256991145255275,0.050572071915150396,-0.06944258587933072,True,False,1,0,0,0,207.32701281691766,0,4304.165201592902,141.03878422919567,196.0,140.0
468,5905,2022-07-08,Baltimore Orioles,Los Angeles Angels,1,-137.0,127.0,0.5780590717299579,0.4405286343612334,0.5872602468059926,0.4127397531940074,0.009201175076034795,-0.027788881167226,False,False,0,0,0,0,0.0,0,4304.165201592902,0.0,196.0,140.0
469,4994,2022-05-04,Detroit Tigers,Pittsburgh Pirates,0,-143.0,132.0,0.588477366255144,0.4310344827586206,0.607250389316901,0.3927496106830989,0.018773023061756988,-0.038284872075521725,True,False,1,0,0,0,207.32701281691766,0,4577.836858511233,273.67165691833134,197.0,140.0
470,6618,2022-08-31,Los Angeles Angels,New York Yankees,1,170.0,-185.0,0.3703703703703703,0.6491228070175439,0.4238921065961882,0.5761078934038117,0.053521736225817906,-0.07301491361373214,True,False,0,1,0,0,228.89184292556166,0,4348.945015585671,0.0,197.0,141.0
471,7957,2023-04-22,Baltimore Orioles,Detroit Tigers,1,-175.0,161.0,0.6363636363636364,0.3831417624521073,0.641907471243096,0.358092528756904,0.0055438348794596415,-0.025049233695203288,False,False,0,0,0,0,0.0,0,4348.945015585671,0.0,197.0,141.0
472,8568,2023-06-06,Colorado Rockies,San Francisco Giants,0,123.0,-133.0,0.4484304932735426,0.5708154506437768,0.4682309857788232,0.5317690142211767,0.019800492505280598,-0.039046436422600084,True,False,1,0,0,0,228.89184292556166,0,4521.04414560489,172.09913001921927,198.0,141.0
473,6081,2022-07-23,Milwaukee Brewers,Colorado Rockies,1,-270.0,242.0,0.7297297297297297,0.2923976608187134,0.6435034070404921,0.3564965929595079,-0.08622632268923758,0.06409893214079454,False,True,1,0,0,0,228.89184292556166,0,4605.818902243987,84.7747566390969,199.0,141.0
474,8628,2023-06-11,Detroit Tigers,Arizona Diamondbacks,0,194.0,-213.0,0.3401360544217687,0.6805111821086262,0.4238012284755436,0.5761987715244564,0.08366517405377488,-0.10431241058416973,True,False,1,0,0,0,228.89184292556166,0,4713.27986136397,107.46095911998201,200.0,141.0
475,7766,2023-04-08,Atlanta Braves,San Diego Padres,0,-155.0,143.0,0.6078431372549019,0.411522633744856,0.6242105309087967,0.3757894690912032,0.016367393653894835,-0.03573316465365278,True,False,1,0,0,0,235.6639930681985,0,5050.279371451494,336.99951008752384,201.0,141.0
476,5273,2022-05-23,Minnesota Twins,Detroit Tigers,1,-182.0,167.0,0.6453900709219859,0.3745318352059925,0.6418878805368267,0.3581121194631733,-0.0035021903851591984,-0.016419715742819196,False,False,0,0,0,0,0.0,0,5050.279371451494,0.0,201.0,141.0
477,6438,2022-08-18,Pittsburgh Pirates,Boston Red Sox,1,141.0,-154.0,0.4149377593360996,0.6062992125984252,0.4247575787786941,0.5752424212213059,0.009819819442594468,-0.031056791377119364,False,False,0,0,0,0,0.0,0,5050.279371451494,0.0,201.0,141.0
478,4989,2022-05-03,Los Angeles Dodgers,San Francisco Giants,1,-137.0,127.0,0.5780590717299579,0.4405286343612334,0.5886756247181157,0.4113243752818842,0.01061655298815789,-0.029204259079349204,True,False,0,1,0,0,235.6639930681985,0,4814.615378383295,0.0,201.0,142.0
479,1285,2020-09-25,Minnesota Twins,Cincinnati Reds,0,-143.0,131.0,0.588477366255144,0.4329004329004329,0.6059539838816892,0.3940460161183107,0.017476617626545177,-0.0388544167821222,True,False,1,0,0,0,235.6639930681985,0,5123.335209302635,308.71983091934004,202.0,142.0
480,5267,2022-05-22,Los Angeles Angels,Oakland Athletics,1,-182.0,166.0,0.6453900709219859,0.3759398496240601,0.6432405225482156,0.3567594774517844,-0.002149548373770238,-0.019180372172275695,False,False,0,0,0,0,0.0,0,5123.335209302635,0.0,202.0,142.0
481,1956,2021-04-13,Atlanta Braves,Miami Marlins,0,-169.0,157.0,0.6282527881040892,0.3891050583657587,0.6350781466860389,0.3649218533139611,0.006825358581949659,-0.024183205051797607,False,False,0,0,0,0,0.0,0,5123.335209302635,0.0,202.0,142.0
482,3293,2021-07-21,Los Angeles Dodgers,San Francisco Giants,0,-154.0,141.0,0.6062992125984252,0.4149377593360996,0.6113011297106601,0.3886988702893399,0.005001917112234855,-0.026238889046759695,False,False,0,0,0,0,0.0,0,5123.335209302635,0.0,202.0,142.0
483,7788,2023-04-10,Pittsburgh Pirates,Houston Astros,0,166.0,-181.0,0.3759398496240601,0.6441281138790036,0.4492933316705303,0.5507066683294697,0.07335348204647024,-0.09342144554953391,True,False,1,0,0,0,256.16676046513174,0,5264.863806244697,141.52859694206174,203.0,142.0
484,1050,2020-09-09,San Diego Padres,Colorado Rockies,1,-164.0,150.0,0.6212121212121212,0.4,0.6481008840199872,0.3518991159800128,0.026888762807866007,-0.048100884019987244,True,False,0,1,0,0,256.16676046513174,0,5008.697045779565,0.0,203.0,143.0
485,7965,2023-04-23,Baltimore Orioles,Detroit Tigers,1,-166.0,153.0,0.6240601503759399,0.3952569169960474,0.6433529199882546,0.3566470800117453,0.019292769612314742,-0.03860983698430215,True,False,0,1,0,0,250.43485228897828,0,4758.2621934905865,0.0,203.0,144.0
486,6332,2022-08-10,Arizona Diamondbacks,Pittsburgh Pirates,0,-154.0,142.0,0.6062992125984252,0.4132231404958678,0.6351371497049174,0.3648628502950826,0.028837937106492184,-0.048360290200785194,True,False,1,0,0,0,250.43485228897828,0,5113.879683740935,355.61749025034914,204.0,144.0
487,5139,2022-05-14,Oakland Athletics,Los Angeles Angels,0,105.0,-115.0,0.4878048780487805,0.5348837209302325,0.4409178900495368,0.559082109950463,-0.04688698799924368,0.024198389020230526,False,True,0,1,0,0,250.43485228897828,0,4863.444831451957,0.0,204.0,145.0
488,5420,2022-06-02,Colorado Rockies,Atlanta Braves,0,134.0,-145.0,0.4273504273504273,0.5918367346938775,0.4455273688889177,0.5544726311110822,0.01817694153849042,-0.037364103582795294,True,False,1,0,0,0,250.43485228897828,0,5036.158522685735,172.71369123377812,205.0,145.0
489,8329,2023-05-20,Washington Nationals,Detroit Tigers,1,-110.0,100.0,0.5238095238095238,0.5,0.4956061066068656,0.5043938933931345,-0.028203417202658232,0.0043938933931344515,False,False,0,0,0,0,0.0,0,5036.158522685735,0.0,205.0,145.0
490,5492,2022-06-08,Cincinnati Reds,Arizona Diamondbacks,0,-111.0,101.0,0.5260663507109005,0.4975124378109453,0.6141687565113919,0.3858312434886081,0.08810240580049145,-0.1116811943223372,True,False,1,0,0,0,251.80792613428676,0,5290.484528081364,254.32600539562964,206.0,145.0
491,4884,2022-04-26,Washington Nationals,Miami Marlins,0,123.0,-133.0,0.4484304932735426,0.5708154506437768,0.4298458780869167,0.5701541219130832,-0.018584615186625908,-0.0006613287306935778,False,False,0,0,0,0,0.0,0,5290.484528081364,0.0,206.0,145.0
492,1259,2020-09-23,Los Angeles Dodgers,Oakland Athletics,0,-156.0,145.0,0.609375,0.4081632653061224,0.6142442578854679,0.3857557421145322,0.004869257885467881,-0.02240752319159023,False,False,0,0,0,0,0.0,0,5290.484528081364,0.0,206.0,145.0
493,2705,2021-06-06,Atlanta Braves,Los Angeles Dodgers,1,118.0,-128.0,0.4587155963302752,0.5614035087719298,0.4319000574232224,0.5680999425767775,-0.026815538907052794,0.006696433804847746,False,False,0,0,0,0,0.0,0,5290.484528081364,0.0,206.0,145.0
494,3778,2021-08-26,Miami Marlins,Washington Nationals,1,-118.0,108.0,0.5412844036697247,0.4807692307692308,0.571274012194608,0.428725987805392,0.029989608524883304,-0.052043242963838776,True,False,0,1,0,0,251.80792613428676,0,5038.676601947078,0.0,206.0,146.0
495,2167,2021-04-28,Atlanta Braves,Chicago Cubs,1,-128.0,118.0,0.5614035087719298,0.4587155963302752,0.6239743979068111,0.3760256020931889,0.06257088913488129,-0.08268999423708628,True,False,0,1,0,0,251.9338300973539,0,4786.742771849724,0.0,206.0,147.0
496,3811,2021-08-28,Los Angeles Dodgers,Colorado Rockies,1,-238.0,216.0,0.7041420118343196,0.3164556962025316,0.6423524485874872,0.3576475514125128,-0.06178956324683238,0.0411918552099812,False,True,1,0,0,0,251.9338300973539,0,4892.597322310797,105.85455046107307,207.0,147.0
497,5717,2022-06-24,Milwaukee Brewers,Toronto Blue Jays,0,138.0,-149.0,0.4201680672268907,0.5983935742971888,0.4757657034983247,0.5242342965016753,0.05559763627143399,-0.07415927779551346,True,False,1,0,0,0,251.9338300973539,0,5061.680429758685,169.08310744788852,208.0,147.0
498,3706,2021-08-21,Chicago Cubs,Kansas City Royals,0,-115.0,105.0,0.5348837209302325,0.4878048780487805,0.5641208798838068,0.4358791201161932,0.02923715895357426,-0.0519257579325873,True,False,1,0,0,0,251.9338300973539,0,5326.210951360907,264.5305216022216,209.0,147.0
499,3642,2021-08-16,Kansas City Royals,Houston Astros,1,137.0,-147.0,0.4219409282700422,0.5951417004048583,0.4260824851710492,0.5739175148289508,0.004141556901006982,-0.02122418557590744,False,False,0,0,0,0,0.0,0,5326.210951360907,0.0,209.0,147.0
500,8637,2023-06-11,Milwaukee Brewers,Oakland Athletics,0,-201.0,184.0,0.6677740863787376,0.352112676056338,0.6489765754648669,0.3510234245351332,-0.01879751091387072,-0.0010892515212048148,False,False,0,0,0,0,0.0,0,5326.210951360907,0.0,209.0,147.0
501,759,2020-08-21,Washington Nationals,Miami Marlins,0,-204.0,187.0,0.6710526315789473,0.3484320557491289,0.6421685962475692,0.3578314037524309,-0.028884035331378177,0.009399348003302,False,False,0,0,0,0,0.0,0,5326.210951360907,0.0,209.0,147.0
502,6541,2022-08-26,New York Mets,Colorado Rockies,1,-312.0,275.0,0.7572815533980582,0.2666666666666666,0.648390960955988,0.351609039044012,-0.10889059244207022,0.08494237237734537,False,True,1,0,0,0,266.31054756804537,0,5411.566896094255,85.35594473334788,210.0,147.0
503,7814,2023-04-12,Pittsburgh Pirates,Houston Astros,0,149.0,-162.0,0.4016064257028112,0.6183206106870229,0.452934695253617,0.5470653047463829,0.05132826955080583,-0.07125530594064,True,False,1,0,0,0,266.31054756804537,0,5575.95612298811,164.38922689385515,211.0,147.0
504,5256,2022-05-22,Toronto Blue Jays,Cincinnati Reds,0,-233.0,212.0,0.6996996996996997,0.3205128205128205,0.6477640958437167,0.3522359041562833,-0.05193560385598295,0.031723083643462824,False,True,0,1,0,0,266.31054756804537,0,5309.645575420065,0.0,211.0,148.0
505,5908,2022-07-08,Atlanta Braves,Washington Nationals,1,-270.0,241.0,0.7297297297297297,0.2932551319648094,0.6501279691500503,0.3498720308499496,-0.07960176057967938,0.05661689888514021,False,True,1,0,0,0,265.4822787710033,0,5407.972345335252,98.32676991518639,212.0,148.0
506,6270,2022-08-06,Baltimore Orioles,Pittsburgh Pirates,1,-147.0,137.0,0.5951417004048583,0.4219409282700422,0.63977356520229,0.36022643479771,0.04463186479743175,-0.06171449347233221,True,False,0,1,0,0,265.4822787710033,0,5142.490066564248,0.0,212.0,149.0
507,8249,2023-05-14,Washington Nationals,New York Mets,1,171.0,-186.0,0.3690036900369003,0.6503496503496503,0.4318446549567118,0.5681553450432881,0.0628409649198115,-0.08219430530636218,True,False,0,1,0,0,265.4822787710033,0,4877.0077877932445,0.0,212.0,150.0
508,2071,2021-04-21,San Diego Padres,Milwaukee Brewers,0,-196.0,179.0,0.6621621621621622,0.3584229390681003,0.5788851483289101,0.4211148516710898,-0.08327701383325203,0.06269191260298951,False,True,0,1,0,0,265.4822787710033,0,4611.525509022241,0.0,212.0,151.0
509,4877,2022-04-25,Texas Rangers,Houston Astros,1,123.0,-133.0,0.4484304932735426,0.5708154506437768,0.4282846181528222,0.5717153818471777,-0.020145875120720413,0.0008999312034009277,False,False,0,0,0,0,0.0,0,4611.525509022241,0.0,212.0,151.0
510,7011,2022-09-30,New York Yankees,Baltimore Orioles,0,-178.0,164.0,0.6402877697841727,0.3787878787878788,0.6455278431408658,0.3544721568591343,0.005240073356693076,-0.024315721928744483,False,False,0,0,0,0,0.0,0,4611.525509022241,0.0,212.0,151.0
511,7774,2023-04-09,Baltimore Orioles,New York Yankees,0,136.0,-147.0,0.423728813559322,0.5951417004048583,0.4300515187909399,0.56994848120906,0.0063227052316178756,-0.0251932191957982,False,False,0,0,0,0,0.0,0,4611.525509022241,0.0,212.0,151.0
512,8425,2023-05-27,New York Yankees,San Diego Padres,1,-139.0,129.0,0.5815899581589958,0.4366812227074236,0.5955013024437452,0.4044986975562548,0.013911344284749383,-0.03218252515116882,True,False,0,1,0,0,230.57627545111205,0,4380.949233571128,0.0,212.0,152.0
513,5059,2022-05-08,Atlanta Braves,Milwaukee Brewers,1,-115.0,105.0,0.5348837209302325,0.4878048780487805,0.4621671364329205,0.5378328635670795,-0.072716584497312,0.05002798551829901,False,True,1,0,0,0,230.57627545111205,0,4581.450342659052,200.5011090879235,213.0,152.0
514,2339,2021-05-11,Boston Red Sox,Oakland Athletics,0,-125.0,115.0,0.5555555555555556,0.4651162790697674,0.5397901555774235,0.4602098444225765,-0.01576539997813209,-0.0049064346471908715,False,False,0,0,0,0,0.0,0,4581.450342659052,0.0,213.0,152.0
515,6164,2022-07-29,Los Angeles Angels,Texas Rangers,0,-106.0,-104.0,0.5145631067961165,0.5098039215686274,0.5594515230495792,0.4405484769504207,0.04488841625346274,-0.06925544461820671,True,False,1,0,0,0,229.0725171329526,0,4801.7123783638135,220.26203570476213,214.0,152.0
516,3370,2021-07-27,Seattle Mariners,Houston Astros,0,137.0,-147.0,0.4219409282700422,0.5951417004048583,0.4528867217143687,0.5471132782856312,0.03094579344432652,-0.04802842211922709,True,False,1,0,0,0,229.0725171329526,0,4957.544022671945,155.83164430813102,215.0,152.0
517,5017,2022-05-05,San Diego Padres,Miami Marlins,1,-111.0,101.0,0.5260663507109005,0.4975124378109453,0.6046730482473155,0.3953269517526845,0.07860669753641503,-0.10218548605826078,True,False,0,1,0,0,229.0725171329526,0,4728.4715055389925,0.0,215.0,153.0
518,7839,2023-04-14,Washington Nationals,Cleveland Guardians,0,141.0,-153.0,0.4149377593360996,0.6047430830039525,0.4466151106502391,0.5533848893497608,0.03167735131413951,-0.0513581936541917,True,False,1,0,0,0,229.0725171329526,0,4878.192104972295,149.72059943330237,216.0,153.0
519,7797,2023-04-10,Arizona Diamondbacks,Milwaukee Brewers,1,-138.0,128.0,0.5798319327731093,0.4385964912280701,0.4905754704831329,0.5094245295168671,-0.08925646228997641,0.07082803828879702,False,True,1,0,0,0,229.0725171329526,0,5044.186682604869,165.99457763257436,217.0,153.0
520,643,2020-08-13,New York Mets,Washington Nationals,1,-119.0,109.0,0.54337899543379,0.4784688995215311,0.537975826323384,0.4620241736766159,-0.005403169110405948,-0.016444725844915187,False,False,0,0,0,0,0.0,0,5044.186682604869,0.0,217.0,153.0
521,5004,2022-05-04,Boston Red Sox,Los Angeles Angels,0,-118.0,108.0,0.5412844036697247,0.4807692307692308,0.5531845023822858,0.4468154976177142,0.011900098712561036,-0.03395373315151656,True,False,1,0,0,0,252.20933413024346,0,5316.572763465532,272.38608086066296,218.0,153.0
522,6633,2022-09-02,Cleveland Guardians,Seattle Mariners,0,127.0,-137.0,0.4405286343612334,0.5780590717299579,0.458761507950401,0.541238492049599,0.018232873589167586,-0.0368205796803589,True,False,1,0,0,0,252.20933413024346,0,5500.6671679401625,184.09440447463027,219.0,153.0
523,6313,2022-08-09,Milwaukee Brewers,Tampa Bay Rays,1,-159.0,147.0,0.6138996138996139,0.4048582995951417,0.5170209149899172,0.4829790850100828,-0.09687869890969669,0.07812078541494111,False,True,1,0,0,0,252.20933413024346,0,5659.289390663586,158.62222272342356,220.0,153.0
524,6009,2022-07-15,Tampa Bay Rays,Baltimore Orioles,1,-112.0,102.0,0.5283018867924528,0.495049504950495,0.5985866692747397,0.4014133307252603,0.07028478248228687,-0.09363617422523468,True,False,0,1,0,0,252.20933413024346,0,5407.080056533343,0.0,220.0,154.0
525,8785,2023-06-22,New York Yankees,Seattle Mariners,0,-115.0,105.0,0.5348837209302325,0.4878048780487805,0.5959186247641527,0.4040813752358473,0.061034903833920184,-0.08372350281293317,True,False,1,0,0,0,270.35400282666717,0,5690.951759501343,283.87170296800053,221.0,154.0
526,5244,2022-05-21,Miami Marlins,Atlanta Braves,0,128.0,-137.0,0.4385964912280701,0.5780590717299579,0.4626939848131783,0.5373060151868216,0.02409749358510821,-0.04075305654313621,True,False,1,0,0,0,270.35400282666717,0,5888.29044769599,197.33868819464757,222.0,154.0
527,7085,2022-10-04,Oakland Athletics,Los Angeles Angels,1,121.0,-131.0,0.4524886877828054,0.5670995670995671,0.4858723337926648,0.5141276662073353,0.033383646009859436,-0.052971900892231805,True,False,0,1,0,0,270.35400282666717,0,5617.936444869323,0.0,222.0,155.0
528,5989,2022-07-13,Colorado Rockies,San Diego Padres,1,155.0,-169.0,0.392156862745098,0.6282527881040892,0.4466333533824405,0.5533666466175595,0.0544764906373425,-0.07488614148652972,True,False,0,1,0,0,270.35400282666717,0,5347.582442042656,0.0,222.0,156.0
529,4127,2021-09-21,Miami Marlins,Washington Nationals,0,-147.0,136.0,0.5951417004048583,0.423728813559322,0.6089766370320419,0.3910233629679581,0.013834936627183603,-0.03270545059136393,True,False,1,0,0,0,270.35400282666717,0,5715.263885886923,367.6814438442674,223.0,156.0
530,5349,2022-05-28,Seattle Mariners,Houston Astros,1,108.0,-118.0,0.4807692307692308,0.5412844036697247,0.4347465919629741,0.565253408037026,-0.04602263880625668,0.023969004367301205,False,True,1,0,0,0,285.7631942943462,0,6023.888135724817,308.6242498378939,224.0,156.0
531,5395,2022-06-01,New York Mets,Washington Nationals,1,-227.0,208.0,0.6941896024464832,0.3246753246753247,0.6509506907342739,0.3490493092657261,-0.04323891171220928,0.02437398459040141,False,True,1,0,0,0,285.7631942943462,0,6149.775005458009,125.88686973319216,225.0,156.0
532,8641,2023-06-11,Los Angeles Angels,Seattle Mariners,1,-115.0,105.0,0.5348837209302325,0.4878048780487805,0.4971474696468968,0.5028525303531032,-0.03773625128333569,0.0150476523043227,False,True,1,0,0,0,285.7631942943462,0,6398.264739627006,248.48973416899668,226.0,156.0
533,7829,2023-04-13,Baltimore Orioles,Oakland Athletics,1,-226.0,205.0,0.6932515337423313,0.3278688524590163,0.6482184883933696,0.3517815116066304,-0.04503304534896169,0.02391265914761409,False,True,1,0,0,0,285.7631942943462,0,6524.70863090769,126.44389128068416,227.0,156.0
534,5871,2022-07-05,Houston Astros,Kansas City Royals,1,-227.0,204.0,0.6941896024464832,0.3289473684210526,0.6499308414285005,0.3500691585714994,-0.04425876101798265,0.021121790150446795,False,True,1,0,0,0,285.7631942943462,0,6650.595500640882,125.88686973319216,228.0,156.0
535,5224,2022-05-20,Baltimore Orioles,Tampa Bay Rays,1,133.0,-145.0,0.4291845493562232,0.5918367346938775,0.4262061597971933,0.5737938402028068,-0.0029783895590299037,-0.01804289449107077,False,False,0,0,0,0,0.0,0,6650.595500640882,0.0,228.0,156.0
536,4101,2021-09-19,Cincinnati Reds,Los Angeles Dodgers,0,173.0,-189.0,0.3663003663003663,0.6539792387543253,0.4198867353033826,0.5801132646966174,0.05358636900301633,-0.0738659740577079,True,False,1,0,0,0,332.52977503204414,0,6826.537180552016,175.94167991113446,229.0,156.0
537,6603,2022-08-30,Arizona Diamondbacks,Philadelphia Phillies,1,124.0,-133.0,0.4464285714285714,0.5708154506437768,0.503253369027518,0.4967466309724819,0.05682479759894665,-0.07406881967129492,True,False,0,1,0,0,332.52977503204414,0,6494.007405519972,0.0,229.0,157.0
538,4809,2022-04-20,Houston Astros,Los Angeles Angels,0,121.0,-132.0,0.4524886877828054,0.5689655172413793,0.4916609638235383,0.5083390361764617,0.03917227604073292,-0.06062648106491764,True,False,1,0,0,0,332.52977503204414,0,6745.92390175637,251.91649623639708,230.0,157.0
539,3419,2021-07-31,Tampa Bay Rays,Boston Red Sox,1,-108.0,-102.0,0.5192307692307693,0.504950495049505,0.6205981021192558,0.3794018978807442,0.10136733288848654,-0.12554859716876077,True,False,0,1,0,0,332.52977503204414,0,6413.394126724325,0.0,230.0,158.0
540,3681,2021-08-19,Texas Rangers,Seattle Mariners,0,140.0,-152.0,0.4166666666666667,0.6031746031746031,0.4400645996675788,0.5599354003324212,0.02339793300091214,-0.04323920284218197,True,False,1,0,0,0,320.6697063362163,0,6624.361038787625,210.96691206330019,231.0,158.0
541,8030,2023-04-27,Texas Rangers,New York Yankees,0,149.0,-162.0,0.4016064257028112,0.6183206106870229,0.438128179861513,0.5618718201384869,0.03652175415870179,-0.05644879054853602,True,False,1,0,0,0,320.6697063362163,0,6822.305301958129,197.94426317050386,232.0,158.0
542,6624,2022-09-01,Cleveland Guardians,Baltimore Orioles,0,-172.0,159.0,0.6323529411764706,0.3861003861003861,0.6006291775599698,0.3993708224400302,-0.031723763616500755,0.013270436339644087,False,True,0,1,0,0,320.6697063362163,0,6501.635595621913,0.0,232.0,159.0
543,1021,2020-09-07,Toronto Blue Jays,New York Yankees,1,-137.0,127.0,0.5780590717299579,0.4405286343612334,0.5327301808079166,0.4672698191920834,-0.04532889092204129,0.026741184830849973,False,True,1,0,0,0,320.6697063362163,0,6735.701074699443,234.06547907753014,233.0,159.0
544,6952,2022-09-25,Tampa Bay Rays,Toronto Blue Jays,0,-133.0,123.0,0.5708154506437768,0.4484304932735426,0.597105736979291,0.4028942630207089,0.026290286335514224,-0.04553623025283371,True,False,1,0,0,0,320.6697063362163,0,7130.124813492989,394.423738793546,234.0,159.0
545,8050,2023-04-29,Toronto Blue Jays,Seattle Mariners,1,-225.0,204.0,0.6923076923076923,0.3289473684210526,0.6365410477832634,0.3634589522167366,-0.05576664452442892,0.034511583795683975,False,True,1,0,0,0,356.50624067464946,0,7288.572031570611,158.44721807762198,235.0,159.0
546,534,2020-08-05,Arizona Diamondbacks,Houston Astros,1,145.0,-156.0,0.4081632653061224,0.609375,0.4188979045817103,0.5811020954182897,0.010734639275587876,-0.02827290458171028,True,False,0,1,0,0,356.50624067464946,0,6932.065790895962,0.0,235.0,160.0
547,2133,2021-04-26,Detroit Tigers,Kansas City Royals,0,-104.0,-106.0,0.5098039215686274,0.5145631067961165,0.433175613640679,0.566824386359321,-0.07662830792794839,0.05226127956320448,False,True,0,1,0,0,356.50624067464946,0,6575.559550221313,0.0,235.0,161.0
548,2297,2021-05-08,New York Yankees,Washington Nationals,1,-116.0,106.0,0.5370370370370371,0.4854368932038835,0.5698279557959006,0.4301720442040994,0.03279091875886353,-0.05526484899978412,True,False,0,1,0,0,356.50624067464946,0,6219.0533095466635,0.0,235.0,162.0
549,6400,2022-08-15,Los Angeles Angels,Seattle Mariners,0,-109.0,-101.0,0.5215311004784688,0.5024875621890548,0.5202752529498,0.4797247470502,-0.0012558475286688076,-0.022762815138854753,False,False,0,0,0,0,0.0,0,6219.0533095466635,0.0,235.0,162.0
550,8571,2023-06-07,Pittsburgh Pirates,Oakland Athletics,0,-173.0,159.0,0.6336996336996337,0.3861003861003861,0.6440247962017052,0.3559752037982948,0.010325162502071494,-0.030125182302091325,True,False,1,0,0,0,310.9526654773332,0,6713.468047655623,494.4147381089598,236.0,162.0
551,5284,2022-05-24,New York Yankees,Baltimore Orioles,1,-233.0,210.0,0.6996996996996997,0.3225806451612903,0.6398810593259561,0.3601189406740439,-0.059818640373743626,0.03753829551275356,False,True,1,0,0,0,310.9526654773332,0,6846.924127259629,133.45607960400568,237.0,162.0
552,6574,2022-08-28,Kansas City Royals,San Diego Padres,1,165.0,-179.0,0.3773584905660377,0.6415770609318996,0.4289297252735995,0.5710702747264005,0.05157123470756181,-0.0705067862054991,True,False,0,1,0,0,310.9526654773332,0,6535.971461782296,0.0,237.0,163.0
553,8308,2023-05-18,Miami Marlins,Washington Nationals,1,-144.0,133.0,0.5901639344262295,0.4291845493562232,0.6227103508752485,0.3772896491247514,0.03254641644901901,-0.05189490023147181,True,False,0,1,0,0,310.9526654773332,0,6225.018796304962,0.0,237.0,164.0
554,7995,2023-04-25,Philadelphia Phillies,Seattle Mariners,0,107.0,-117.0,0.4830917874396135,0.5391705069124424,0.5632694950521893,0.4367305049478107,0.08017770761257575,-0.10244000196463171,True,False,1,0,0,0,310.9526654773332,0,6490.790305259948,265.7715089549856,238.0,164.0
555,2229,2021-05-03,Philadelphia Phillies,Milwaukee Brewers,1,-112.0,103.0,0.5283018867924528,0.4926108374384236,0.5418466714762271,0.4581533285237729,0.013544784683774291,-0.034457508914650714,True,False,0,1,0,0,324.5395152629974,0,6166.2507899969505,0.0,238.0,165.0
556,8790,2023-06-23,Baltimore Orioles,Seattle Mariners,0,-112.0,102.0,0.5283018867924528,0.495049504950495,0.4951471169836278,0.5048528830163721,-0.033154769808825035,0.00980337806587711,False,False,0,0,0,0,0.0,0,6166.2507899969505,0.0,238.0,165.0
557,6121,2022-07-26,Kansas City Royals,Los Angeles Angels,0,-115.0,105.0,0.5348837209302325,0.4878048780487805,0.5621190445498245,0.4378809554501754,0.027235323619592022,-0.049923922598605064,True,False,1,0,0,0,324.5395152629974,0,6507.017281023098,340.76649102614726,239.0,165.0
558,5906,2022-07-08,New York Mets,Miami Marlins,0,-154.0,143.0,0.6062992125984252,0.411522633744856,0.6407000190590604,0.3592999809409397,0.03440080646063515,-0.0522226528039163,True,False,1,0,0,0,324.5395152629974,0,6971.108787849184,464.09150682608623,240.0,165.0
559,1215,2020-09-20,Seattle Mariners,San Diego Padres,0,218.0,-244.0,0.3144654088050314,0.7093023255813954,0.4304853680286929,0.569514631971307,0.11601995922366154,-0.13978769361008836,True,False,1,0,0,0,324.5395152629974,0,7104.11678590779,133.0079980586055,241.0,165.0
560,7800,2023-04-11,Baltimore Orioles,Oakland Athletics,1,-188.0,173.0,0.6527777777777778,0.3663003663003663,0.6501035202475658,0.3498964797524342,-0.0026742575302119986,-0.016403886547932067,False,False,0,0,0,0,0.0,0,7104.11678590779,0.0,241.0,165.0
561,8560,2023-06-06,Pittsburgh Pirates,Oakland Athletics,0,-245.0,220.0,0.7101449275362319,0.3125,0.6506130936450768,0.3493869063549232,-0.05953183389115513,0.0368869063549232,False,True,0,1,0,0,355.2058392953895,0,6748.9109466124,0.0,241.0,166.0
562,5321,2022-05-27,New York Mets,Philadelphia Phillies,1,-135.0,125.0,0.574468085106383,0.4444444444444444,0.5994392983764746,0.4005607016235254,0.024971213270091552,-0.043883742820919,True,False,0,1,0,0,355.2058392953895,0,6393.7051073170105,0.0,241.0,167.0
563,1000,2020-09-06,New York Mets,Philadelphia Phillies,1,-147.0,137.0,0.5951417004048583,0.4219409282700422,0.5691072092317246,0.4308927907682754,-0.02603449117313361,0.00895186249823321,False,False,0,0,0,0,0.0,0,6393.7051073170105,0.0,241.0,167.0
564,5583,2022-06-14,Colorado Rockies,Cleveland Guardians,0,147.0,-159.0,0.4048582995951417,0.6138996138996139,0.4333778592938425,0.5666221407061575,0.02851955969870079,-0.04727747319345643,True,False,1,0,0,0,355.2058392953895,0,6617.1050062449285,223.39989892791792,242.0,167.0
565,8178,2023-05-08,Los Angeles Angels,Houston Astros,1,113.0,-123.0,0.4694835680751174,0.5515695067264574,0.4454719018580328,0.5545280981419671,-0.02401166621708456,0.0029585914155096926,False,False,0,0,0,0,0.0,0,6617.1050062449285,0.0,242.0,167.0
566,5071,2022-05-09,New York Yankees,Texas Rangers,1,-208.0,190.0,0.6753246753246753,0.3448275862068966,0.6404181549832209,0.3595818450167791,-0.03490652034145447,0.014754258809882514,False,True,1,0,0,0,330.8552503122464,0,6776.170030433508,159.06502418858003,243.0,167.0
567,5883,2022-07-06,Baltimore Orioles,Texas Rangers,1,-101.0,-109.0,0.5024875621890548,0.5215311004784688,0.5752444229572415,0.4247555770427585,0.07275686076818677,-0.09677552343571033,True,False,0,1,0,0,330.8552503122464,0,6445.314780121262,0.0,243.0,168.0
568,6163,2022-07-29,Colorado Rockies,Los Angeles Dodgers,0,196.0,-213.0,0.3378378378378378,0.6805111821086262,0.4182961869175937,0.5817038130824064,0.08045834907975591,-0.09880736902621978,True,False,1,0,0,0,330.8552503122464,0,6600.645883554242,155.33110343297955,244.0,168.0
569,7868,2023-04-16,New York Yankees,Minnesota Twins,1,-153.0,141.0,0.6047430830039525,0.4149377593360996,0.6029056094424357,0.3970943905575644,-0.001837473561516867,-0.017843368778535207,False,False,0,0,0,0,0.0,0,6600.645883554242,0.0,244.0,168.0
570,6068,2022-07-22,Seattle Mariners,Houston Astros,0,103.0,-112.0,0.4926108374384236,0.5283018867924528,0.4433853435346124,0.5566146564653875,-0.0492254939038112,0.028312769672934723,False,True,0,1,0,0,330.0322941777121,0,6270.6135893765295,0.0,244.0,169.0
571,5982,2022-07-13,New York Yankees,Cincinnati Reds,1,-303.0,270.0,0.7518610421836228,0.2702702702702703,0.6437628336657696,0.3562371663342304,-0.10809820851785323,0.08596689606396013,False,True,1,0,0,0,330.0322941777121,0,6379.535138610097,108.92154923356836,245.0,169.0
572,7020,2022-09-30,Seattle Mariners,Oakland Athletics,1,-260.0,233.0,0.7222222222222222,0.3003003003003003,0.6481863045473425,0.3518136954526575,-0.07403591767487971,0.0515133951523572,False,True,1,0,0,0,330.0322941777121,0,6506.4706363707555,126.9354977606585,246.0,169.0
573,5542,2022-06-11,Houston Astros,Miami Marlins,0,-250.0,224.0,0.7142857142857143,0.3086419753086419,0.6254449217214885,0.3745550782785115,-0.08884079256422583,0.06591310296986957,False,True,0,1,0,0,330.0322941777121,0,6176.438342193043,0.0,246.0,170.0
574,3767,2021-08-25,Miami Marlins,Washington Nationals,1,101.0,-111.0,0.4975124378109453,0.5260663507109005,0.5162978348381357,0.4837021651618642,0.018785397027190454,-0.04236418554903626,True,False,0,1,0,0,330.0322941777121,0,5846.406048015331,0.0,246.0,171.0
575,5300,2022-05-25,San Diego Padres,Milwaukee Brewers,0,-125.0,115.0,0.5555555555555556,0.4651162790697674,0.4885638419072929,0.511436158092707,-0.06699171364826267,0.04631987902293966,False,True,0,1,0,0,292.3203024007666,0,5554.085745614565,0.0,246.0,172.0
576,6772,2022-09-12,Miami Marlins,Texas Rangers,1,-123.0,113.0,0.5515695067264574,0.4694835680751174,0.5412353148732585,0.4587646851267415,-0.010334191853198949,-0.010718882948375863,False,False,0,0,0,0,0.0,0,5554.085745614565,0.0,246.0,172.0
577,3141,2021-07-08,Miami Marlins,Los Angeles Dodgers,0,144.0,-156.0,0.4098360655737705,0.609375,0.4239708355904694,0.5760291644095306,0.014134770016698883,-0.03334583559046944,True,False,1,0,0,0,292.3203024007666,0,5741.470554845826,187.38480923126065,247.0,172.0
578,6553,2022-08-27,Boston Red Sox,Tampa Bay Rays,1,116.0,-127.0,0.4629629629629629,0.5594713656387665,0.4448549039058957,0.5551450960941042,-0.018108059057067194,-0.004326269544662309,False,False,0,0,0,0,0.0,0,5741.470554845826,0.0,247.0,172.0
579,8688,2023-06-15,Texas Rangers,Los Angeles Angels,0,-141.0,130.0,0.5850622406639004,0.4347826086956521,0.6039208227592612,0.3960791772407389,0.018858582095360732,-0.03870343145491323,True,False,1,0,0,0,292.3203024007666,0,6121.486947966822,380.0163931209966,248.0,172.0
580,490,2020-08-02,Los Angeles Angels,Houston Astros,0,124.0,-133.0,0.4464285714285714,0.5708154506437768,0.4293400596601842,0.5706599403398158,-0.017088511768387216,-0.00015551030396099286,False,False,0,0,0,0,0.0,0,6121.486947966822,0.0,248.0,172.0
581,6821,2022-09-16,Washington Nationals,Miami Marlins,1,109.0,-119.0,0.4784688995215311,0.54337899543379,0.4632192884549758,0.5367807115450243,-0.015249611066555313,-0.00659828388876571,False,False,0,0,0,0,0.0,0,6121.486947966822,0.0,248.0,172.0
582,6110,2022-07-25,Arizona Diamondbacks,San Francisco Giants,1,114.0,-123.0,0.4672897196261682,0.5515695067264574,0.4424335230121768,0.5575664769878232,-0.02485619661399141,0.005996970261365808,False,False,0,0,0,0,0.0,0,6121.486947966822,0.0,248.0,172.0
583,5434,2022-06-03,Colorado Rockies,Atlanta Braves,0,161.0,-175.0,0.3831417624521073,0.6363636363636364,0.424539388010537,0.575460611989463,0.041397625558429685,-0.06090302437417339,True,False,1,0,0,0,306.0743473983411,0,6296.386575051589,174.89962708476634,249.0,172.0
584,5118,2022-05-12,Texas Rangers,Kansas City Royals,1,-128.0,118.0,0.5614035087719298,0.4587155963302752,0.5686470357240363,0.4313529642759637,0.007243526952106505,-0.027362632054311498,False,False,0,0,0,0,0.0,0,6296.386575051589,0.0,249.0,172.0
585,8538,2023-06-04,Cincinnati Reds,Milwaukee Brewers,0,-106.0,-104.0,0.5145631067961165,0.5098039215686274,0.4633700289888794,0.5366299710111204,-0.051193077807237086,0.026826049442493005,False,True,0,1,0,0,314.81932875257945,0,5981.56724629901,0.0,249.0,173.0
586,504,2020-08-03,Colorado Rockies,San Francisco Giants,1,-133.0,124.0,0.5708154506437768,0.4464285714285714,0.6370404467490665,0.3629595532509335,0.06622499610528965,-0.08346901817763791,True,False,0,1,0,0,314.81932875257945,0,5666.7479175464305,0.0,249.0,174.0
587,2044,2021-04-19,Seattle Mariners,Los Angeles Dodgers,1,170.0,-185.0,0.3703703703703703,0.6491228070175439,0.4203138720001457,0.5796861279998542,0.0499435016297754,-0.06943667901768968,True,False,0,1,0,0,314.81932875257945,0,5351.928588793851,0.0,249.0,175.0
588,3734,2021-08-23,Boston Red Sox,Texas Rangers,1,-294.0,258.0,0.7461928934010152,0.2793296089385474,0.637163985157114,0.3628360148428859,-0.10902890824390121,0.0835064059043385,False,True,1,0,0,0,314.81932875257945,0,5459.0099931314635,107.08140433761206,250.0,175.0
589,6115,2022-07-26,Baltimore Orioles,Tampa Bay Rays,1,179.0,-196.0,0.3584229390681003,0.6621621621621622,0.4408822236433857,0.5591177763566142,0.0824592845752854,-0.10304438580554798,True,False,0,1,0,0,314.81932875257945,0,5144.190664378884,0.0,250.0,176.0
590,3518,2021-08-07,Cincinnati Reds,Pittsburgh Pirates,1,-175.0,160.0,0.6363636363636364,0.3846153846153846,0.6482744966972076,0.3517255033027924,0.01191086033357125,-0.032889881312592184,True,False,0,1,0,0,257.2095332189442,0,4886.981131159941,0.0,250.0,177.0
591,5133,2022-05-13,Arizona Diamondbacks,Chicago Cubs,1,-120.0,110.0,0.5454545454545454,0.4761904761904761,0.5724989278646626,0.4275010721353373,0.027044382410117196,-0.04868940405513883,True,False,0,1,0,0,257.2095332189442,0,4629.771597940997,0.0,250.0,178.0
592,8798,2023-06-23,Los Angeles Dodgers,Houston Astros,1,-141.0,130.0,0.5850622406639004,0.4347826086956521,0.5776410361636423,0.4223589638363577,-0.007421204500258183,-0.012423644859294425,False,False,0,0,0,0,0.0,0,4629.771597940997,0.0,250.0,178.0
593,7845,2023-04-14,Kansas City Royals,Atlanta Braves,0,125.0,-135.0,0.4444444444444444,0.574468085106383,0.4246773660381798,0.5753226339618203,-0.019767078406264627,0.0008545488554372316,False,False,0,0,0,0,0.0,0,4629.771597940997,0.0,250.0,178.0
594,7019,2022-09-30,Los Angeles Angels,Texas Rangers,1,-151.0,139.0,0.601593625498008,0.4184100418410041,0.6223547616166123,0.3776452383833876,0.020761136118604306,-0.040764803457616516,True,False,0,1,0,0,257.2095332189442,0,4372.562064722053,0.0,250.0,179.0
595,6472,2022-08-20,San Diego Padres,Washington Nationals,1,-303.0,267.0,0.7518610421836228,0.2724795640326976,0.6485110019614349,0.3514889980385652,-0.10335004022218797,0.07900943400586763,False,True,1,0,0,0,218.62810323610267,0,4444.716554238918,72.15448951686557,251.0,179.0
596,8449,2023-05-28,Colorado Rockies,New York Mets,1,129.0,-139.0,0.4366812227074236,0.5815899581589958,0.4553251728490913,0.5446748271509088,0.018643950141667698,-0.036915131008087076,True,False,0,1,0,0,218.62810323610267,0,4226.088451002815,0.0,251.0,180.0
597,6512,2022-08-23,Seattle Mariners,Washington Nationals,1,-256.0,230.0,0.7191011235955056,0.303030303030303,0.6491808714599584,0.3508191285400416,-0.0699202521355472,0.04778882550973862,False,True,1,0,0,0,218.62810323610267,0,4311.490053829418,85.40160282660261,252.0,180.0
598,1127,2020-09-15,Tampa Bay Rays,Washington Nationals,1,-164.0,151.0,0.6212121212121212,0.398406374501992,0.6411301266757681,0.3588698733242318,0.01991800546364686,-0.0395365011777602,True,False,0,1,0,0,218.62810323610267,0,4092.861950593315,0.0,252.0,181.0
599,1220,2020-09-21,Washington Nationals,Philadelphia Phillies,1,138.0,-149.0,0.4201680672268907,0.5983935742971888,0.5094187811163162,0.4905812188836838,0.08925071388942551,-0.10781235541350498,True,False,0,1,0,0,218.62810323610267,0,3874.2338473572127,0.0,252.0,182.0
600,4144,2021-09-22,Chicago Cubs,Minnesota Twins,0,100.0,-110.0,0.5,0.5238095238095238,0.4856181561402661,0.5143818438597338,-0.0143818438597339,-0.009427679949789991,False,False,0,0,0,0,0.0,0,3874.2338473572127,0.0,252.0,182.0
601,7869,2023-04-16,Toronto Blue Jays,Tampa Bay Rays,0,110.0,-120.0,0.4761904761904761,0.5454545454545454,0.475161766336546,0.5248382336634538,-0.0010287098539301098,-0.02061631179109158,False,False,0,0,0,0,0.0,0,3874.2338473572127,0.0,252.0,182.0
602,6771,2022-09-12,Miami Marlins,Texas Rangers,0,-123.0,113.0,0.5515695067264574,0.4694835680751174,0.5412353148732585,0.4587646851267415,-0.010334191853198949,-0.010718882948375863,False,False,0,0,0,0,0.0,0,3874.2338473572127,0.0,252.0,182.0
603,6996,2022-09-28,San Diego Padres,Los Angeles Dodgers,0,128.0,-138.0,0.4385964912280701,0.5798319327731093,0.4305043399761884,0.5694956600238117,-0.008092151251881674,-0.010336272749297604,False,False,0,0,0,0,0.0,0,3874.2338473572127,0.0,252.0,182.0
604,5206,2022-05-18,Baltimore Orioles,New York Yankees,0,224.0,-250.0,0.3086419753086419,0.7142857142857143,0.4193182998302078,0.5806817001697923,0.1106763245215659,-0.13360401411592204,True,False,1,0,0,0,193.71169236786065,0,3951.718524304357,77.48467694714427,253.0,182.0
605,892,2020-08-29,Milwaukee Brewers,Pittsburgh Pirates,1,-164.0,152.0,0.6212121212121212,0.3968253968253968,0.6404393193410498,0.3595606806589502,0.01922719812892859,-0.03726471616644661,True,False,0,1,0,0,197.58592621521785,0,3754.132598089139,0.0,253.0,183.0
606,3097,2021-07-04,Arizona Diamondbacks,San Francisco Giants,0,157.0,-169.0,0.3891050583657587,0.6282527881040892,0.4196995155600067,0.5803004844399933,0.03059445719424797,-0.047952303664095974,True,False,1,0,0,0,197.58592621521785,0,3871.0473473289126,116.91474923977388,254.0,183.0
607,6584,2022-08-29,Toronto Blue Jays,Chicago Cubs,1,-227.0,205.0,0.6941896024464832,0.3278688524590163,0.6445659701365674,0.3554340298634326,-0.049623632309915844,0.027565177404416275,False,True,1,0,0,0,197.58592621521785,0,3958.089605573502,87.04225824458936,255.0,183.0
608,6311,2022-08-09,Chicago Cubs,Washington Nationals,0,-189.0,175.0,0.6539792387543253,0.3636363636363636,0.6475063709849609,0.3524936290150391,-0.006472867769364399,-0.01114273462132448,False,False,0,0,0,0,0.0,0,3958.089605573502,0.0,255.0,183.0
609,7824,2023-04-12,Tampa Bay Rays,Boston Red Sox,1,-124.0,114.0,0.5535714285714286,0.4672897196261682,0.6309128845897046,0.3690871154102954,0.07734145601827602,-0.09820260421587285,True,False,0,1,0,0,197.58592621521785,0,3760.503679358284,0.0,255.0,184.0
610,1016,2020-09-07,Minnesota Twins,Detroit Tigers,1,-213.0,196.0,0.6805111821086262,0.3378378378378378,0.6356487109967248,0.3643512890032752,-0.044862471111901336,0.026513451165437407,False,True,1,0,0,0,188.02518396791422,0,3848.7784136155205,88.27473425723672,256.0,184.0
611,8512,2023-06-02,San Diego Padres,Chicago Cubs,0,-165.0,152.0,0.6226415094339622,0.3968253968253968,0.6253327047267585,0.3746672952732415,0.002691195292796267,-0.022158101552155307,False,False,0,0,0,0,0.0,0,3848.7784136155205,0.0,256.0,184.0
612,6733,2022-09-09,Houston Astros,Los Angeles Angels,1,-213.0,196.0,0.6805111821086262,0.3378378378378378,0.6437031243297016,0.3562968756702985,-0.0368080577789246,0.018459037832460723,False,True,1,0,0,0,188.02518396791422,0,3937.053147872757,88.27473425723672,257.0,184.0
613,5361,2022-05-29,Arizona Diamondbacks,Los Angeles Dodgers,0,188.0,-204.0,0.3472222222222222,0.6710526315789473,0.4186649530507271,0.5813350469492728,0.07144273082850489,-0.0897175846296745,True,False,1,0,0,0,188.02518396791422,0,4029.222355700166,92.16920782740893,258.0,184.0
614,7971,2023-04-23,Minnesota Twins,Washington Nationals,1,-257.0,230.0,0.7198879551820728,0.303030303030303,0.6420557434682674,0.3579442565317325,-0.07783221171380539,0.054913953501429524,False,True,1,0,0,0,188.02518396791422,0,4102.383905882234,73.16155018206778,259.0,184.0
615,645,2020-08-13,Boston Red Sox,Tampa Bay Rays,0,140.0,-152.0,0.4166666666666667,0.6031746031746031,0.4244847396175863,0.5755152603824136,0.00781807295091963,-0.027659342792189512,False,False,0,0,0,0,0.0,0,4102.383905882234,0.0,259.0,184.0
616,3651,2021-08-17,Cincinnati Reds,Chicago Cubs,0,-156.0,145.0,0.609375,0.4081632653061224,0.6365761115878908,0.3634238884121091,0.027201111587890847,-0.044739376894013305,True,False,1,0,0,0,205.1191952941117,0,4399.806739058696,297.42283317646195,260.0,184.0
617,2023,2021-04-18,Washington Nationals,Arizona Diamondbacks,0,-185.0,171.0,0.6491228070175439,0.3690036900369003,0.6348350793607745,0.3651649206392254,-0.014287727656769333,-0.0038387693976749127,False,False,0,0,0,0,0.0,0,4399.806739058696,0.0,260.0,184.0
618,2650,2021-06-02,New York Yankees,Tampa Bay Rays,1,-128.0,118.0,0.5614035087719298,0.4587155963302752,0.4877757462972852,0.5122242537027148,-0.07362776247464459,0.05350865737243965,False,True,1,0,0,0,205.1191952941117,0,4560.05611038222,160.24937132352477,261.0,184.0
619,3049,2021-07-01,Arizona Diamondbacks,San Francisco Giants,1,135.0,-145.0,0.425531914893617,0.5918367346938775,0.4215604922457108,0.5784395077542892,-0.003971422647906231,-0.013397226939588336,False,False,0,0,0,0,0.0,0,4560.05611038222,0.0,261.0,184.0
620,1069,2020-09-11,Miami Marlins,Philadelphia Phillies,0,142.0,-154.0,0.4132231404958678,0.6062992125984252,0.471554873059571,0.528445126940429,0.05833173256370322,-0.07785408565799623,True,False,1,0,0,0,228.002805519111,0,4708.109880199825,148.05376981760455,262.0,184.0
621,6341,2022-08-11,Boston Red Sox,Baltimore Orioles,1,-123.0,114.0,0.5515695067264574,0.4672897196261682,0.5288845853232202,0.4711154146767797,-0.02268492140323719,0.0038256950506114773,False,False,0,0,0,0,0.0,0,4708.109880199825,0.0,262.0,184.0
622,6138,2022-07-27,Baltimore Orioles,Tampa Bay Rays,0,115.0,-125.0,0.4651162790697674,0.5555555555555556,0.458337785012784,0.541662214987216,-0.006778494056983386,-0.013893340568339574,False,False,0,0,0,0,0.0,0,4708.109880199825,0.0,262.0,184.0
623,1211,2020-09-20,Milwaukee Brewers,Kansas City Royals,1,-143.0,131.0,0.588477366255144,0.4329004329004329,0.6393767014849964,0.3606232985150036,0.05089933522985235,-0.07227713438542932,True,False,0,1,0,0,228.002805519111,0,4480.1070746807145,0.0,262.0,185.0
624,5549,2022-06-12,Atlanta Braves,Pittsburgh Pirates,1,-233.0,212.0,0.6996996996996997,0.3205128205128205,0.6495560434522649,0.3504439565477351,-0.050143656247434776,0.029931136034914596,False,True,1,0,0,0,228.002805519111,0,4577.962356019389,97.85528133867426,263.0,185.0
625,4874,2022-04-25,Philadelphia Phillies,Colorado Rockies,1,-192.0,175.0,0.6575342465753424,0.3636363636363636,0.5057420932872547,0.4942579067127452,-0.1517921532880877,0.13062154307638163,False,True,1,0,0,0,228.89811780096943,0,4697.180125707394,119.21776968800492,264.0,185.0
626,6303,2022-08-08,Seattle Mariners,New York Yankees,0,109.0,-119.0,0.4784688995215311,0.54337899543379,0.4593468098689013,0.5406531901310987,-0.019122089652629792,-0.0027258053026912865,False,False,0,0,0,0,0.0,0,4697.180125707394,0.0,264.0,185.0
627,3180,2021-07-10,Los Angeles Dodgers,Arizona Diamondbacks,1,-294.0,262.0,0.7461928934010152,0.2762430939226519,0.6503614494106451,0.3496385505893549,-0.09583144399037014,0.073395456666703,False,True,1,0,0,0,228.89811780096943,0,4775.036628360785,77.85650265339096,265.0,185.0
628,5652,2022-06-19,Chicago Cubs,Atlanta Braves,0,148.0,-161.0,0.4032258064516129,0.6168582375478927,0.4297351981748561,0.5702648018251439,0.026509391723243236,-0.046593435722748766,True,False,1,0,0,0,228.89811780096943,0,4917.209372336542,142.1727439757574,266.0,185.0
629,6309,2022-08-09,New York Mets,Cincinnati Reds,1,-294.0,262.0,0.7461928934010152,0.2762430939226519,0.644350684767045,0.3556493152329549,-0.1018422086339702,0.079406221310303,False,True,1,0,0,0,228.89811780096943,0,4995.065874989933,77.85650265339096,267.0,185.0
630,5538,2022-06-11,San Diego Padres,Colorado Rockies,1,-238.0,216.0,0.7041420118343196,0.3164556962025316,0.6488188788943956,0.3511811211056043,-0.05532313293992397,0.03472542490307268,False,True,1,0,0,0,249.75329374949666,0,5100.004233708209,104.93835871827591,268.0,185.0
631,3328,2021-07-24,Minnesota Twins,Los Angeles Angels,0,-125.0,115.0,0.5555555555555556,0.4651162790697674,0.595500029945284,0.404499970054716,0.03994447438972837,-0.060616309015051384,True,False,1,0,0,0,249.75329374949666,0,5387.22052152013,287.2162878119211,269.0,185.0
632,719,2020-08-18,Los Angeles Dodgers,Seattle Mariners,1,-233.0,212.0,0.6996996996996997,0.3205128205128205,0.6509268361654491,0.3490731638345509,-0.04877286353425059,0.028560343321730408,False,True,1,0,0,0,249.75329374949666,0,5494.410776348241,107.19025482811016,270.0,185.0
633,5461,2022-06-05,Kansas City Royals,Houston Astros,0,200.0,-217.0,0.3333333333333333,0.6845425867507886,0.4198964870158276,0.5801035129841724,0.08656315368249429,-0.10443907376661621,True,False,1,0,0,0,249.75329374949666,0,5609.504460103769,115.09368375552842,271.0,185.0
634,6647,2022-09-03,Pittsburgh Pirates,Toronto Blue Jays,0,143.0,-154.0,0.411522633744856,0.6062992125984252,0.4213988056404784,0.5786011943595216,0.009876171895622399,-0.02769801823890361,False,False,0,0,0,0,0.0,0,5609.504460103769,0.0,271.0,185.0
635,5518,2022-06-10,Washington Nationals,Milwaukee Brewers,1,156.0,-169.0,0.390625,0.6282527881040892,0.4284887087665018,0.5715112912334982,0.0378637087665018,-0.056741496870591046,True,False,0,1,0,0,280.47522300518847,0,5329.029237098581,0.0,271.0,186.0
636,3194,2021-07-11,San Diego Padres,Colorado Rockies,0,-179.0,165.0,0.6415770609318996,0.3773584905660377,0.6301302448882868,0.3698697551117132,-0.01144681604361275,-0.007488735454324491,False,False,0,0,0,0,0.0,0,5329.029237098581,0.0,271.0,186.0
637,5169,2022-05-16,Baltimore Orioles,New York Yankees,0,177.0,-192.0,0.3610108303249097,0.6575342465753424,0.4202835179252506,0.5797164820747494,0.05927268760034088,-0.07781776450059308,True,False,1,0,0,0,280.47522300518847,0,5475.110082413783,146.08084531520234,272.0,186.0
638,3239,2021-07-18,Cincinnati Reds,Milwaukee Brewers,0,120.0,-130.0,0.4545454545454545,0.5652173913043478,0.4634196556540537,0.5365803443459463,0.008874201108599211,-0.028637046958401524,False,False,0,0,0,0,0.0,0,5475.110082413783,0.0,272.0,186.0
639,6205,2022-08-01,San Diego Padres,Colorado Rockies,1,-200.0,184.0,0.6666666666666666,0.352112676056338,0.6435919063715934,0.3564080936284066,-0.02307476029507327,0.004295417572068583,False,False,0,0,0,0,0.0,0,5475.110082413783,0.0,272.0,186.0
640,6982,2022-09-27,Seattle Mariners,Texas Rangers,0,-208.0,190.0,0.6753246753246753,0.3448275862068966,0.6451979635569437,0.3548020364430563,-0.03012671176773163,0.009974450236159726,False,False,0,0,0,0,0.0,0,5475.110082413783,0.0,272.0,186.0
641,5471,2022-06-06,Los Angeles Angels,Boston Red Sox,0,-120.0,110.0,0.5454545454545454,0.4761904761904761,0.465668611101327,0.5343313888986729,-0.0797859343532184,0.058140912708196824,False,True,0,1,0,0,273.7555041206892,0,5201.354578293094,0.0,272.0,187.0
642,6849,2022-09-17,Arizona Diamondbacks,San Diego Padres,0,-108.0,-102.0,0.5192307692307693,0.504950495049505,0.4555628815831257,0.5444371184168743,-0.06366788764764358,0.0394866233673693,False,True,0,1,0,0,273.7555041206892,0,4927.599074172405,0.0,272.0,188.0
643,3780,2021-08-26,Oakland Athletics,New York Yankees,0,-101.0,-109.0,0.5024875621890548,0.5215311004784688,0.4638383067354941,0.5361616932645059,-0.03864925545356068,0.014630592786037067,False,True,0,1,0,0,273.7555041206892,0,4653.843570051717,0.0,272.0,189.0
644,2308,2021-05-08,Houston Astros,Toronto Blue Jays,0,-139.0,129.0,0.5815899581589958,0.4366812227074236,0.6089798880472481,0.3910201119527518,0.027389929888252285,-0.045661110754671774,True,False,1,0,0,0,273.7555041206892,0,5006.9881703674055,353.14460031568905,273.0,189.0
645,6287,2022-08-07,Minnesota Twins,Toronto Blue Jays,0,147.0,-159.0,0.4048582995951417,0.6138996138996139,0.4638689409452108,0.5361310590547892,0.059010641350069115,-0.0777685548448247,True,False,1,0,0,0,250.3494085183703,0,5164.440628555059,157.45245818765426,274.0,189.0
646,2057,2021-04-20,Chicago Cubs,New York Mets,1,117.0,-127.0,0.4608294930875576,0.5594713656387665,0.4492579058418159,0.5507420941581842,-0.011571587245741699,-0.008729271480582335,False,False,0,0,0,0,0.0,0,5164.440628555059,0.0,274.0,189.0
647,8635,2023-06-11,Tampa Bay Rays,Texas Rangers,1,-181.0,166.0,0.6441281138790036,0.3759398496240601,0.5246702747694247,0.4753297252305752,-0.11945783910957886,0.09938987560651513,False,True,1,0,0,0,250.3494085183703,0,5302.7552188967,138.31459034164106,275.0,189.0
648,4925,2022-04-29,Baltimore Orioles,Boston Red Sox,0,125.0,-135.0,0.4444444444444444,0.574468085106383,0.4518547145722384,0.5481452854277615,0.007410270127793994,-0.0263227996786215,False,False,0,0,0,0,0.0,0,5302.7552188967,0.0,275.0,189.0
649,2471,2021-05-21,Washington Nationals,Baltimore Orioles,1,-196.0,179.0,0.6621621621621622,0.3584229390681003,0.6446989301895232,0.3553010698104767,-0.017463231972638993,-0.0031218692576235885,False,False,0,0,0,0,0.0,0,5302.7552188967,0.0,275.0,189.0
650,5246,2022-05-21,Baltimore Orioles,Tampa Bay Rays,0,135.0,-145.0,0.425531914893617,0.5918367346938775,0.4330151852161102,0.5669848147838897,0.007483270322493185,-0.024851919909987807,False,False,0,0,0,0,0.0,0,5302.7552188967,0.0,275.0,189.0
651,6605,2022-08-31,Texas Rangers,Houston Astros,0,134.0,-145.0,0.4273504273504273,0.5918367346938775,0.4212373822886743,0.5787626177113256,-0.006113045061752975,-0.013074116982551898,False,False,0,0,0,0,0.0,0,5302.7552188967,0.0,275.0,189.0
652,1198,2020-09-19,Baltimore Orioles,Tampa Bay Rays,0,163.0,-179.0,0.3802281368821292,0.6415770609318996,0.4224454883544746,0.5775545116455254,0.0422173514723454,-0.06402254928637419,True,False,1,0,0,0,265.137760944835,0,5450.876873055826,148.12165415912568,276.0,189.0
653,3040,2021-07-01,Boston Red Sox,Kansas City Royals,1,-227.0,208.0,0.6941896024464832,0.3246753246753247,0.6446393437008053,0.3553606562991946,-0.049550258745677866,0.030685331623869938,False,True,1,0,0,0,265.137760944835,0,5567.677648802449,116.80077574662334,277.0,189.0
654,4822,2022-04-21,Oakland Athletics,Baltimore Orioles,1,-130.0,120.0,0.5652173913043478,0.4545454545454545,0.6283635223410509,0.3716364776589491,0.06314613103670308,-0.08290897688650539,True,False,0,1,0,0,265.137760944835,0,5302.539887857614,0.0,277.0,190.0
655,5867,2022-07-05,Pittsburgh Pirates,New York Yankees,1,194.0,-213.0,0.3401360544217687,0.6805111821086262,0.4190358720994752,0.5809641279005248,0.07889981767770649,-0.0995470542081014,True,False,0,1,0,0,265.1269943928807,0,5037.412893464733,0.0,277.0,191.0
656,5875,2022-07-05,Oakland Athletics,Toronto Blue Jays,1,166.0,-182.0,0.3759398496240601,0.6453900709219859,0.4351697321484375,0.5648302678515625,0.05922988252437744,-0.08055980307042332,True,False,0,1,0,0,265.1269943928807,0,4772.285899071852,0.0,277.0,192.0
657,3246,2021-07-18,Colorado Rockies,Los Angeles Dodgers,1,152.0,-164.0,0.3968253968253968,0.6212121212121212,0.4187281513125164,0.5812718486874836,0.02190275448711959,-0.03994027252463761,True,False,0,1,0,0,265.1269943928807,0,4507.158904678971,0.0,277.0,193.0
658,4771,2022-04-17,San Diego Padres,Atlanta Braves,1,-127.0,117.0,0.5594713656387665,0.4608294930875576,0.5278148962513489,0.472185103748651,-0.03165646938741762,0.011355610661093418,False,True,1,0,0,0,265.1269943928807,0,4715.9203175867515,208.76141290778008,278.0,193.0
659,4899,2022-04-27,Cincinnati Reds,San Diego Padres,0,159.0,-172.0,0.3861003861003861,0.6323529411764706,0.4198933875883061,0.5801066124116939,0.03379300148791997,-0.05224632876477664,True,False,1,0,0,0,265.1269943928807,0,4870.063918977961,154.14360139120973,279.0,193.0
660,3492,2021-08-05,Houston Astros,Minnesota Twins,0,-222.0,201.0,0.6894409937888198,0.3322259136212624,0.6350752817282879,0.3649247182717121,-0.05436571206053198,0.032698804650449664,False,True,0,1,0,0,243.50319594889808,0,4626.560723029063,0.0,279.0,194.0
661,2799,2021-06-13,Milwaukee Brewers,Pittsburgh Pirates,1,-196.0,179.0,0.6621621621621622,0.3584229390681003,0.6475349114018034,0.3524650885981966,-0.014627250760358756,-0.005957850469903714,False,False,0,0,0,0,0.0,0,4626.560723029063,0.0,279.0,194.0
662,5617,2022-06-17,Pittsburgh Pirates,San Francisco Giants,0,177.0,-192.0,0.3610108303249097,0.6575342465753424,0.4213740255117593,0.5786259744882407,0.06036319518684957,-0.07890827208710172,True,False,1,0,0,0,243.50319594889808,0,4753.385304252448,126.82458122338443,280.0,194.0
663,2526,2021-05-25,Washington Nationals,Cincinnati Reds,0,-179.0,163.0,0.6415770609318996,0.3802281368821292,0.6226597527546786,0.3773402472453214,-0.018917308177221037,-0.0028878896368078055,False,False,0,0,0,0,0.0,0,4753.385304252448,0.0,280.0,194.0
664,902,2020-08-30,Boston Red Sox,Washington Nationals,1,-108.0,-102.0,0.5192307692307693,0.504950495049505,0.4794499628919551,0.5205500371080449,-0.0397808063388142,0.015599542058539972,False,True,1,0,0,0,243.50319594889808,0,4978.851226427353,225.46592217490564,281.0,194.0
665,5311,2022-05-26,Detroit Tigers,Cleveland Guardians,1,-139.0,129.0,0.5815899581589958,0.4366812227074236,0.5292730280431985,0.4707269719568014,-0.0523169301157973,0.03404574924937781,False,True,1,0,0,0,248.94256132136766,0,5157.946594284452,179.09536785709903,282.0,194.0
666,2704,2021-06-06,Toronto Blue Jays,Houston Astros,0,-114.0,104.0,0.5327102803738317,0.4901960784313725,0.522834178457556,0.477165821542444,-0.009876101916275748,-0.013030256888928449,False,False,0,0,0,0,0.0,0,5157.946594284452,0.0,282.0,194.0
667,5215,2022-05-19,Cleveland Guardians,Cincinnati Reds,0,-128.0,118.0,0.5614035087719298,0.4587155963302752,0.6281458390235529,0.3718541609764471,0.06674233025162313,-0.08686143535382812,True,False,1,0,0,0,248.94256132136766,0,5451.698816643666,293.7522223592138,283.0,194.0
668,3185,2021-07-11,Tampa Bay Rays,Toronto Blue Jays,0,108.0,-118.0,0.4807692307692308,0.5412844036697247,0.5878738922719442,0.4121261077280558,0.10710466150271342,-0.12915829594166894,True,False,1,0,0,0,248.94256132136766,0,5662.667088949909,210.96827230624376,284.0,194.0
669,7876,2023-04-16,Los Angeles Dodgers,Chicago Cubs,0,-230.0,208.0,0.696969696969697,0.3246753246753247,0.6406231426504164,0.3593768573495836,-0.056346554319280595,0.034701532674258906,False,True,0,1,0,0,248.94256132136766,0,5413.724527628541,0.0,284.0,195.0
670,6193,2022-07-31,Colorado Rockies,Los Angeles Dodgers,0,161.0,-175.0,0.3831417624521073,0.6363636363636364,0.4191066999319343,0.5808933000680658,0.035964937479826986,-0.05547033629557052,True,False,1,0,0,0,270.68622638142705,0,5568.402371275071,154.67784364652974,285.0,195.0
671,5070,2022-05-09,Baltimore Orioles,Kansas City Royals,1,-128.0,118.0,0.5614035087719298,0.4587155963302752,0.6257667384249017,0.3742332615750983,0.06436322965297192,-0.08448233475517691,True,False,0,1,0,0,270.68622638142705,0,5297.716144893644,0.0,285.0,196.0
672,2421,2021-05-17,Cincinnati Reds,San Francisco Giants,0,-132.0,122.0,0.5689655172413793,0.4504504504504504,0.489211352860933,0.510788647139067,-0.07975416438044636,0.06033819668861662,False,True,0,1,0,0,270.68622638142705,0,5027.029918512217,0.0,285.0,197.0
673,6006,2022-07-15,New York Yankees,Boston Red Sox,0,-154.0,143.0,0.6062992125984252,0.411522633744856,0.6035828054366627,0.3964171945633373,-0.0027164071617625796,-0.015105439181518687,False,False,0,0,0,0,0.0,0,5027.029918512217,0.0,285.0,197.0
674,3480,2021-08-04,Colorado Rockies,Chicago Cubs,0,-145.0,135.0,0.5918367346938775,0.425531914893617,0.5761308673731269,0.4238691326268731,-0.015705867320750633,-0.001662782266743934,False,False,0,0,0,0,0.0,0,5027.029918512217,0.0,285.0,197.0
675,5462,2022-06-05,Milwaukee Brewers,San Diego Padres,0,-123.0,114.0,0.5515695067264574,0.4672897196261682,0.5436445707963546,0.4563554292036453,-0.007924935930102794,-0.010934290422522919,False,False,0,0,0,0,0.0,0,5027.029918512217,0.0,285.0,197.0
676,6372,2022-08-13,Los Angeles Angels,Minnesota Twins,1,-102.0,-108.0,0.504950495049505,0.5192307692307693,0.5070984224138079,0.4929015775861922,0.002147927364302915,-0.026329191644577088,False,False,0,0,0,0,0.0,0,5027.029918512217,0.0,285.0,197.0
677,6704,2022-09-07,New York Yankees,Minnesota Twins,1,-192.0,175.0,0.6575342465753424,0.3636363636363636,0.6387273290650319,0.3612726709349681,-0.018806917510310495,-0.00236369270139547,False,False,0,0,0,0,0.0,0,5027.029918512217,0.0,285.0,197.0
678,5934,2022-07-10,Baltimore Orioles,Los Angeles Angels,1,103.0,-112.0,0.4926108374384236,0.5283018867924528,0.5578649952711084,0.4421350047288915,0.06525415783268484,-0.08616688206356132,True,False,0,1,0,0,251.35149592561083,0,4775.678422586606,0.0,285.0,198.0
679,8462,2023-05-29,Oakland Athletics,Atlanta Braves,1,212.0,-235.0,0.3205128205128205,0.7014925373134329,0.4182610557618667,0.5817389442381333,0.09774823524904619,-0.11975359307529954,True,False,0,1,0,0,251.35149592561083,0,4524.326926660995,0.0,285.0,199.0
680,5968,2022-07-12,Chicago Cubs,Baltimore Orioles,0,-112.0,103.0,0.5283018867924528,0.4926108374384236,0.4535911205379812,0.5464088794620188,-0.07471076625447165,0.05379804202359517,False,True,0,1,0,0,226.21634633304976,0,4298.110580327945,0.0,285.0,200.0
681,6680,2022-09-05,San Diego Padres,Arizona Diamondbacks,0,-208.0,192.0,0.6753246753246753,0.3424657534246575,0.6147243260426578,0.3852756739573422,-0.06060034928201752,0.042809920532684675,False,True,0,1,0,0,226.21634633304976,0,4071.8942339948953,0.0,285.0,201.0
682,8857,2023-06-28,New York Mets,Milwaukee Brewers,0,-145.0,134.0,0.5918367346938775,0.4273504273504273,0.6047361033461454,0.3952638966538546,0.012899368652267817,-0.03208653069657269,True,False,1,0,0,0,226.21634633304976,0,4375.024138081182,303.1299040862867,286.0,201.0
683,7830,2023-04-13,Tampa Bay Rays,Boston Red Sox,1,-215.0,196.0,0.6825396825396826,0.3378378378378378,0.6444142948804785,0.3555857051195214,-0.038125387659204035,0.01774786728168365,False,True,1,0,0,0,226.21634633304976,0,4480.241043352368,105.21690527118594,287.0,201.0
684,8814,2023-06-24,Colorado Rockies,Los Angeles Angels,0,138.0,-149.0,0.4201680672268907,0.5983935742971888,0.4578136431391028,0.5421863568608972,0.03764557591221207,-0.056207217436291534,True,False,1,0,0,0,226.21634633304976,0,4632.064094582603,151.82305123023474,288.0,201.0
685,562,2020-08-07,Milwaukee Brewers,Cincinnati Reds,0,111.0,-120.0,0.4739336492890995,0.5454545454545454,0.562415744825091,0.437584255174909,0.08848209553599157,-0.1078702902796364,True,False,1,0,0,0,231.60320472913014,0,4825.066765190211,193.00267060760845,289.0,201.0
686,6798,2022-09-14,Cleveland Guardians,Los Angeles Angels,1,-116.0,106.0,0.5370370370370371,0.4854368932038835,0.6336932880965993,0.3663067119034007,0.09665625105956221,-0.11913018130048281,True,False,0,1,0,0,231.60320472913014,0,4593.463560461081,0.0,289.0,202.0
687,6198,2022-08-01,Washington Nationals,New York Mets,0,221.0,-244.0,0.3115264797507788,0.7093023255813954,0.4185674732787507,0.5814325267212492,0.10704099352797192,-0.12786979886014616,True,False,1,0,0,0,231.60320472913014,0,4688.382906661544,94.91934620046318,290.0,202.0
688,5940,2022-07-10,Milwaukee Brewers,Pittsburgh Pirates,0,-167.0,153.0,0.6254681647940075,0.3952569169960474,0.6447868061499864,0.3552131938500136,0.01931864135597894,-0.04004372314603383,True,False,1,0,0,0,231.60320472913014,0,5042.7358098971135,354.3529032355691,291.0,202.0
689,5369,2022-05-30,Philadelphia Phillies,San Francisco Giants,0,-101.0,-109.0,0.5024875621890548,0.5215311004784688,0.4508065351420402,0.5491934648579597,-0.05168102704701455,0.027662364379490878,False,True,0,1,0,0,231.60320472913014,0,4811.1326051679835,0.0,291.0,203.0
690,751,2020-08-20,Seattle Mariners,Los Angeles Dodgers,0,228.0,-256.0,0.3048780487804878,0.7191011235955056,0.4185341707736307,0.5814658292263692,0.1136561219931429,-0.13763529436913635,True,False,1,0,0,0,240.5566302583992,0,4905.100038862671,93.96743369468719,292.0,203.0
691,6089,2022-07-24,Pittsburgh Pirates,Miami Marlins,0,161.0,-175.0,0.3831417624521073,0.6363636363636364,0.4540956674359179,0.5459043325640821,0.0709539049838106,-0.09045930379955425,True,False,1,0,0,0,240.5566302583992,0,5042.560970438899,137.4609315762281,293.0,203.0
692,8389,2023-05-24,Milwaukee Brewers,Houston Astros,1,-103.0,-107.0,0.5073891625615764,0.5169082125603864,0.4620094450988153,0.5379905549011847,-0.04537971746276109,0.02108234234079831,False,True,1,0,0,0,240.5566302583992,0,5276.111096903364,233.55012646446525,294.0,203.0
693,7091,2022-10-05,Oakland Athletics,Los Angeles Angels,1,212.0,-235.0,0.3205128205128205,0.7014925373134329,0.4580930925955255,0.5419069074044744,0.137580272082705,-0.15958562990895842,True,False,0,1,0,0,240.5566302583992,0,5035.554466644965,0.0,294.0,204.0
694,3363,2021-07-27,Chicago Cubs,Cincinnati Reds,0,-159.0,147.0,0.6138996138996139,0.4048582995951417,0.6244821511197993,0.3755178488802007,0.010582537220185428,-0.029340450714941013,True,False,1,0,0,0,240.5566302583992,0,5389.172713124812,353.6182464798468,295.0,204.0
695,3248,2021-07-18,Los Angeles Angels,Seattle Mariners,0,-123.0,113.0,0.5515695067264574,0.4694835680751174,0.5975654705641383,0.4024345294358616,0.0459959638376809,-0.06704903863925576,True,False,1,0,0,0,269.4586356562406,0,5693.660971416363,304.4882582915518,296.0,204.0
696,5410,2022-06-02,New York Yankees,Los Angeles Angels,1,-120.0,110.0,0.5454545454545454,0.4761904761904761,0.6277486466954858,0.3722513533045142,0.08229410124094039,-0.10393912288596191,True,False,0,1,0,0,269.4586356562406,0,5424.202335760123,0.0,296.0,205.0
697,6172,2022-07-30,Cincinnati Reds,Baltimore Orioles,1,-105.0,-105.0,0.5121951219512195,0.5121951219512195,0.4594654336963918,0.5405345663036082,-0.05272968825482771,0.028339444352388665,False,True,1,0,0,0,269.4586356562406,0,5680.8296078136855,256.6272720535624,297.0,205.0
698,7886,2023-04-17,Houston Astros,Toronto Blue Jays,1,112.0,-122.0,0.4716981132075472,0.5495495495495496,0.5002316288023254,0.4997683711976745,0.028533515594778236,-0.04978117835187512,True,False,0,1,0,0,269.4586356562406,0,5411.370972157445,0.0,297.0,206.0
699,8059,2023-04-29,Colorado Rockies,Arizona Diamondbacks,0,102.0,-112.0,0.495049504950495,0.5283018867924528,0.4281452036474434,0.5718547963525565,-0.06690430130305158,0.043552909560103714,False,True,0,1,0,0,269.4586356562406,0,5141.912336501205,0.0,297.0,207.0
700,2767,2021-06-11,Miami Marlins,Atlanta Braves,1,117.0,-127.0,0.4608294930875576,0.5594713656387665,0.5001644668870652,0.4998355331129348,0.03933497379950757,-0.05963583252583171,True,False,0,1,0,0,257.09561682506023,0,4884.816719676144,0.0,297.0,208.0
701,5856,2022-07-04,Cincinnati Reds,New York Mets,0,150.0,-164.0,0.4,0.6212121212121212,0.4230230650261472,0.5769769349738528,0.023023065026147205,-0.04423518623826839,True,False,1,0,0,0,257.09561682506023,0,5041.582339691425,156.76562001528063,298.0,208.0
702,2760,2021-06-11,Washington Nationals,San Francisco Giants,0,-172.0,158.0,0.6323529411764706,0.3875968992248062,0.4828199171169985,0.5171800828830015,-0.14953302405947205,0.12958318365819532,False,True,0,1,0,0,257.09561682506023,0,4784.486722866364,0.0,298.0,209.0
703,1991,2021-04-16,Chicago Cubs,Atlanta Braves,0,118.0,-128.0,0.4587155963302752,0.5614035087719298,0.5241179433078275,0.4758820566921725,0.06540234697755226,-0.08552145207975731,True,False,1,0,0,0,257.09561682506023,0,4985.342673510942,200.85595064457831,299.0,209.0
704,927,2020-09-01,Philadelphia Phillies,Washington Nationals,1,-143.0,131.0,0.588477366255144,0.4329004329004329,0.6374848448080337,0.3625151551919663,0.04900747855288967,-0.07038527770846659,True,False,0,1,0,0,257.09561682506023,0,4728.247056685882,0.0,299.0,210.0
705,444,2020-07-30,Atlanta Braves,Tampa Bay Rays,1,-132.0,122.0,0.5689655172413793,0.4504504504504504,0.5005627282955121,0.499437271704488,-0.06840278894586727,0.04898682125403758,False,True,1,0,0,0,236.4123528342941,0,4907.34732398459,179.10026729870765,300.0,210.0
706,2216,2021-05-02,New York Yankees,Detroit Tigers,1,-233.0,212.0,0.6996996996996997,0.3205128205128205,0.6507069987753535,0.3492930012246465,-0.048992700924346155,0.02878018071182603,False,True,1,0,0,0,236.4123528342941,0,5008.811853098021,101.46452911343094,301.0,210.0
707,6882,2022-09-20,Baltimore Orioles,Detroit Tigers,0,-193.0,177.0,0.658703071672355,0.3610108303249097,0.6061452498202953,0.3938547501797046,-0.052557821852059705,0.0328439198547949,False,True,0,1,0,0,236.4123528342941,0,4772.399500263727,0.0,301.0,211.0
708,5143,2022-05-14,Pittsburgh Pirates,Cincinnati Reds,1,102.0,-112.0,0.495049504950495,0.5283018867924528,0.5046200845353059,0.495379915464694,0.009570579584810945,-0.032921971327758814,False,False,0,0,0,0,0.0,0,4772.399500263727,0.0,301.0,211.0
709,8572,2023-06-07,San Diego Padres,Seattle Mariners,1,-112.0,102.0,0.5283018867924528,0.495049504950495,0.5355329455522123,0.4644670544477877,0.00723105875975949,-0.030582450502707303,False,False,0,0,0,0,0.0,0,4772.399500263727,0.0,301.0,211.0
710,8267,2023-05-15,Boston Red Sox,Seattle Mariners,0,108.0,-118.0,0.4807692307692308,0.5412844036697247,0.4833951236492172,0.5166048763507828,0.0026258928799864356,-0.024679527318941963,False,False,0,0,0,0,0.0,0,4772.399500263727,0.0,301.0,211.0
711,6999,2022-09-29,Detroit Tigers,Kansas City Royals,1,-133.0,123.0,0.5708154506437768,0.4484304932735426,0.608269813660123,0.391730186339877,0.03745436301634619,-0.05670030693366562,True,False,0,1,0,0,238.61997501318635,0,4533.77952525054,0.0,301.0,212.0
712,8797,2023-06-23,San Diego Padres,Washington Nationals,1,-275.0,245.0,0.7333333333333333,0.2898550724637681,0.6488104515963626,0.3511895484036373,-0.08452288173697065,0.06133447593986918,False,True,1,0,0,0,238.61997501318635,0,4620.5504252553355,86.77090000479504,302.0,212.0
713,4888,2022-04-26,Atlanta Braves,Chicago Cubs,1,-164.0,150.0,0.6212121212121212,0.4,0.5708068413497978,0.4291931586502023,-0.05040527986232346,0.029193158650202278,False,True,1,0,0,0,238.61997501318635,0,4766.050410019474,145.49998476413802,303.0,212.0
714,8384,2023-05-23,Seattle Mariners,Oakland Athletics,1,-220.0,200.0,0.6875,0.3333333333333333,0.6510167754687304,0.3489832245312696,-0.03648322453126962,0.015649891197936305,False,True,1,0,0,0,238.61997501318635,0,4874.514035025468,108.46362500599379,304.0,212.0
715,6480,2022-08-21,Minnesota Twins,Texas Rangers,0,-192.0,176.0,0.6575342465753424,0.3623188405797101,0.6233079606581775,0.3766920393418225,-0.03422628591716492,0.014373198762112405,False,True,0,1,0,0,243.7257017512734,0,4630.788333274195,0.0,304.0,213.0
716,5201,2022-05-18,Oakland Athletics,Minnesota Twins,0,143.0,-154.0,0.411522633744856,0.6062992125984252,0.4658210349662352,0.5341789650337647,0.054298401221379244,-0.07212024756466051,True,False,1,0,0,0,243.7257017512734,0,4789.051775969827,158.26344269563208,305.0,213.0
717,4936,2022-04-29,Los Angeles Dodgers,Detroit Tigers,1,-217.0,200.0,0.6845425867507886,0.3333333333333333,0.6491681121890169,0.350831887810983,-0.035374474561771674,0.017498554477649697,False,True,1,0,0,0,243.7257017512734,0,4901.367767560276,112.31599159044856,306.0,213.0
718,7818,2023-04-12,Chicago Cubs,Seattle Mariners,0,-105.0,-105.0,0.5121951219512195,0.5121951219512195,0.6197060218110557,0.3802939781889443,0.1075108998598362,-0.13190114376227524,True,False,1,0,0,0,243.7257017512734,0,5133.48748351387,232.1197159535937,307.0,213.0
719,6144,2022-07-28,Pittsburgh Pirates,Philadelphia Phillies,0,170.0,-185.0,0.3703703703703703,0.6491228070175439,0.4239209496752043,0.5760790503247957,0.05355057930483398,-0.07304375669274821,True,False,1,0,0,0,243.7257017512734,0,5265.231106082126,131.7436225682559,308.0,213.0
720,4911,2022-04-28,Pittsburgh Pirates,Milwaukee Brewers,0,152.0,-164.0,0.3968253968253968,0.6212121212121212,0.4236877395048765,0.5763122604951235,0.026862342679479678,-0.0448998607169977,True,False,1,0,0,0,263.2615553041063,0,5425.756444682191,160.52533860006483,309.0,213.0
721,4751,2022-04-16,Pittsburgh Pirates,Washington Nationals,1,-112.0,102.0,0.5283018867924528,0.495049504950495,0.5615654373851553,0.4384345626148446,0.03326355059270247,-0.0566149423356504,True,False,0,1,0,0,263.2615553041063,0,5162.494889378085,0.0,309.0,214.0
722,8188,2023-05-09,Atlanta Braves,Boston Red Sox,1,-177.0,163.0,0.6389891696750902,0.3802281368821292,0.6191201102063373,0.3808798897936626,-0.019869059468752948,0.0006517529115334098,False,False,0,0,0,0,0.0,0,5162.494889378085,0.0,309.0,214.0
723,8097,2023-05-02,Oakland Athletics,Seattle Mariners,0,124.0,-134.0,0.4464285714285714,0.5726495726495726,0.4249614074749966,0.5750385925250032,-0.021467163953574786,0.002389019875430609,False,False,0,0,0,0,0.0,0,5162.494889378085,0.0,309.0,214.0
724,2862,2021-06-18,Texas Rangers,Minnesota Twins,0,149.0,-161.0,0.4016064257028112,0.6168582375478927,0.4454915929398723,0.5545084070601276,0.043885167237061096,-0.0623498304877651,True,False,1,0,0,0,263.2615553041063,0,5326.011383355791,163.51649397770578,310.0,214.0
725,5202,2022-05-18,Los Angeles Dodgers,Arizona Diamondbacks,1,-270.0,241.0,0.7297297297297297,0.2932551319648094,0.6504788190195732,0.3495211809804268,-0.07925091071015655,0.05626604901561738,False,True,1,0,0,0,266.30056916778955,0,5424.641223788305,98.62984043251464,311.0,214.0
726,2053,2021-04-20,Miami Marlins,Baltimore Orioles,0,-118.0,108.0,0.5412844036697247,0.4807692307692308,0.6218042762779135,0.3781957237220865,0.08051987260818871,-0.1025735070471443,True,False,1,0,0,0,266.30056916778955,0,5712.245838489518,287.6046147012127,312.0,214.0
727,8011,2023-04-26,Arizona Diamondbacks,Kansas City Royals,1,-255.0,228.0,0.7183098591549296,0.3048780487804878,0.6489682715298111,0.3510317284701889,-0.06934158762511855,0.04615367968970108,False,True,1,0,0,0,266.30056916778955,0,5816.677434241592,104.43159575207433,313.0,214.0
728,8112,2023-05-03,Kansas City Royals,Baltimore Orioles,1,138.0,-149.0,0.4201680672268907,0.5983935742971888,0.4195736781594771,0.5804263218405229,-0.0005943890674136032,-0.01796725245666586,False,False,0,0,0,0,0.0,0,5816.677434241592,0.0,313.0,214.0
729,3645,2021-08-16,Colorado Rockies,San Diego Padres,1,122.0,-132.0,0.4504504504504504,0.5689655172413793,0.4294781725961532,0.5705218274038468,-0.020972277854297228,0.001556310162467489,False,False,0,0,0,0,0.0,0,5816.677434241592,0.0,313.0,214.0
730,2145,2021-04-27,Pittsburgh Pirates,Kansas City Royals,1,-105.0,-105.0,0.5121951219512195,0.5121951219512195,0.4754692163307733,0.5245307836692267,-0.0367259056204462,0.012335661718007151,False,True,1,0,0,0,290.8338717120796,0,6093.662073967382,276.9846397257901,314.0,214.0
731,2263,2021-05-05,New York Yankees,Houston Astros,1,-135.0,125.0,0.574468085106383,0.4444444444444444,0.5974720842750757,0.4025279157249243,0.023003999168692668,-0.04191652871952012,True,False,0,1,0,0,290.8338717120796,0,5802.828202255302,0.0,314.0,215.0
732,6315,2022-08-09,Oakland Athletics,Los Angeles Angels,0,161.0,-175.0,0.3831417624521073,0.6363636363636364,0.4598803032267976,0.5401196967732025,0.07673854077469033,-0.09624393959043387,True,False,1,0,0,0,290.8338717120796,0,5969.018986090776,166.19078383547404,315.0,215.0
733,5857,2022-07-04,San Diego Padres,Seattle Mariners,0,-182.0,166.0,0.6453900709219859,0.3759398496240601,0.6114939740140086,0.3885060259859913,-0.033896096907977236,0.012566176361931247,False,True,0,1,0,0,290.8338717120796,0,5678.185114378696,0.0,315.0,216.0
734,5672,2022-06-21,Boston Red Sox,Detroit Tigers,1,-196.0,181.0,0.6621621621621622,0.3558718861209964,0.6456403932819749,0.3543596067180251,-0.016521768880187304,-0.0015122794029713282,False,False,0,0,0,0,0.0,0,5678.185114378696,0.0,315.0,216.0
735,6622,2022-09-01,Washington Nationals,Oakland Athletics,1,-115.0,105.0,0.5348837209302325,0.4878048780487805,0.5120420555664581,0.4879579444335419,-0.02284166536377441,0.00015306638476142442,False,False,0,0,0,0,0.0,0,5678.185114378696,0.0,315.0,216.0
736,8725,2023-06-18,Boston Red Sox,New York Yankees,1,-125.0,115.0,0.5555555555555556,0.4651162790697674,0.5494711918278647,0.4505288081721353,-0.0060843637276908336,-0.014587470897632071,False,False,0,0,0,0,0.0,0,5678.185114378696,0.0,315.0,216.0
737,2430,2021-05-18,Cincinnati Reds,San Francisco Giants,0,-114.0,104.0,0.5327102803738317,0.4901960784313725,0.4539002020572918,0.5460997979427081,-0.07881007831653991,0.05590371951133566,False,True,0,1,0,0,283.90925571893484,0,5394.275858659761,0.0,315.0,217.0
738,3919,2021-09-05,Los Angeles Angels,Texas Rangers,0,-123.0,113.0,0.5515695067264574,0.4694835680751174,0.6352359668955117,0.3647640331044883,0.08366646016905421,-0.10471953497062908,True,False,1,0,0,0,283.90925571893484,0,5715.093317622157,320.81745896239636,316.0,217.0
739,4034,2021-09-14,Toronto Blue Jays,Tampa Bay Rays,0,-130.0,120.0,0.5652173913043478,0.4545454545454545,0.5228918946801991,0.4771081053198008,-0.04232549662414864,0.022562650774346327,False,True,0,1,0,0,283.90925571893484,0,5431.184061903222,0.0,316.0,218.0
740,5242,2022-05-21,Boston Red Sox,Seattle Mariners,1,-159.0,146.0,0.6138996138996139,0.4065040650406504,0.6367129748079553,0.3632870251920447,0.022813360908341407,-0.0432170398486057,True,False,0,1,0,0,271.5592030951611,0,5159.624858808061,0.0,316.0,219.0
741,5914,2022-07-08,Arizona Diamondbacks,Colorado Rockies,0,-164.0,150.0,0.6212121212121212,0.4,0.58459664280036,0.41540335719964,-0.03661547841176127,0.015403357199639978,False,True,0,1,0,0,271.5592030951611,0,4888.0656557129,0.0,316.0,220.0
742,8056,2023-04-29,Texas Rangers,New York Yankees,1,-144.0,133.0,0.5901639344262295,0.4291845493562232,0.5258768448053974,0.4741231551946025,-0.06428708962083207,0.04493860583837933,False,True,1,0,0,0,271.5592030951611,0,5076.648435640095,188.5827799271952,317.0,220.0
743,8212,2023-05-11,Cincinnati Reds,New York Mets,1,170.0,-185.0,0.3703703703703703,0.6491228070175439,0.4361190968559897,0.5638809031440102,0.06574872648561941,-0.0852419038735337,True,False,0,1,0,0,271.5592030951611,0,4805.089232544934,0.0,317.0,221.0
744,8049,2023-04-29,Minnesota Twins,Kansas City Royals,0,-220.0,200.0,0.6875,0.3333333333333333,0.6507108732189963,0.3492891267810037,-0.036789126781003656,0.015955793447670397,False,True,0,1,0,0,271.5592030951611,0,4533.530029449773,0.0,317.0,222.0
745,5330,2022-05-27,Oakland Athletics,Texas Rangers,0,118.0,-128.0,0.4587155963302752,0.5614035087719298,0.5050660401154692,0.4949339598845308,0.046350443785193984,-0.06646954888739898,True,False,1,0,0,0,226.67650147248867,0,4710.621046225155,177.09101677538177,318.0,222.0
746,8794,2023-06-23,Cleveland Guardians,Milwaukee Brewers,0,-144.0,133.0,0.5901639344262295,0.4291845493562232,0.6185464129668736,0.3814535870331263,0.02838247854064413,-0.04773096232309687,True,False,1,0,0,0,226.67650147248867,0,5012.100793183565,301.4797469584099,319.0,222.0
747,5537,2022-06-11,Cleveland Guardians,Oakland Athletics,0,-115.0,105.0,0.5348837209302325,0.4878048780487805,0.6445429833442016,0.3554570166557984,0.10965926241396906,-0.1323478613929821,True,False,1,0,0,0,226.67650147248867,0,5250.111119729678,238.0103265461131,320.0,222.0
748,5562,2022-06-13,Washington Nationals,Atlanta Braves,0,139.0,-152.0,0.4184100418410041,0.6031746031746031,0.4233224716071935,0.5766775283928065,0.004912429766189386,-0.026497074781796637,False,False,0,0,0,0,0.0,0,5250.111119729678,0.0,320.0,222.0
749,7855,2023-04-15,Toronto Blue Jays,Tampa Bay Rays,1,-108.0,-102.0,0.5192307692307693,0.504950495049505,0.4674721560470606,0.5325278439529393,-0.05175861318370867,0.02757734890343433,False,True,1,0,0,0,226.67650147248867,0,5459.996769241241,209.88564951156357,321.0,222.0
750,8807,2023-06-24,Cincinnati Reds,Atlanta Braves,0,127.0,-137.0,0.4405286343612334,0.5780590717299579,0.4326096043911144,0.5673903956088855,-0.007919029970119007,-0.010668676121072362,False,False,0,0,0,0,0.0,0,5459.996769241241,0.0,321.0,222.0
751,7975,2023-04-23,Los Angeles Angels,Kansas City Royals,1,-205.0,188.0,0.6721311475409836,0.3472222222222222,0.6476382226924253,0.3523617773075747,-0.02449292484855825,0.005139555085352465,False,False,0,0,0,0,0.0,0,5459.996769241241,0.0,321.0,222.0
752,3684,2021-08-19,Arizona Diamondbacks,Philadelphia Phillies,1,175.0,-189.0,0.3636363636363636,0.6539792387543253,0.4391832319240074,0.5608167680759926,0.07554686828764379,-0.09316247067833272,True,False,0,1,0,0,272.9998384620621,0,5186.996930779179,0.0,321.0,223.0
753,8837,2023-06-27,Pittsburgh Pirates,San Diego Padres,1,167.0,-182.0,0.3745318352059925,0.6453900709219859,0.446992651711368,0.553007348288632,0.0724608165053755,-0.0923827226333539,True,False,0,1,0,0,272.9998384620621,0,4913.997092317117,0.0,321.0,224.0
754,8230,2023-05-12,Arizona Diamondbacks,San Francisco Giants,1,105.0,-115.0,0.4878048780487805,0.5348837209302325,0.5125881997274069,0.487411800272593,0.024783321678626402,-0.0474719206576395,True,False,0,1,0,0,272.9998384620621,0,4640.997253855055,0.0,321.0,225.0
755,2115,2021-04-24,Los Angeles Dodgers,San Diego Padres,1,-143.0,132.0,0.588477366255144,0.4310344827586206,0.6088365951156955,0.3911634048843045,0.020359228860551526,-0.039871077874316097,True,False,0,1,0,0,232.04986269275275,0,4408.947391162302,0.0,321.0,226.0
756,6995,2022-09-28,Los Angeles Angels,Oakland Athletics,1,-181.0,166.0,0.6441281138790036,0.3759398496240601,0.6403532405277256,0.3596467594722744,-0.0037748733512780186,-0.01629309015178565,False,False,0,0,0,0,0.0,0,4408.947391162302,0.0,321.0,226.0
757,6972,2022-09-27,Washington Nationals,Atlanta Braves,0,206.0,-228.0,0.326797385620915,0.6951219512195121,0.4186837626098576,0.5813162373901424,0.09188637698894264,-0.11380571382936977,True,False,1,0,0,0,232.04986269275275,0,4510.723646729299,101.77625556699681,322.0,226.0
758,7915,2023-04-19,Kansas City Royals,Texas Rangers,0,-111.0,101.0,0.5260663507109005,0.4975124378109453,0.4212107189319243,0.5787892810680757,-0.10485563177897617,0.08127684325713042,False,True,0,1,0,0,232.04986269275275,0,4278.673784036546,0.0,322.0,227.0
759,6860,2022-09-18,Houston Astros,Oakland Athletics,1,-350.0,310.0,0.7777777777777778,0.2439024390243902,0.6491560731245589,0.3508439268754411,-0.12862170465321887,0.10694148785105087,False,True,1,0,0,0,232.04986269275275,0,4344.973744805904,66.29996076935792,323.0,227.0
760,2906,2021-06-21,Baltimore Orioles,Houston Astros,0,150.0,-164.0,0.4,0.6212121212121212,0.4200022419228199,0.57999775807718,0.020002241922819852,-0.0412143631349412,True,False,1,0,0,0,217.24868724029523,0,4477.442456537791,132.46871173188734,324.0,227.0
761,1263,2020-09-24,Washington Nationals,New York Mets,0,-110.0,100.0,0.5238095238095238,0.5,0.55989918764961,0.44010081235039,0.03608966384008616,-0.05989918764961,True,False,1,0,0,0,217.24868724029523,0,4694.691143778086,217.24868724029523,325.0,227.0
762,8495,2023-06-01,Toronto Blue Jays,Milwaukee Brewers,1,-189.0,174.0,0.6539792387543253,0.364963503649635,0.5997492668121462,0.4002507331878537,-0.054229971942179045,0.03528722953821872,False,True,1,0,0,0,217.24868724029523,0,4809.637539143322,114.94639536523556,326.0,227.0
763,1062,2020-09-10,Miami Marlins,Philadelphia Phillies,1,100.0,-110.0,0.5,0.5238095238095238,0.4665853548585783,0.5334146451414217,-0.03341464514142167,0.009605121331897837,False,False,0,0,0,0,0.0,0,4809.637539143322,0.0,326.0,227.0
764,2422,2021-05-17,Atlanta Braves,New York Mets,0,-127.0,116.0,0.5594713656387665,0.4629629629629629,0.6049791751615465,0.3950208248384534,0.045507809522779996,-0.0679421381245095,True,False,1,0,0,0,217.24868724029523,0,5061.646016342064,252.00847719874244,327.0,227.0
765,1252,2020-09-23,Cincinnati Reds,Milwaukee Brewers,1,-159.0,146.0,0.6138996138996139,0.4065040650406504,0.5658893913483608,0.4341106086516392,-0.04801022255125309,0.0276065436109888,False,True,1,0,0,0,253.08230081710323,0,5220.817274717601,159.1712583755366,328.0,227.0
766,2337,2021-05-11,Detroit Tigers,Kansas City Royals,1,117.0,-127.0,0.4608294930875576,0.5594713656387665,0.5262123967073475,0.4737876032926524,0.06538290361978993,-0.08568376234611413,True,False,0,1,0,0,253.08230081710323,0,4967.7349739004985,0.0,328.0,228.0
767,958,2020-09-03,Boston Red Sox,Toronto Blue Jays,0,113.0,-123.0,0.4694835680751174,0.5515695067264574,0.4380449031802915,0.5619550968197085,-0.031438664894825885,0.010385590093251018,False,True,0,1,0,0,253.08230081710323,0,4714.652673083396,0.0,328.0,229.0
768,7075,2022-10-04,Cleveland Guardians,Kansas City Royals,1,-174.0,160.0,0.635036496350365,0.3846153846153846,0.6260577170020392,0.3739422829979609,-0.008978779348325805,-0.010673101617423686,False,False,0,0,0,0,0.0,0,4714.652673083396,0.0,328.0,229.0
769,8410,2023-05-26,Chicago Cubs,Cincinnati Reds,0,-165.0,152.0,0.6226415094339622,0.3968253968253968,0.6131393604486399,0.38686063955136,-0.009502148985322312,-0.009964757274036784,False,False,0,0,0,0,0.0,0,4714.652673083396,0.0,328.0,229.0
770,5225,2022-05-20,Philadelphia Phillies,Los Angeles Dodgers,0,131.0,-143.0,0.4329004329004329,0.588477366255144,0.4222456154001824,0.5777543845998175,-0.01065481750025049,-0.01072298165532648,False,False,0,0,0,0,0.0,0,4714.652673083396,0.0,328.0,229.0
771,2181,2021-04-29,Milwaukee Brewers,Los Angeles Dodgers,1,184.0,-200.0,0.352112676056338,0.6666666666666666,0.4195891189108164,0.5804108810891835,0.0674764428544784,-0.08625578557748315,True,False,0,1,0,0,235.7326336541698,0,4478.920039429226,0.0,328.0,230.0
772,5795,2022-06-30,Houston Astros,New York Yankees,1,109.0,-119.0,0.4784688995215311,0.54337899543379,0.4705212242367493,0.5294787757632506,-0.007947675284781797,-0.013900219670539338,False,False,0,0,0,0,0.0,0,4478.920039429226,0.0,328.0,230.0
773,3357,2021-07-27,Philadelphia Phillies,Washington Nationals,0,-120.0,110.0,0.5454545454545454,0.4761904761904761,0.5977116544870302,0.4022883455129697,0.052257109032484816,-0.0739021306775064,True,False,1,0,0,0,235.7326336541698,0,4738.225936448813,259.3058970195868,329.0,230.0
774,8551,2023-06-05,Pittsburgh Pirates,Oakland Athletics,1,-185.0,170.0,0.6491228070175439,0.3703703703703703,0.6503409983355473,0.3496590016644528,0.001218191318003381,-0.0207113687059175,False,False,0,0,0,0,0.0,0,4738.225936448813,0.0,329.0,230.0
775,5293,2022-05-24,San Diego Padres,Milwaukee Brewers,0,119.0,-130.0,0.45662100456621,0.5652173913043478,0.4866863498704059,0.5133136501295941,0.030065345304195856,-0.051903741174753715,True,False,1,0,0,0,236.91129682244065,0,4920.465395542998,182.23945909418512,330.0,230.0
